gene_id	baseMn	l2fc	lfcSE	stat	pval	padj	fdr
A1BG	34.0	0.02	0.22	0.0891	0.929	1.0	0.9995901155158834
A2M	1140.0	-0.07	0.12	-0.595	0.552	1.0	0.9995901155158834
A2ML1	0.668	0.37	1.61	0.233	0.816	1.0	0.9995901155158834
A4GALT	9.66	0.52	0.43	1.2	0.229	1.0	0.9995901155158834
AAAS	145.0	0.05	0.13	0.372	0.71	1.0	0.9995901155158834
AACS	247.0	-0.2	0.1	-2.03	0.0419	1.0	0.9995901155158834
AADAC	0.593	-0.11	1.41	-0.0773	0.938	1.0	0.9995901155158834
AADAT	58.5	0.02	0.17	0.0916	0.927	1.0	0.9995901155158834
AAGAB	951.0	0.05	0.09	0.542	0.588	1.0	0.9995901155158834
AAK1	1070.0	0.02	0.1	0.154	0.877	1.0	0.9995901155158834
AAMDC	178.0	-0.09	0.14	-0.63	0.529	1.0	0.9995901155158834
AAMP	443.0	-0.0	0.07	-0.0655	0.948	1.0	0.9995901155158834
AAR2	145.0	-0.02	0.15	-0.141	0.888	1.0	0.9995901155158834
AARD	5.59	0.19	0.46	0.401	0.689	1.0	0.9995901155158834
AARS1	1050.0	-0.06	0.09	-0.62	0.535	1.0	0.9995901155158834
AARS2	168.0	0.0	0.13	0.00339	0.997	1.0	0.9995901155158834
AARSD1	295.0	-0.09	0.11	-0.785	0.433	1.0	0.9995901155158834
AASDH	63.4	-0.1	0.16	-0.67	0.503	1.0	0.9995901155158834
AASDHPPT	423.0	0.15	0.12	1.2	0.229	1.0	0.9995901155158834
AASS	193.0	0.1	0.16	0.624	0.533	1.0	0.9995901155158834
AATF	1240.0	-0.06	0.13	-0.482	0.63	1.0	0.9995901155158834
AATK	33.1	0.03	0.21	0.139	0.889	1.0	0.9995901155158834
ABAT	11.6	0.42	0.37	1.14	0.252	1.0	0.9995901155158834
ABCA1	356.0	0.01	0.14	0.0934	0.926	1.0	0.9995901155158834
ABCA10	25.9	0.07	0.22	0.337	0.736	1.0	0.9995901155158834
ABCA2	47.4	-0.15	0.18	-0.83	0.407	1.0	0.9995901155158834
ABCA3	186.0	0.1	0.12	0.818	0.413	1.0	0.9995901155158834
ABCA4	64.8	0.27	0.15	1.83	0.0679	1.0	0.9995901155158834
ABCA5	159.0	0.21	0.1	1.99	0.0467	1.0	0.9995901155158834
ABCA6	3.68	0.86	0.62	1.38	0.169	1.0	0.9995901155158834
ABCA7	30.8	-0.27	0.26	-1.03	0.303	1.0	0.9995901155158834
ABCA8	0.434	0.52	1.99	0.26	0.795	1.0	0.9995901155158834
ABCA9	8.68	-0.35	0.44	-0.788	0.43	1.0	0.9995901155158834
ABCB1	3.13	0.1	0.75	0.138	0.89	1.0	0.9995901155158834
ABCB10	322.0	0.09	0.09	0.984	0.325	1.0	0.9995901155158834
ABCB11	0.398	0.79	1.71	0.459	0.646	1.0	0.9995901155158834
ABCB4	14.4	-0.16	0.3	-0.537	0.591	1.0	0.9995901155158834
ABCB5	1.62	-1.45	1.17	-1.24	0.216	1.0	0.9995901155158834
ABCB6	66.9	0.05	0.16	0.295	0.768	1.0	0.9995901155158834
ABCB7	236.0	-0.05	0.09	-0.616	0.538	1.0	0.9995901155158834
ABCB8	43.1	0.27	0.25	1.04	0.296	1.0	0.9995901155158834
ABCB9	5.99	-0.41	0.48	-0.853	0.393	1.0	0.9995901155158834
ABCC1	333.0	0.05	0.09	0.583	0.56	1.0	0.9995901155158834
ABCC10	144.0	-0.0	0.15	-0.00403	0.997	1.0	0.9995901155158834
ABCC11	1.03	0.34	1.21	0.277	0.782	1.0	0.9995901155158834
ABCC2	12.9	-0.32	0.31	-1.03	0.303	1.0	0.9995901155158834
ABCC4	171.0	0.18	0.19	0.92	0.357	1.0	0.9995901155158834
ABCC5	306.0	-0.06	0.12	-0.477	0.633	1.0	0.9995901155158834
ABCC6	3.27	0.01	1.39	0.0103	0.992	1.0	0.9995901155158834
ABCC9	26.9	0.52	0.29	1.8	0.072	1.0	0.9995901155158834
ABCD1	66.1	-0.11	0.19	-0.564	0.573	1.0	0.9995901155158834
ABCD3	357.0	0.1	0.09	1.15	0.25	1.0	0.9995901155158834
ABCD4	379.0	-0.06	0.1	-0.565	0.572	1.0	0.9995901155158834
ABCE1	1640.0	0.02	0.07	0.328	0.743	1.0	0.9995901155158834
ABCF1	1500.0	-0.06	0.11	-0.574	0.566	1.0	0.9995901155158834
ABCF2	217.0	-0.03	0.11	-0.275	0.783	1.0	0.9995901155158834
ABCF2-H2BE1	246.0	-0.18	0.14	-1.32	0.188	1.0	0.9995901155158834
ABCF3	373.0	-0.02	0.09	-0.21	0.834	1.0	0.9995901155158834
ABCG1	51.8	0.11	0.22	0.51	0.61	1.0	0.9995901155158834
ABCG2	137.0	-0.05	0.17	-0.328	0.743	1.0	0.9995901155158834
ABCG4	1.12	-1.39	1.14	-1.22	0.223	1.0	0.9995901155158834
ABCG8	2.51	-0.52	0.84	-0.621	0.535	1.0	0.9995901155158834
ABHD1	0.532	2.66	2.01	1.33	0.185	1.0	0.9995901155158834
ABHD10	264.0	0.11	0.11	1.01	0.31	1.0	0.9995901155158834
ABHD11	13.7	0.09	0.34	0.276	0.782	1.0	0.9995901155158834
ABHD12	207.0	-0.04	0.13	-0.328	0.743	1.0	0.9995901155158834
ABHD13	310.0	0.02	0.1	0.157	0.875	1.0	0.9995901155158834
ABHD14A	7.81	-0.04	0.45	-0.084	0.933	1.0	0.9995901155158834
ABHD14A-ACY1	4.31	2.59	2.56	1.01	0.311	1.0	0.9995901155158834
ABHD14B	43.6	0.16	0.2	0.816	0.415	1.0	0.9995901155158834
ABHD15	36.5	-0.04	0.22	-0.168	0.866	1.0	0.9995901155158834
ABHD16A	243.0	-0.04	0.1	-0.363	0.716	1.0	0.9995901155158834
ABHD16B	4.46	0.1	0.61	0.159	0.874	1.0	0.9995901155158834
ABHD17A	232.0	-0.07	0.19	-0.344	0.731	1.0	0.9995901155158834
ABHD17B	144.0	0.07	0.11	0.633	0.527	1.0	0.9995901155158834
ABHD17C	147.0	0.11	0.17	0.639	0.523	1.0	0.9995901155158834
ABHD18	107.0	-0.22	0.16	-1.35	0.176	1.0	0.9995901155158834
ABHD2	383.0	0.03	0.1	0.354	0.724	1.0	0.9995901155158834
ABHD3	26.1	0.04	0.28	0.15	0.881	1.0	0.9995901155158834
ABHD4	107.0	-0.21	0.16	-1.33	0.185	1.0	0.9995901155158834
ABHD5	118.0	0.04	0.12	0.33	0.742	1.0	0.9995901155158834
ABHD6	107.0	0.06	0.14	0.442	0.658	1.0	0.9995901155158834
ABHD8	9.85	0.08	0.42	0.192	0.847	1.0	0.9995901155158834
ABI1	698.0	0.0	0.07	0.0107	0.991	1.0	0.9995901155158834
ABI2	1180.0	0.07	0.09	0.804	0.421	1.0	0.9995901155158834
ABI3	93.1	-0.01	0.18	-0.0386	0.969	1.0	0.9995901155158834
ABI3BP	0.629	0.78	1.47	0.528	0.597	1.0	0.9995901155158834
ABITRAM	62.9	-0.13	0.17	-0.796	0.426	1.0	0.9995901155158834
ABL1	616.0	-0.02	0.1	-0.182	0.856	1.0	0.9995901155158834
ABL2	1530.0	0.08	0.1	0.806	0.42	1.0	0.9995901155158834
ABLIM1	1250.0	0.08	0.11	0.699	0.484	1.0	0.9995901155158834
ABLIM2	3.7	1.14	0.71	1.61	0.108	1.0	0.9995901155158834
ABLIM3	105.0	-0.03	0.14	-0.234	0.815	1.0	0.9995901155158834
ABO	41.0	-0.01	0.22	-0.0598	0.952	1.0	0.9995901155158834
ABR	556.0	-0.01	0.08	-0.0609	0.951	1.0	0.9995901155158834
ABRACL	3120.0	0.11	0.11	1.04	0.3	1.0	0.9995901155158834
ABRAXAS1	112.0	0.13	0.13	0.978	0.328	1.0	0.9995901155158834
ABRAXAS2	194.0	-0.09	0.12	-0.806	0.42	1.0	0.9995901155158834
ABT1	334.0	-0.09	0.11	-0.824	0.41	1.0	0.9995901155158834
ABTB1	8.46	0.21	0.37	0.571	0.568	1.0	0.9995901155158834
ABTB2	242.0	0.1	0.25	0.388	0.698	1.0	0.9995901155158834
ACAA1	206.0	-0.11	0.13	-0.85	0.395	1.0	0.9995901155158834
ACAA2	871.0	-0.05	0.08	-0.675	0.5	1.0	0.9995901155158834
ACACA	810.0	-0.03	0.1	-0.254	0.799	1.0	0.9995901155158834
ACACB	14.3	0.07	0.31	0.212	0.832	1.0	0.9995901155158834
ACAD10	46.3	0.01	0.16	0.0871	0.931	1.0	0.9995901155158834
ACAD11	66.9	0.2	0.16	1.27	0.205	1.0	0.9995901155158834
ACAD8	112.0	0.01	0.15	0.0485	0.961	1.0	0.9995901155158834
ACAD9	193.0	0.05	0.1	0.505	0.613	1.0	0.9995901155158834
ACADM	658.0	0.01	0.08	0.0806	0.936	1.0	0.9995901155158834
ACADS	15.8	-0.02	0.37	-0.0534	0.957	1.0	0.9995901155158834
ACADSB	125.0	-0.24	0.15	-1.53	0.125	1.0	0.9995901155158834
ACADVL	763.0	-0.03	0.08	-0.39	0.697	1.0	0.9995901155158834
ACAN	1.46	0.35	1.06	0.335	0.738	1.0	0.9995901155158834
ACAP1	1.02	0.54	1.37	0.397	0.691	1.0	0.9995901155158834
ACAP2	659.0	-0.05	0.09	-0.543	0.587	1.0	0.9995901155158834
ACAP3	146.0	-0.03	0.13	-0.195	0.846	1.0	0.9995901155158834
ACAT1	352.0	0.01	0.09	0.139	0.89	1.0	0.9995901155158834
ACAT2	1330.0	-0.14	0.11	-1.28	0.2	1.0	0.9995901155158834
ACBD3	890.0	-0.06	0.09	-0.598	0.55	1.0	0.9995901155158834
ACBD4	12.2	-0.03	0.37	-0.0933	0.926	1.0	0.9995901155158834
ACBD5	453.0	-0.07	0.09	-0.838	0.402	1.0	0.9995901155158834
ACBD6	390.0	-0.09	0.11	-0.803	0.422	1.0	0.9995901155158834
ACBD7	7.17	-0.04	0.6	-0.0587	0.953	1.0	0.9995901155158834
ACCS	9.45	0.59	0.43	1.38	0.167	1.0	0.9995901155158834
ACD	63.2	-0.09	0.17	-0.526	0.599	1.0	0.9995901155158834
ACE	81.0	-0.11	0.14	-0.799	0.425	1.0	0.9995901155158834
ACE2	4.31	0.26	0.53	0.491	0.623	1.0	0.9995901155158834
ACER1	1.25	-0.95	1.08	-0.88	0.379	1.0	0.9995901155158834
ACER2	243.0	0.03	0.16	0.214	0.83	1.0	0.9995901155158834
ACER3	285.0	0.09	0.12	0.774	0.439	1.0	0.9995901155158834
ACHE	38.5	-0.16	0.21	-0.741	0.459	1.0	0.9995901155158834
ACIN1	1390.0	0.02	0.13	0.155	0.876	1.0	0.9995901155158834
ACKR1	4.4	0.55	0.8	0.689	0.491	1.0	0.9995901155158834
ACKR2	2.55	0.4	0.82	0.49	0.624	1.0	0.9995901155158834
ACKR3	134.0	0.16	0.18	0.886	0.376	1.0	0.9995901155158834
ACKR4	2.03	-0.14	0.9	-0.153	0.878	1.0	0.9995901155158834
ACLY	2570.0	-0.11	0.08	-1.41	0.159	1.0	0.9995901155158834
ACO1	617.0	-0.03	0.07	-0.486	0.627	1.0	0.9995901155158834
ACO2	379.0	-0.04	0.12	-0.352	0.725	1.0	0.9995901155158834
ACOT1	5.99	-2.04	0.71	-2.88	0.00392	1.0	0.9995901155158834
ACOT11	142.0	0.01	0.14	0.107	0.915	1.0	0.9995901155158834
ACOT13	156.0	0.01	0.11	0.0647	0.948	1.0	0.9995901155158834
ACOT2	28.3	-0.28	0.24	-1.14	0.255	1.0	0.9995901155158834
ACOT7	137.0	-0.07	0.11	-0.646	0.518	1.0	0.9995901155158834
ACOT8	51.1	-0.21	0.19	-1.06	0.288	1.0	0.9995901155158834
ACOT9	561.0	0.02	0.07	0.315	0.753	1.0	0.9995901155158834
ACOX1	221.0	0.13	0.11	1.2	0.228	1.0	0.9995901155158834
ACOX2	0.641	-0.01	3.03	-0.00247	0.998	1.0	0.9995901155158834
ACOX3	96.3	0.04	0.13	0.307	0.759	1.0	0.9995901155158834
ACOXL	1.42	-0.44	1.08	-0.405	0.686	1.0	0.9995901155158834
ACP1	365.0	0.06	0.1	0.609	0.543	1.0	0.9995901155158834
ACP2	113.0	0.04	0.17	0.257	0.797	1.0	0.9995901155158834
ACP3	1.02	-0.23	1.23	-0.187	0.852	1.0	0.9995901155158834
ACP5	18.6	0.29	0.35	0.814	0.415	1.0	0.9995901155158834
ACP6	46.1	-0.12	0.2	-0.578	0.564	1.0	0.9995901155158834
ACP7	1.77	0.41	1.01	0.411	0.681	1.0	0.9995901155158834
ACR	2.21	0.25	0.8	0.317	0.751	1.0	0.9995901155158834
ACRBP	11.8	-0.05	0.38	-0.125	0.9	1.0	0.9995901155158834
ACRV1	1.7	-0.21	0.92	-0.227	0.82	1.0	0.9995901155158834
ACSBG1	2.09	0.21	1.04	0.199	0.842	1.0	0.9995901155158834
ACSBG2	0.576	1.85	1.83	1.01	0.313	1.0	0.9995901155158834
ACSF2	11.2	0.18	0.38	0.477	0.633	1.0	0.9995901155158834
ACSF3	87.7	0.06	0.18	0.298	0.765	1.0	0.9995901155158834
ACSL1	44.0	-0.0	0.23	-0.0175	0.986	1.0	0.9995901155158834
ACSL3	2320.0	0.02	0.05	0.345	0.73	1.0	0.9995901155158834
ACSL4	1010.0	0.1	0.12	0.847	0.397	1.0	0.9995901155158834
ACSL5	18.4	-0.24	0.3	-0.781	0.435	1.0	0.9995901155158834
ACSL6	0.754	0.68	1.52	0.448	0.654	1.0	0.9995901155158834
ACSM1	0.935	-0.27	1.28	-0.212	0.832	1.0	0.9995901155158834
ACSM2A	0.89	0.11	1.38	0.0777	0.938	1.0	0.9995901155158834
ACSM2B	0.797	2.54	1.56	1.63	0.104	1.0	0.9995901155158834
ACSM3	3.79	-0.01	0.67	-0.0212	0.983	1.0	0.9995901155158834
ACSM4	0.84	1.47	1.51	0.969	0.333	1.0	0.9995901155158834
ACSS1	9.45	0.51	0.4	1.27	0.206	1.0	0.9995901155158834
ACSS2	224.0	-0.08	0.16	-0.467	0.641	1.0	0.9995901155158834
ACSS3	122.0	-0.08	0.14	-0.568	0.57	1.0	0.9995901155158834
ACTA1	2.78	0.45	1.0	0.446	0.655	1.0	0.9995901155158834
ACTA2	66.6	-0.22	0.21	-1.03	0.303	1.0	0.9995901155158834
ACTB	29300.0	0.15	0.12	1.25	0.212	1.0	0.9995901155158834
ACTC1	4.87	0.12	0.69	0.171	0.864	1.0	0.9995901155158834
ACTG1	28900.0	0.05	0.08	0.653	0.514	1.0	0.9995901155158834
ACTL10	0.848	-1.55	1.51	-1.03	0.302	1.0	0.9995901155158834
ACTL6A	659.0	-0.07	0.09	-0.788	0.431	1.0	0.9995901155158834
ACTN1	2730.0	-0.05	0.08	-0.634	0.526	1.0	0.9995901155158834
ACTN4	2670.0	-0.07	0.09	-0.749	0.454	1.0	0.9995901155158834
ACTR10	637.0	0.07	0.1	0.737	0.461	1.0	0.9995901155158834
ACTR1A	860.0	-0.02	0.09	-0.207	0.836	1.0	0.9995901155158834
ACTR1B	190.0	-0.12	0.14	-0.857	0.392	1.0	0.9995901155158834
ACTR2	11600.0	0.07	0.09	0.767	0.443	1.0	0.9995901155158834
ACTR3	4990.0	0.11	0.09	1.12	0.263	1.0	0.9995901155158834
ACTR3B	62.2	-0.18	0.17	-1.02	0.307	1.0	0.9995901155158834
ACTR3C	2.72	1.19	0.8	1.48	0.139	1.0	0.9995901155158834
ACTR5	50.9	0.13	0.17	0.788	0.431	1.0	0.9995901155158834
ACTR6	133.0	0.11	0.12	0.955	0.34	1.0	0.9995901155158834
ACTR8	458.0	-0.13	0.09	-1.39	0.165	1.0	0.9995901155158834
ACTRT3	47.1	0.16	0.19	0.848	0.396	1.0	0.9995901155158834
ACVR1	227.0	0.08	0.1	0.752	0.452	1.0	0.9995901155158834
ACVR1B	200.0	0.09	0.12	0.776	0.438	1.0	0.9995901155158834
ACVR1C	0.627	-0.44	1.5	-0.295	0.768	1.0	0.9995901155158834
ACVR2A	111.0	0.14	0.14	1.02	0.308	1.0	0.9995901155158834
ACVR2B	567.0	0.02	0.11	0.209	0.835	1.0	0.9995901155158834
ACVRL1	913.0	0.09	0.08	1.08	0.278	1.0	0.9995901155158834
ACY1	19.1	-0.18	0.29	-0.616	0.538	1.0	0.9995901155158834
ACYP1	27.8	0.0	0.24	0.00302	0.998	1.0	0.9995901155158834
ACYP2	19.7	-0.23	0.29	-0.811	0.417	1.0	0.9995901155158834
ADA	162.0	0.03	0.13	0.194	0.846	1.0	0.9995901155158834
ADA2	131.0	-0.01	0.15	-0.087	0.931	1.0	0.9995901155158834
ADAL	45.6	0.17	0.23	0.757	0.449	1.0	0.9995901155158834
ADAM10	4150.0	-0.01	0.06	-0.251	0.802	1.0	0.9995901155158834
ADAM11	1.66	-0.72	1.01	-0.717	0.473	1.0	0.9995901155158834
ADAM12	284.0	-0.03	0.16	-0.176	0.86	1.0	0.9995901155158834
ADAM15	626.0	-0.05	0.16	-0.341	0.733	1.0	0.9995901155158834
ADAM17	971.0	0.06	0.07	0.859	0.39	1.0	0.9995901155158834
ADAM19	979.0	-0.02	0.07	-0.335	0.738	1.0	0.9995901155158834
ADAM22	57.9	-0.17	0.21	-0.802	0.423	1.0	0.9995901155158834
ADAM23	510.0	-0.05	0.1	-0.469	0.639	1.0	0.9995901155158834
ADAM28	3.42	0.32	0.65	0.497	0.619	1.0	0.9995901155158834
ADAM32	3.66	0.47	0.72	0.649	0.516	1.0	0.9995901155158834
ADAM33	0.644	-0.5	1.71	-0.293	0.769	1.0	0.9995901155158834
ADAM8	1.1	1.08	1.18	0.911	0.363	1.0	0.9995901155158834
ADAM9	867.0	0.03	0.09	0.281	0.779	1.0	0.9995901155158834
ADAMTS1	359.0	0.12	0.18	0.677	0.499	1.0	0.9995901155158834
ADAMTS10	38.4	-0.23	0.26	-0.886	0.375	1.0	0.9995901155158834
ADAMTS12	1010.0	-0.02	0.09	-0.196	0.845	1.0	0.9995901155158834
ADAMTS13	5.68	-0.2	0.53	-0.384	0.701	1.0	0.9995901155158834
ADAMTS15	11.9	0.32	0.39	0.807	0.419	1.0	0.9995901155158834
ADAMTS16	2.97	0.09	0.71	0.122	0.903	1.0	0.9995901155158834
ADAMTS17	5.13	-0.32	0.52	-0.615	0.538	1.0	0.9995901155158834
ADAMTS18	5.28	-0.73	0.52	-1.41	0.159	1.0	0.9995901155158834
ADAMTS19	12.3	-0.0	0.33	-0.00341	0.997	1.0	0.9995901155158834
ADAMTS2	3.43	1.44	0.59	2.42	0.0155	1.0	0.9995901155158834
ADAMTS20	0.676	-0.54	1.57	-0.347	0.729	1.0	0.9995901155158834
ADAMTS3	97.3	0.06	0.13	0.442	0.659	1.0	0.9995901155158834
ADAMTS4	40.7	0.24	0.23	1.04	0.297	1.0	0.9995901155158834
ADAMTS5	14.1	0.19	0.35	0.533	0.594	1.0	0.9995901155158834
ADAMTS6	14.8	0.25	0.3	0.839	0.402	1.0	0.9995901155158834
ADAMTS7	222.0	-0.03	0.1	-0.278	0.781	1.0	0.9995901155158834
ADAMTS8	1.41	1.82	0.98	1.86	0.0627	1.0	0.9995901155158834
ADAMTS9	11800.0	-0.02	0.1	-0.254	0.799	1.0	0.9995901155158834
ADAMTSL1	4.68	-0.43	0.68	-0.629	0.529	1.0	0.9995901155158834
ADAMTSL2	3.12	1.24	0.9	1.38	0.167	1.0	0.9995901155158834
ADAMTSL3	5.43	0.14	0.51	0.278	0.781	1.0	0.9995901155158834
ADAMTSL4	4.25	0.22	0.71	0.301	0.763	1.0	0.9995901155158834
ADAMTSL5	1.25	0.54	1.07	0.503	0.615	1.0	0.9995901155158834
ADAP1	18.1	-0.32	0.33	-0.974	0.33	1.0	0.9995901155158834
ADAP2	1.09	1.04	1.26	0.823	0.41	1.0	0.9995901155158834
ADAR	1370.0	0.05	0.08	0.627	0.531	1.0	0.9995901155158834
ADARB1	144.0	-0.01	0.15	-0.101	0.919	1.0	0.9995901155158834
ADARB2	2.12	-1.6	0.93	-1.71	0.0865	1.0	0.9995901155158834
ADAT1	199.0	0.05	0.12	0.385	0.7	1.0	0.9995901155158834
ADAT2	82.2	-0.05	0.13	-0.351	0.726	1.0	0.9995901155158834
ADAT3	1.64	-0.05	0.87	-0.053	0.958	1.0	0.9995901155158834
ADCK1	30.0	-0.16	0.27	-0.603	0.547	1.0	0.9995901155158834
ADCK2	58.5	-0.05	0.17	-0.291	0.771	1.0	0.9995901155158834
ADCK5	21.4	0.04	0.29	0.153	0.878	1.0	0.9995901155158834
ADCY1	195.0	0.2	0.18	1.12	0.262	1.0	0.9995901155158834
ADCY10	0.643	-0.77	1.57	-0.491	0.623	1.0	0.9995901155158834
ADCY2	1.34	1.38	1.19	1.16	0.246	1.0	0.9995901155158834
ADCY3	78.9	-0.12	0.21	-0.577	0.564	1.0	0.9995901155158834
ADCY4	54.6	-0.4	0.19	-2.12	0.0337	1.0	0.9995901155158834
ADCY5	10.4	0.18	0.38	0.485	0.628	1.0	0.9995901155158834
ADCY6	311.0	-0.12	0.1	-1.2	0.231	1.0	0.9995901155158834
ADCY7	59.8	-0.16	0.25	-0.613	0.54	1.0	0.9995901155158834
ADCY8	0.774	-0.01	1.42	-0.00732	0.994	1.0	0.9995901155158834
ADCY9	182.0	-0.14	0.14	-1.06	0.289	1.0	0.9995901155158834
ADCYAP1	11.7	-0.2	0.36	-0.554	0.579	1.0	0.9995901155158834
ADCYAP1R1	107.0	0.08	0.15	0.579	0.563	1.0	0.9995901155158834
ADD1	2190.0	-0.06	0.07	-0.918	0.359	1.0	0.9995901155158834
ADD2	154.0	-0.04	0.16	-0.222	0.824	1.0	0.9995901155158834
ADD3	3480.0	-0.02	0.04	-0.452	0.651	1.0	0.9995901155158834
ADGRA2	348.0	0.05	0.11	0.462	0.644	1.0	0.9995901155158834
ADGRA3	492.0	-0.04	0.07	-0.59	0.555	1.0	0.9995901155158834
ADGRB1	0.905	-0.33	1.48	-0.222	0.825	1.0	0.9995901155158834
ADGRB2	6.74	-0.14	0.44	-0.32	0.749	1.0	0.9995901155158834
ADGRB3	4.73	-0.23	0.52	-0.439	0.661	1.0	0.9995901155158834
ADGRE2	1.94	-0.11	0.87	-0.121	0.904	1.0	0.9995901155158834
ADGRE5	19.6	0.03	0.3	0.108	0.914	1.0	0.9995901155158834
ADGRF1	1.31	2.11	1.48	1.43	0.152	1.0	0.9995901155158834
ADGRF3	2.9	-0.03	0.73	-0.0404	0.968	1.0	0.9995901155158834
ADGRF5	6260.0	0.04	0.06	0.542	0.588	1.0	0.9995901155158834
ADGRG1	163.0	0.16	0.16	0.98	0.327	1.0	0.9995901155158834
ADGRG2	1.55	0.31	1.11	0.282	0.778	1.0	0.9995901155158834
ADGRG5	0.8	-0.86	1.37	-0.629	0.53	1.0	0.9995901155158834
ADGRG6	814.0	-0.0	0.11	-0.0348	0.972	1.0	0.9995901155158834
ADGRL1	110.0	0.09	0.16	0.574	0.566	1.0	0.9995901155158834
ADGRL2	2800.0	-0.1	0.07	-1.41	0.159	1.0	0.9995901155158834
ADGRL3	123.0	0.0	0.11	0.00532	0.996	1.0	0.9995901155158834
ADGRL4	2800.0	0.07	0.12	0.542	0.588	1.0	0.9995901155158834
ADGRV1	39.1	-0.01	0.2	-0.0404	0.968	1.0	0.9995901155158834
ADH1B	0.357	0.68	2.08	0.325	0.745	1.0	0.9995901155158834
ADH4	0.906	1.92	1.37	1.4	0.161	1.0	0.9995901155158834
ADH5	957.0	-0.11	0.07	-1.5	0.133	1.0	0.9995901155158834
ADHFE1	2.83	0.11	0.83	0.127	0.899	1.0	0.9995901155158834
ADI1	234.0	0.01	0.11	0.09	0.928	1.0	0.9995901155158834
ADIPOQ	1.45	0.35	0.9	0.387	0.699	1.0	0.9995901155158834
ADIPOR1	494.0	0.09	0.07	1.23	0.218	1.0	0.9995901155158834
ADIPOR2	777.0	0.18	0.13	1.39	0.165	1.0	0.9995901155158834
ADK	98.0	-0.19	0.13	-1.39	0.165	1.0	0.9995901155158834
ADM	218.0	-0.01	0.15	-0.0349	0.972	1.0	0.9995901155158834
ADM2	0.575	-0.93	1.62	-0.575	0.565	1.0	0.9995901155158834
ADM5	2.06	-0.18	0.89	-0.205	0.838	1.0	0.9995901155158834
ADNP	642.0	-0.04	0.1	-0.384	0.701	1.0	0.9995901155158834
ADNP2	142.0	-0.17	0.11	-1.59	0.112	1.0	0.9995901155158834
ADO	197.0	-0.01	0.12	-0.0552	0.956	1.0	0.9995901155158834
ADORA1	4.87	0.02	0.57	0.0346	0.972	1.0	0.9995901155158834
ADORA2A	27.4	-0.29	0.28	-1.01	0.313	1.0	0.9995901155158834
ADORA2B	32.5	-0.06	0.25	-0.259	0.796	1.0	0.9995901155158834
ADPGK	472.0	-0.07	0.11	-0.646	0.518	1.0	0.9995901155158834
ADPRH	125.0	0.07	0.1	0.748	0.454	1.0	0.9995901155158834
ADPRHL1	10.1	0.92	0.55	1.66	0.0969	1.0	0.9995901155158834
ADPRM	18.3	-0.05	0.3	-0.162	0.871	1.0	0.9995901155158834
ADPRS	267.0	-0.06	0.1	-0.618	0.536	1.0	0.9995901155158834
ADRA1A	1.39	0.42	1.5	0.278	0.781	1.0	0.9995901155158834
ADRA1B	1.86	-0.81	1.04	-0.785	0.432	1.0	0.9995901155158834
ADRA1D	0.517	-1.35	1.61	-0.838	0.402	1.0	0.9995901155158834
ADRA2A	10.5	0.08	0.43	0.178	0.859	1.0	0.9995901155158834
ADRA2B	0.411	0.88	1.99	0.443	0.657	1.0	0.9995901155158834
ADRA2C	5.11	0.82	0.67	1.23	0.22	1.0	0.9995901155158834
ADRB2	3.32	-0.55	0.74	-0.74	0.46	1.0	0.9995901155158834
ADRM1	706.0	-0.07	0.09	-0.794	0.427	1.0	0.9995901155158834
ADSL	601.0	-0.05	0.09	-0.603	0.547	1.0	0.9995901155158834
ADSS1	4.6	-0.93	0.59	-1.57	0.116	1.0	0.9995901155158834
ADSS2	810.0	-0.04	0.09	-0.45	0.653	1.0	0.9995901155158834
ADTRP	2.16	-1.09	0.79	-1.39	0.165	1.0	0.9995901155158834
AEBP1	697.0	-0.04	0.08	-0.549	0.583	1.0	0.9995901155158834
AEBP2	251.0	-0.04	0.1	-0.35	0.726	1.0	0.9995901155158834
AEN	201.0	-0.05	0.11	-0.455	0.649	1.0	0.9995901155158834
AFAP1	768.0	-0.05	0.1	-0.437	0.662	1.0	0.9995901155158834
AFAP1L1	2810.0	-0.05	0.08	-0.581	0.561	1.0	0.9995901155158834
AFAP1L2	417.0	0.04	0.09	0.414	0.679	1.0	0.9995901155158834
AFDN	4130.0	-0.04	0.1	-0.447	0.655	1.0	0.9995901155158834
AFF1	1280.0	0.07	0.09	0.753	0.451	1.0	0.9995901155158834
AFF2	21.2	-0.1	0.32	-0.302	0.762	1.0	0.9995901155158834
AFF3	6.52	1.29	0.45	2.87	0.00404	1.0	0.9995901155158834
AFF4	864.0	0.12	0.1	1.13	0.261	1.0	0.9995901155158834
AFG1L	44.3	0.29	0.16	1.85	0.0646	1.0	0.9995901155158834
AFG3L2	1310.0	0.0	0.08	0.0625	0.95	1.0	0.9995901155158834
AFMID	79.5	0.01	0.15	0.0907	0.928	1.0	0.9995901155158834
AFTPH	200.0	0.09	0.11	0.827	0.408	1.0	0.9995901155158834
AGA	104.0	-0.12	0.15	-0.824	0.41	1.0	0.9995901155158834
AGAP1	196.0	-0.22	0.15	-1.49	0.136	1.0	0.9995901155158834
AGAP2	3.28	-1.11	0.73	-1.51	0.132	1.0	0.9995901155158834
AGAP3	487.0	0.09	0.11	0.828	0.407	1.0	0.9995901155158834
AGAP4	38.6	0.39	0.24	1.64	0.101	1.0	0.9995901155158834
AGAP5	10.6	-0.34	0.52	-0.653	0.514	1.0	0.9995901155158834
AGAP6	24.3	0.07	0.28	0.243	0.808	1.0	0.9995901155158834
AGAP9	15.5	0.22	0.46	0.486	0.627	1.0	0.9995901155158834
AGBL1	0.677	1.16	1.24	0.938	0.348	1.0	0.9995901155158834
AGBL3	10.6	-0.04	0.43	-0.0932	0.926	1.0	0.9995901155158834
AGBL4	0.796	1.26	1.48	0.848	0.397	1.0	0.9995901155158834
AGBL5	143.0	0.22	0.14	1.49	0.137	1.0	0.9995901155158834
AGER	29.5	0.47	0.26	1.82	0.0686	1.0	0.9995901155158834
AGFG1	408.0	0.14	0.11	1.24	0.215	1.0	0.9995901155158834
AGFG2	71.2	-0.05	0.18	-0.282	0.778	1.0	0.9995901155158834
AGGF1	283.0	0.08	0.08	1.06	0.288	1.0	0.9995901155158834
AGK	163.0	-0.15	0.12	-1.19	0.234	1.0	0.9995901155158834
AGL	285.0	-0.2	0.11	-1.8	0.0724	1.0	0.9995901155158834
AGMAT	11.6	0.56	0.32	1.78	0.0745	1.0	0.9995901155158834
AGMO	0.8	-0.05	1.24	-0.0397	0.968	1.0	0.9995901155158834
AGO1	581.0	0.11	0.09	1.2	0.232	1.0	0.9995901155158834
AGO2	702.0	0.08	0.13	0.598	0.55	1.0	0.9995901155158834
AGO3	241.0	0.23	0.13	1.8	0.0725	1.0	0.9995901155158834
AGO4	462.0	0.09	0.09	1.03	0.302	1.0	0.9995901155158834
AGPAT1	360.0	0.03	0.1	0.353	0.724	1.0	0.9995901155158834
AGPAT2	21.4	0.05	0.26	0.209	0.835	1.0	0.9995901155158834
AGPAT3	261.0	0.09	0.09	0.955	0.339	1.0	0.9995901155158834
AGPAT4	467.0	0.07	0.11	0.671	0.502	1.0	0.9995901155158834
AGPAT5	663.0	0.07	0.1	0.665	0.506	1.0	0.9995901155158834
AGPS	975.0	-0.01	0.09	-0.0602	0.952	1.0	0.9995901155158834
AGRN	1680.0	0.02	0.07	0.268	0.789	1.0	0.9995901155158834
AGTPBP1	377.0	-0.02	0.1	-0.164	0.87	1.0	0.9995901155158834
AGTR1	1.54	0.37	0.86	0.423	0.672	1.0	0.9995901155158834
AGTR2	2.09	-0.44	0.93	-0.473	0.636	1.0	0.9995901155158834
AGTRAP	35.8	-0.46	0.27	-1.71	0.0879	1.0	0.9995901155158834
AGXT	0.788	-0.49	1.44	-0.337	0.736	1.0	0.9995901155158834
AHCTF1	767.0	0.09	0.09	1.01	0.313	1.0	0.9995901155158834
AHCY	852.0	-0.08	0.09	-0.839	0.402	1.0	0.9995901155158834
AHCYL1	696.0	0.06	0.08	0.737	0.461	1.0	0.9995901155158834
AHCYL2	179.0	0.15	0.12	1.27	0.205	1.0	0.9995901155158834
AHDC1	81.0	0.1	0.14	0.749	0.454	1.0	0.9995901155158834
AHI1	98.2	0.23	0.14	1.65	0.0988	1.0	0.9995901155158834
AHNAK	7870.0	-0.07	0.12	-0.545	0.586	1.0	0.9995901155158834
AHNAK2	6.8	-0.1	0.59	-0.171	0.864	1.0	0.9995901155158834
AHR	744.0	0.02	0.1	0.222	0.824	1.0	0.9995901155158834
AHRR	28.0	0.02	0.24	0.0694	0.945	1.0	0.9995901155158834
AHSA1	878.0	0.02	0.08	0.201	0.841	1.0	0.9995901155158834
AICDA	1.18	-1.92	1.21	-1.58	0.113	1.0	0.9995901155158834
AIDA	1080.0	-0.06	0.09	-0.656	0.512	1.0	0.9995901155158834
AIF1	8.95	-0.43	0.41	-1.04	0.297	1.0	0.9995901155158834
AIF1L	55.4	0.09	0.18	0.478	0.632	1.0	0.9995901155158834
AIFM1	429.0	0.03	0.09	0.295	0.768	1.0	0.9995901155158834
AIFM2	22.0	-0.03	0.27	-0.105	0.917	1.0	0.9995901155158834
AIG1	156.0	0.0	0.14	0.0199	0.984	1.0	0.9995901155158834
AIM2	4.48	1.05	0.71	1.49	0.137	1.0	0.9995901155158834
AIMP1	291.0	-0.09	0.09	-1.1	0.271	1.0	0.9995901155158834
AIMP2	197.0	-0.04	0.14	-0.272	0.785	1.0	0.9995901155158834
AIP	131.0	0.13	0.13	0.962	0.336	1.0	0.9995901155158834
AIPL1	1.06	0.47	1.06	0.444	0.657	1.0	0.9995901155158834
AJAP1	0.828	1.97	1.54	1.29	0.199	1.0	0.9995901155158834
AJM1	2.37	-1.24	0.78	-1.59	0.111	1.0	0.9995901155158834
AJUBA	92.1	-0.07	0.2	-0.347	0.728	1.0	0.9995901155158834
AK1	233.0	-0.0	0.1	-0.0374	0.97	1.0	0.9995901155158834
AK2	952.0	0.06	0.07	0.848	0.396	1.0	0.9995901155158834
AK3	423.0	0.03	0.09	0.3	0.764	1.0	0.9995901155158834
AK4	149.0	-0.01	0.15	-0.0738	0.941	1.0	0.9995901155158834
AK5	3.5	-0.14	0.71	-0.193	0.847	1.0	0.9995901155158834
AK6	168.0	-0.14	0.13	-1.12	0.261	1.0	0.9995901155158834
AK7	9.95	-0.49	0.39	-1.24	0.214	1.0	0.9995901155158834
AK9	39.0	-0.37	0.24	-1.54	0.124	1.0	0.9995901155158834
AKAP1	362.0	-0.07	0.11	-0.616	0.538	1.0	0.9995901155158834
AKAP10	169.0	0.01	0.12	0.0985	0.922	1.0	0.9995901155158834
AKAP11	635.0	0.03	0.11	0.273	0.785	1.0	0.9995901155158834
AKAP12	12300.0	0.04	0.12	0.323	0.747	1.0	0.9995901155158834
AKAP13	2280.0	0.02	0.11	0.176	0.86	1.0	0.9995901155158834
AKAP17A	510.0	-0.06	0.11	-0.573	0.567	1.0	0.9995901155158834
AKAP3	5.36	-0.18	0.55	-0.335	0.737	1.0	0.9995901155158834
AKAP5	133.0	-0.14	0.12	-1.12	0.263	1.0	0.9995901155158834
AKAP6	4.85	0.33	0.53	0.623	0.533	1.0	0.9995901155158834
AKAP7	70.7	-0.02	0.16	-0.152	0.879	1.0	0.9995901155158834
AKAP8	381.0	-0.04	0.09	-0.432	0.666	1.0	0.9995901155158834
AKAP8L	207.0	0.01	0.12	0.0856	0.932	1.0	0.9995901155158834
AKAP9	806.0	0.0	0.13	0.0281	0.978	1.0	0.9995901155158834
AKIP1	93.1	0.01	0.14	0.0957	0.924	1.0	0.9995901155158834
AKIRIN1	1430.0	0.12	0.14	0.833	0.405	1.0	0.9995901155158834
AKIRIN2	108.0	-0.15	0.13	-1.18	0.236	1.0	0.9995901155158834
AKNA	86.9	0.03	0.17	0.16	0.873	1.0	0.9995901155158834
AKR1A1	191.0	0.02	0.14	0.123	0.902	1.0	0.9995901155158834
AKR1B1	241.0	0.1	0.1	1.0	0.316	1.0	0.9995901155158834
AKR1B10	0.697	1.94	1.5	1.29	0.198	1.0	0.9995901155158834
AKR1B15	11.8	0.24	0.37	0.651	0.515	1.0	0.9995901155158834
AKR1C3	1.13	1.05	1.18	0.884	0.377	1.0	0.9995901155158834
AKR1E2	8.46	-0.01	0.42	-0.0138	0.989	1.0	0.9995901155158834
AKR7A2	137.0	-0.09	0.14	-0.606	0.544	1.0	0.9995901155158834
AKR7A3	1.43	-1.41	1.29	-1.09	0.276	1.0	0.9995901155158834
AKT1	2060.0	-0.04	0.06	-0.595	0.552	1.0	0.9995901155158834
AKT1S1	172.0	-0.11	0.14	-0.731	0.465	1.0	0.9995901155158834
AKT2	97.8	-0.05	0.14	-0.376	0.707	1.0	0.9995901155158834
AKT3	997.0	-0.15	0.1	-1.44	0.149	1.0	0.9995901155158834
AKTIP	135.0	0.18	0.11	1.62	0.106	1.0	0.9995901155158834
ALAD	154.0	0.04	0.13	0.324	0.746	1.0	0.9995901155158834
ALAS1	239.0	-0.05	0.11	-0.395	0.693	1.0	0.9995901155158834
ALCAM	59.8	0.12	0.41	0.28	0.78	1.0	0.9995901155158834
ALDH16A1	240.0	-0.03	0.13	-0.217	0.828	1.0	0.9995901155158834
ALDH18A1	559.0	0.06	0.08	0.732	0.464	1.0	0.9995901155158834
ALDH1A1	6.6	-0.09	0.43	-0.2	0.842	1.0	0.9995901155158834
ALDH1A2	147.0	0.17	0.12	1.43	0.152	1.0	0.9995901155158834
ALDH1A3	27.5	0.3	0.24	1.25	0.212	1.0	0.9995901155158834
ALDH1B1	207.0	-0.06	0.12	-0.496	0.62	1.0	0.9995901155158834
ALDH1L1	0.589	-2.54	2.01	-1.26	0.207	1.0	0.9995901155158834
ALDH1L2	27.8	0.25	0.23	1.06	0.288	1.0	0.9995901155158834
ALDH2	383.0	-0.03	0.08	-0.366	0.714	1.0	0.9995901155158834
ALDH3A2	255.0	-0.13	0.1	-1.25	0.21	1.0	0.9995901155158834
ALDH3B1	1.23	0.46	1.32	0.347	0.729	1.0	0.9995901155158834
ALDH4A1	89.1	-0.15	0.15	-1.01	0.311	1.0	0.9995901155158834
ALDH5A1	178.0	0.0	0.11	0.047	0.963	1.0	0.9995901155158834
ALDH6A1	108.0	0.12	0.15	0.824	0.41	1.0	0.9995901155158834
ALDH7A1	732.0	0.01	0.09	0.0995	0.921	1.0	0.9995901155158834
ALDH8A1	2.13	-3.99	1.08	-3.68	0.00023	1.0	0.9995901155158834
ALDH9A1	672.0	0.01	0.1	0.147	0.883	1.0	0.9995901155158834
ALDOA	1420.0	-0.04	0.12	-0.335	0.738	1.0	0.9995901155158834
ALDOB	0.608	0.84	1.46	0.578	0.564	1.0	0.9995901155158834
ALDOC	28.3	0.0	0.23	0.0143	0.989	1.0	0.9995901155158834
ALG1	132.0	0.07	0.11	0.676	0.499	1.0	0.9995901155158834
ALG10	71.6	0.06	0.16	0.409	0.683	1.0	0.9995901155158834
ALG10B	214.0	0.11	0.13	0.844	0.399	1.0	0.9995901155158834
ALG11	856.0	-0.03	0.1	-0.26	0.795	1.0	0.9995901155158834
ALG12	70.1	-0.13	0.15	-0.891	0.373	1.0	0.9995901155158834
ALG13	194.0	0.19	0.09	2.15	0.0313	1.0	0.9995901155158834
ALG14	54.5	-0.03	0.19	-0.158	0.875	1.0	0.9995901155158834
ALG1L2	4.44	-0.25	0.55	-0.457	0.648	1.0	0.9995901155158834
ALG2	125.0	-0.09	0.15	-0.622	0.534	1.0	0.9995901155158834
ALG3	27.0	0.05	0.28	0.179	0.858	1.0	0.9995901155158834
ALG5	182.0	0.03	0.1	0.288	0.773	1.0	0.9995901155158834
ALG6	107.0	0.04	0.14	0.294	0.769	1.0	0.9995901155158834
ALG8	155.0	0.06	0.15	0.428	0.668	1.0	0.9995901155158834
ALG9	137.0	0.22	0.1	2.12	0.0341	1.0	0.9995901155158834
ALKBH1	50.8	-0.33	0.23	-1.46	0.143	1.0	0.9995901155158834
ALKBH2	49.0	-0.02	0.19	-0.117	0.907	1.0	0.9995901155158834
ALKBH3	55.1	0.06	0.15	0.384	0.701	1.0	0.9995901155158834
ALKBH4	45.7	-0.06	0.2	-0.303	0.762	1.0	0.9995901155158834
ALKBH5	561.0	-0.11	0.09	-1.16	0.247	1.0	0.9995901155158834
ALKBH6	39.3	-0.24	0.18	-1.3	0.194	1.0	0.9995901155158834
ALKBH7	22.2	0.3	0.32	0.936	0.349	1.0	0.9995901155158834
ALKBH8	198.0	-0.03	0.12	-0.267	0.789	1.0	0.9995901155158834
ALMS1	235.0	-0.07	0.16	-0.432	0.666	1.0	0.9995901155158834
ALOX12	2.64	-0.15	0.75	-0.195	0.845	1.0	0.9995901155158834
ALOX15	1.86	0.71	1.01	0.705	0.481	1.0	0.9995901155158834
ALOX5	0.954	1.38	1.44	0.964	0.335	1.0	0.9995901155158834
ALPK1	7.75	0.52	0.43	1.21	0.225	1.0	0.9995901155158834
ALPK2	0.783	-1.03	1.44	-0.712	0.476	1.0	0.9995901155158834
ALPK3	381.0	-0.09	0.16	-0.553	0.58	1.0	0.9995901155158834
ALPL	10.0	-0.04	0.4	-0.104	0.917	1.0	0.9995901155158834
ALS2	1090.0	0.04	0.08	0.575	0.565	1.0	0.9995901155158834
ALS2CL	32.1	0.34	0.25	1.39	0.165	1.0	0.9995901155158834
ALX1	44.4	-0.07	0.19	-0.39	0.697	1.0	0.9995901155158834
ALX3	8.6	-0.07	0.4	-0.175	0.861	1.0	0.9995901155158834
ALX4	0.997	-0.55	1.45	-0.378	0.706	1.0	0.9995901155158834
ALYREF	608.0	0.13	0.09	1.38	0.167	1.0	0.9995901155158834
AMACR	119.0	-0.12	0.14	-0.83	0.407	1.0	0.9995901155158834
AMBRA1	175.0	-0.01	0.12	-0.119	0.905	1.0	0.9995901155158834
AMD1	1730.0	0.07	0.12	0.558	0.577	1.0	0.9995901155158834
AMDHD2	164.0	-0.05	0.17	-0.298	0.766	1.0	0.9995901155158834
AMER1	38.9	0.19	0.21	0.897	0.37	1.0	0.9995901155158834
AMER2	1.09	-0.99	1.11	-0.889	0.374	1.0	0.9995901155158834
AMER3	0.714	1.99	1.63	1.22	0.221	1.0	0.9995901155158834
AMFR	508.0	0.02	0.09	0.273	0.785	1.0	0.9995901155158834
AMH	1.21	-0.51	1.04	-0.488	0.625	1.0	0.9995901155158834
AMHR2	7.3	0.27	0.46	0.584	0.559	1.0	0.9995901155158834
AMIGO1	16.7	-0.13	0.32	-0.418	0.676	1.0	0.9995901155158834
AMIGO2	143.0	-0.21	0.13	-1.69	0.0912	1.0	0.9995901155158834
AMIGO3	13.7	0.23	0.3	0.796	0.426	1.0	0.9995901155158834
AMMECR1	73.3	0.15	0.15	1.04	0.296	1.0	0.9995901155158834
AMMECR1L	548.0	0.06	0.08	0.849	0.396	1.0	0.9995901155158834
AMN1	71.2	-0.0	0.19	-0.0221	0.982	1.0	0.9995901155158834
AMOT	219.0	-0.01	0.12	-0.0576	0.954	1.0	0.9995901155158834
AMOTL1	1070.0	-0.04	0.11	-0.369	0.712	1.0	0.9995901155158834
AMOTL2	958.0	-0.15	0.08	-1.91	0.0564	1.0	0.9995901155158834
AMPD2	198.0	-0.04	0.14	-0.276	0.782	1.0	0.9995901155158834
AMPD3	19.1	-0.2	0.32	-0.639	0.523	1.0	0.9995901155158834
AMPH	30.0	0.26	0.28	0.899	0.368	1.0	0.9995901155158834
AMT	50.0	-0.07	0.2	-0.375	0.707	1.0	0.9995901155158834
AMY2B	6.48	0.38	0.45	0.838	0.402	1.0	0.9995901155158834
AMZ1	35.1	-0.06	0.22	-0.26	0.795	1.0	0.9995901155158834
AMZ2	227.0	-0.1	0.12	-0.821	0.411	1.0	0.9995901155158834
ANAPC1	415.0	0.04	0.08	0.482	0.63	1.0	0.9995901155158834
ANAPC10	112.0	-0.09	0.15	-0.592	0.554	1.0	0.9995901155158834
ANAPC11	861.0	-0.04	0.08	-0.432	0.666	1.0	0.9995901155158834
ANAPC13	362.0	0.04	0.09	0.398	0.69	1.0	0.9995901155158834
ANAPC15	455.0	-0.07	0.11	-0.686	0.493	1.0	0.9995901155158834
ANAPC16	463.0	0.14	0.11	1.29	0.197	1.0	0.9995901155158834
ANAPC2	136.0	-0.14	0.16	-0.896	0.37	1.0	0.9995901155158834
ANAPC4	196.0	-0.13	0.1	-1.25	0.21	1.0	0.9995901155158834
ANAPC5	374.0	0.03	0.08	0.306	0.759	1.0	0.9995901155158834
ANAPC7	331.0	-0.04	0.12	-0.344	0.731	1.0	0.9995901155158834
ANG	3.25	1.27	0.69	1.83	0.0675	1.0	0.9995901155158834
ANGEL1	73.4	0.03	0.16	0.196	0.844	1.0	0.9995901155158834
ANGEL2	360.0	0.05	0.1	0.442	0.659	1.0	0.9995901155158834
ANGPT1	35.4	0.05	0.19	0.245	0.807	1.0	0.9995901155158834
ANGPT2	5350.0	-0.08	0.11	-0.756	0.45	1.0	0.9995901155158834
ANGPT4	1.04	-0.31	1.28	-0.242	0.808	1.0	0.9995901155158834
ANGPTL2	101.0	-0.2	0.18	-1.16	0.244	1.0	0.9995901155158834
ANGPTL4	70.4	0.3	0.2	1.52	0.129	1.0	0.9995901155158834
ANGPTL5	0.86	0.4	1.21	0.327	0.744	1.0	0.9995901155158834
ANGPTL6	0.572	0.36	1.74	0.21	0.834	1.0	0.9995901155158834
ANK1	20.0	-0.06	0.27	-0.217	0.828	1.0	0.9995901155158834
ANK2	104.0	0.01	0.18	0.0307	0.976	1.0	0.9995901155158834
ANK3	125.0	-0.03	0.15	-0.212	0.832	1.0	0.9995901155158834
ANKAR	8.05	0.01	0.42	0.0339	0.973	1.0	0.9995901155158834
ANKDD1A	11.2	0.08	0.4	0.198	0.843	1.0	0.9995901155158834
ANKDD1B	3.5	1.49	0.67	2.22	0.0264	1.0	0.9995901155158834
ANKEF1	19.9	-0.1	0.27	-0.38	0.704	1.0	0.9995901155158834
ANKFY1	515.0	-0.02	0.09	-0.199	0.842	1.0	0.9995901155158834
ANKH	159.0	-0.03	0.11	-0.327	0.744	1.0	0.9995901155158834
ANKHD1	814.0	0.04	0.11	0.362	0.717	1.0	0.9995901155158834
ANKHD1-EIF4EBP3	89.8	-0.53	0.96	-0.551	0.582	1.0	0.9995901155158834
ANKIB1	381.0	0.01	0.09	0.0647	0.948	1.0	0.9995901155158834
ANKLE1	21.4	-0.06	0.27	-0.229	0.819	1.0	0.9995901155158834
ANKLE2	823.0	-0.0	0.06	-0.0537	0.957	1.0	0.9995901155158834
ANKMY1	25.8	0.24	0.26	0.918	0.359	1.0	0.9995901155158834
ANKMY2	153.0	-0.03	0.11	-0.243	0.808	1.0	0.9995901155158834
ANKRA2	52.2	0.08	0.16	0.529	0.597	1.0	0.9995901155158834
ANKRD1	3370.0	0.2	0.27	0.741	0.459	1.0	0.9995901155158834
ANKRD10	291.0	0.14	0.11	1.26	0.208	1.0	0.9995901155158834
ANKRD11	2230.0	-0.09	0.13	-0.719	0.472	1.0	0.9995901155158834
ANKRD12	770.0	0.15	0.09	1.66	0.0961	1.0	0.9995901155158834
ANKRD13A	313.0	0.04	0.09	0.471	0.637	1.0	0.9995901155158834
ANKRD13B	36.4	-0.03	0.22	-0.117	0.907	1.0	0.9995901155158834
ANKRD13C	592.0	0.02	0.1	0.171	0.864	1.0	0.9995901155158834
ANKRD13D	108.0	-0.12	0.14	-0.895	0.371	1.0	0.9995901155158834
ANKRD16	13.4	0.35	0.42	0.832	0.405	1.0	0.9995901155158834
ANKRD17	1300.0	-0.02	0.1	-0.168	0.867	1.0	0.9995901155158834
ANKRD18A	5.23	0.26	0.52	0.508	0.612	1.0	0.9995901155158834
ANKRD18B	7.31	0.33	0.48	0.695	0.487	1.0	0.9995901155158834
ANKRD20A1	17.1	-0.37	0.28	-1.32	0.186	1.0	0.9995901155158834
ANKRD23	3.93	0.63	0.66	0.961	0.337	1.0	0.9995901155158834
ANKRD24	3.64	-0.79	0.67	-1.19	0.233	1.0	0.9995901155158834
ANKRD26	310.0	0.01	0.1	0.09	0.928	1.0	0.9995901155158834
ANKRD27	177.0	-0.06	0.12	-0.545	0.586	1.0	0.9995901155158834
ANKRD28	324.0	0.19	0.11	1.66	0.0979	1.0	0.9995901155158834
ANKRD31	0.642	-1.04	1.61	-0.646	0.518	1.0	0.9995901155158834
ANKRD33	1.46	-0.36	1.16	-0.315	0.753	1.0	0.9995901155158834
ANKRD33B	535.0	0.08	0.11	0.77	0.441	1.0	0.9995901155158834
ANKRD34A	2.43	1.06	1.02	1.04	0.298	1.0	0.9995901155158834
ANKRD35	5.52	0.28	0.47	0.602	0.547	1.0	0.9995901155158834
ANKRD36	103.0	-0.09	0.24	-0.353	0.724	1.0	0.9995901155158834
ANKRD36B	106.0	0.19	0.19	1.02	0.31	1.0	0.9995901155158834
ANKRD36C	98.9	0.08	0.18	0.433	0.665	1.0	0.9995901155158834
ANKRD37	5.06	-0.35	0.6	-0.594	0.553	1.0	0.9995901155158834
ANKRD39	19.6	-0.22	0.25	-0.899	0.369	1.0	0.9995901155158834
ANKRD40	944.0	-0.01	0.07	-0.133	0.894	1.0	0.9995901155158834
ANKRD40CL	3.13	1.45	0.82	1.77	0.0767	1.0	0.9995901155158834
ANKRD42	164.0	-0.06	0.12	-0.483	0.629	1.0	0.9995901155158834
ANKRD44	33.1	-0.38	0.25	-1.56	0.119	1.0	0.9995901155158834
ANKRD45	3.39	-0.33	0.59	-0.555	0.579	1.0	0.9995901155158834
ANKRD46	294.0	0.09	0.11	0.793	0.428	1.0	0.9995901155158834
ANKRD49	88.7	0.2	0.15	1.32	0.188	1.0	0.9995901155158834
ANKRD50	1760.0	0.06	0.11	0.557	0.577	1.0	0.9995901155158834
ANKRD52	379.0	-0.01	0.1	-0.13	0.897	1.0	0.9995901155158834
ANKRD53	2.75	0.65	0.76	0.852	0.394	1.0	0.9995901155158834
ANKRD54	103.0	0.09	0.16	0.588	0.556	1.0	0.9995901155158834
ANKRD55	0.58	0.46	1.52	0.304	0.761	1.0	0.9995901155158834
ANKRD6	211.0	0.04	0.11	0.393	0.694	1.0	0.9995901155158834
ANKRD60	0.528	0.47	1.61	0.291	0.771	1.0	0.9995901155158834
ANKRD61	1.85	1.13	0.85	1.32	0.186	1.0	0.9995901155158834
ANKRD62	1.41	0.19	0.94	0.204	0.838	1.0	0.9995901155158834
ANKRD63	1.2	0.58	1.23	0.475	0.635	1.0	0.9995901155158834
ANKRD65	1.64	-0.05	1.13	-0.0444	0.965	1.0	0.9995901155158834
ANKRD9	45.4	-0.08	0.24	-0.341	0.733	1.0	0.9995901155158834
ANKS1A	236.0	0.08	0.1	0.775	0.438	1.0	0.9995901155158834
ANKS1B	2.84	-1.09	0.78	-1.4	0.163	1.0	0.9995901155158834
ANKS3	27.3	0.05	0.28	0.174	0.862	1.0	0.9995901155158834
ANKS4B	1.63	0.78	0.97	0.804	0.422	1.0	0.9995901155158834
ANKS6	83.3	0.03	0.13	0.275	0.783	1.0	0.9995901155158834
ANKZF1	116.0	0.13	0.16	0.855	0.392	1.0	0.9995901155158834
ANLN	332.0	0.05	0.11	0.419	0.675	1.0	0.9995901155158834
ANO1	19.5	0.05	0.36	0.139	0.889	1.0	0.9995901155158834
ANO10	357.0	-0.01	0.1	-0.122	0.903	1.0	0.9995901155158834
ANO2	8.03	0.1	0.51	0.187	0.852	1.0	0.9995901155158834
ANO3	1.62	-0.54	0.92	-0.589	0.556	1.0	0.9995901155158834
ANO4	58.6	0.15	0.17	0.919	0.358	1.0	0.9995901155158834
ANO5	61.5	-0.04	0.18	-0.211	0.833	1.0	0.9995901155158834
ANO6	1840.0	0.01	0.09	0.158	0.875	1.0	0.9995901155158834
ANO7	5.34	0.33	0.55	0.591	0.554	1.0	0.9995901155158834
ANO8	72.6	-0.3	0.17	-1.7	0.0883	1.0	0.9995901155158834
ANO9	0.706	0.76	1.68	0.449	0.654	1.0	0.9995901155158834
ANOS1	58.5	-0.24	0.21	-1.13	0.258	1.0	0.9995901155158834
ANP32A	3040.0	-0.02	0.11	-0.187	0.852	1.0	0.9995901155158834
ANP32B	4220.0	0.06	0.13	0.5	0.617	1.0	0.9995901155158834
ANP32E	1450.0	0.0	0.09	0.0417	0.967	1.0	0.9995901155158834
ANPEP	45.1	-0.05	0.18	-0.247	0.805	1.0	0.9995901155158834
ANTKMT	6.07	-1.09	0.57	-1.91	0.0563	1.0	0.9995901155158834
ANTXR1	145.0	-0.11	0.16	-0.643	0.52	1.0	0.9995901155158834
ANTXR2	2600.0	-0.08	0.08	-0.932	0.351	1.0	0.9995901155158834
ANXA1	3440.0	-0.06	0.09	-0.702	0.483	1.0	0.9995901155158834
ANXA11	395.0	-0.05	0.08	-0.708	0.479	1.0	0.9995901155158834
ANXA2	8090.0	-0.08	0.08	-1.09	0.277	1.0	0.9995901155158834
ANXA2R	18.8	-0.56	0.3	-1.88	0.0598	1.0	0.9995901155158834
ANXA3	93.1	0.12	0.15	0.757	0.449	1.0	0.9995901155158834
ANXA4	147.0	-0.2	0.11	-1.81	0.0711	1.0	0.9995901155158834
ANXA5	3000.0	-0.05	0.08	-0.639	0.523	1.0	0.9995901155158834
ANXA6	1010.0	-0.08	0.09	-0.845	0.398	1.0	0.9995901155158834
ANXA7	808.0	-0.07	0.09	-0.822	0.411	1.0	0.9995901155158834
ANXA9	1.66	-2.53	1.22	-2.08	0.0379	1.0	0.9995901155158834
AOAH	0.913	0.31	2.6	0.119	0.905	1.0	0.9995901155158834
AOC2	4.21	1.07	0.58	1.83	0.067	1.0	0.9995901155158834
AOC3	6.05	-0.73	0.49	-1.51	0.132	1.0	0.9995901155158834
AOPEP	97.8	0.22	0.15	1.45	0.147	1.0	0.9995901155158834
AOX1	0.433	0.44	2.21	0.2	0.842	1.0	0.9995901155158834
AP1AR	361.0	0.06	0.11	0.615	0.539	1.0	0.9995901155158834
AP1B1	925.0	-0.04	0.09	-0.429	0.668	1.0	0.9995901155158834
AP1G1	941.0	0.02	0.06	0.364	0.716	1.0	0.9995901155158834
AP1G2	50.9	-0.24	0.22	-1.12	0.262	1.0	0.9995901155158834
AP1M1	399.0	0.08	0.07	1.11	0.267	1.0	0.9995901155158834
AP1M2	1.04	-1.09	1.51	-0.727	0.467	1.0	0.9995901155158834
AP1S1	294.0	-0.03	0.09	-0.277	0.782	1.0	0.9995901155158834
AP1S2	4340.0	0.08	0.13	0.644	0.519	1.0	0.9995901155158834
AP1S3	13.8	-0.18	0.39	-0.446	0.656	1.0	0.9995901155158834
AP2A1	348.0	0.05	0.13	0.406	0.685	1.0	0.9995901155158834
AP2A2	493.0	-0.13	0.09	-1.39	0.165	1.0	0.9995901155158834
AP2B1	2130.0	-0.08	0.07	-1.2	0.23	1.0	0.9995901155158834
AP2M1	2130.0	-0.09	0.08	-1.15	0.252	1.0	0.9995901155158834
AP2S1	908.0	-0.07	0.11	-0.64	0.522	1.0	0.9995901155158834
AP3B1	1210.0	-0.08	0.09	-0.933	0.351	1.0	0.9995901155158834
AP3B2	2.02	1.42	0.78	1.84	0.0664	1.0	0.9995901155158834
AP3D1	1220.0	-0.08	0.09	-0.864	0.388	1.0	0.9995901155158834
AP3M1	593.0	-0.06	0.09	-0.757	0.449	1.0	0.9995901155158834
AP3M2	545.0	0.04	0.07	0.472	0.637	1.0	0.9995901155158834
AP3S1	496.0	-0.01	0.09	-0.132	0.895	1.0	0.9995901155158834
AP3S2	141.0	0.01	0.22	0.0548	0.956	1.0	0.9995901155158834
AP4B1	200.0	-0.11	0.11	-1.08	0.28	1.0	0.9995901155158834
AP4E1	218.0	0.01	0.1	0.0874	0.93	1.0	0.9995901155158834
AP4M1	95.1	-0.05	0.18	-0.266	0.79	1.0	0.9995901155158834
AP4S1	77.3	0.01	0.15	0.0641	0.949	1.0	0.9995901155158834
AP5B1	108.0	0.33	0.13	2.44	0.0148	1.0	0.9995901155158834
AP5M1	262.0	0.09	0.09	0.923	0.356	1.0	0.9995901155158834
AP5S1	29.4	0.12	0.25	0.465	0.642	1.0	0.9995901155158834
AP5Z1	283.0	0.24	0.11	2.15	0.0319	1.0	0.9995901155158834
APAF1	742.0	-0.03	0.07	-0.505	0.614	1.0	0.9995901155158834
APBA1	125.0	-0.09	0.14	-0.621	0.534	1.0	0.9995901155158834
APBA2	103.0	-0.15	0.14	-1.1	0.273	1.0	0.9995901155158834
APBA3	45.1	-0.32	0.22	-1.47	0.142	1.0	0.9995901155158834
APBB1	201.0	-0.13	0.12	-1.09	0.277	1.0	0.9995901155158834
APBB1IP	2.29	0.06	0.76	0.082	0.935	1.0	0.9995901155158834
APBB2	190.0	0.03	0.11	0.28	0.78	1.0	0.9995901155158834
APBB3	30.5	0.06	0.28	0.202	0.84	1.0	0.9995901155158834
APC	429.0	-0.03	0.1	-0.33	0.742	1.0	0.9995901155158834
APC2	2.99	-0.19	0.79	-0.237	0.813	1.0	0.9995901155158834
APCDD1	12.6	-0.76	0.36	-2.14	0.0322	1.0	0.9995901155158834
APCDD1L	5.71	0.15	0.82	0.183	0.855	1.0	0.9995901155158834
APEH	266.0	-0.15	0.11	-1.31	0.19	1.0	0.9995901155158834
APEX1	1550.0	-0.11	0.07	-1.66	0.0965	1.0	0.9995901155158834
APEX2	107.0	0.13	0.15	0.837	0.402	1.0	0.9995901155158834
APH1A	672.0	-0.0	0.1	-0.00919	0.993	1.0	0.9995901155158834
APH1B	254.0	-0.05	0.11	-0.401	0.688	1.0	0.9995901155158834
API5	1240.0	0.02	0.08	0.238	0.812	1.0	0.9995901155158834
APIP	123.0	0.08	0.12	0.703	0.482	1.0	0.9995901155158834
APLF	164.0	0.04	0.17	0.255	0.799	1.0	0.9995901155158834
APLN	139.0	-0.16	0.27	-0.599	0.549	1.0	0.9995901155158834
APLNR	381.0	-0.16	0.13	-1.25	0.21	1.0	0.9995901155158834
APLP1	31.2	-0.27	0.19	-1.39	0.164	1.0	0.9995901155158834
APLP2	18700.0	-0.08	0.08	-1.0	0.316	1.0	0.9995901155158834
APMAP	625.0	-0.03	0.08	-0.422	0.673	1.0	0.9995901155158834
APOA1	1.47	0.55	0.89	0.614	0.539	1.0	0.9995901155158834
APOB	25.6	-0.06	0.29	-0.197	0.844	1.0	0.9995901155158834
APOBEC3A	3.48	0.6	0.85	0.701	0.483	1.0	0.9995901155158834
APOBEC3B	4.87	0.72	0.57	1.26	0.207	1.0	0.9995901155158834
APOBEC3C	41.3	-0.1	0.19	-0.545	0.586	1.0	0.9995901155158834
APOBEC3D	5.69	-0.67	0.51	-1.32	0.188	1.0	0.9995901155158834
APOBEC3F	8.87	0.31	0.54	0.575	0.565	1.0	0.9995901155158834
APOBEC3G	2.22	0.53	0.98	0.538	0.591	1.0	0.9995901155158834
APOBR	3.45	0.67	0.67	1.01	0.314	1.0	0.9995901155158834
APOC1	23.6	0.15	0.23	0.654	0.513	1.0	0.9995901155158834
APOD	14.8	0.25	0.34	0.728	0.467	1.0	0.9995901155158834
APOE	1080.0	-0.07	0.09	-0.749	0.454	1.0	0.9995901155158834
APOL1	0.909	-0.1	1.2	-0.0836	0.933	1.0	0.9995901155158834
APOL2	79.1	-0.02	0.15	-0.139	0.889	1.0	0.9995901155158834
APOL3	6.81	0.11	0.47	0.233	0.816	1.0	0.9995901155158834
APOL4	13.6	0.51	0.33	1.57	0.117	1.0	0.9995901155158834
APOL6	7.85	-0.34	0.49	-0.708	0.479	1.0	0.9995901155158834
APOLD1	367.0	0.15	0.14	1.05	0.295	1.0	0.9995901155158834
APOM	1.51	-1.26	1.42	-0.89	0.374	1.0	0.9995901155158834
APOO	97.0	-0.11	0.15	-0.729	0.466	1.0	0.9995901155158834
APOOL	83.2	0.01	0.13	0.0467	0.963	1.0	0.9995901155158834
APP	28000.0	-0.06	0.1	-0.637	0.524	1.0	0.9995901155158834
APPBP2	474.0	0.05	0.1	0.473	0.636	1.0	0.9995901155158834
APPL1	699.0	0.11	0.08	1.43	0.154	1.0	0.9995901155158834
APPL2	180.0	-0.14	0.11	-1.23	0.217	1.0	0.9995901155158834
APRT	127.0	0.3	0.15	1.97	0.0486	1.0	0.9995901155158834
APTX	329.0	-0.1	0.08	-1.19	0.235	1.0	0.9995901155158834
AQP1	24.0	0.01	0.23	0.0426	0.966	1.0	0.9995901155158834
AQP11	1.37	1.38	1.04	1.33	0.182	1.0	0.9995901155158834
AQP3	41.1	-0.13	0.28	-0.45	0.653	1.0	0.9995901155158834
AQP6	0.525	1.64	1.73	0.949	0.343	1.0	0.9995901155158834
AQP7	9.1	0.3	0.51	0.599	0.549	1.0	0.9995901155158834
AQP8	0.463	-2.18	2.63	-0.826	0.409	1.0	0.9995901155158834
AQR	610.0	0.03	0.08	0.391	0.695	1.0	0.9995901155158834
AR	64.7	-0.01	0.21	-0.026	0.979	1.0	0.9995901155158834
ARAF	100.0	-0.12	0.18	-0.662	0.508	1.0	0.9995901155158834
ARAP1	349.0	0.04	0.11	0.373	0.709	1.0	0.9995901155158834
ARAP2	25.2	0.32	0.25	1.26	0.206	1.0	0.9995901155158834
ARAP3	669.0	0.03	0.11	0.282	0.778	1.0	0.9995901155158834
ARC	1.37	-0.57	0.92	-0.622	0.534	1.0	0.9995901155158834
ARCN1	2430.0	0.0	0.07	0.014	0.989	1.0	0.9995901155158834
AREG	0.736	-0.58	1.68	-0.344	0.731	1.0	0.9995901155158834
AREL1	272.0	0.01	0.1	0.07	0.944	1.0	0.9995901155158834
ARF1	5080.0	0.05	0.09	0.576	0.565	1.0	0.9995901155158834
ARF3	1510.0	-0.02	0.06	-0.33	0.742	1.0	0.9995901155158834
ARF4	1440.0	0.02	0.11	0.157	0.875	1.0	0.9995901155158834
ARF5	611.0	0.13	0.11	1.2	0.23	1.0	0.9995901155158834
ARF6	1930.0	0.1	0.09	1.11	0.268	1.0	0.9995901155158834
ARFGAP1	744.0	0.09	0.08	1.15	0.25	1.0	0.9995901155158834
ARFGAP2	673.0	0.04	0.1	0.393	0.694	1.0	0.9995901155158834
ARFGAP3	563.0	0.15	0.07	2.1	0.0359	1.0	0.9995901155158834
ARFGEF1	921.0	-0.0	0.06	-0.0439	0.965	1.0	0.9995901155158834
ARFGEF2	655.0	0.06	0.1	0.557	0.578	1.0	0.9995901155158834
ARFGEF3	95.3	0.06	0.15	0.37	0.711	1.0	0.9995901155158834
ARFIP1	525.0	0.05	0.1	0.523	0.601	1.0	0.9995901155158834
ARFIP2	115.0	-0.15	0.15	-0.989	0.322	1.0	0.9995901155158834
ARFRP1	392.0	0.01	0.08	0.161	0.872	1.0	0.9995901155158834
ARG2	35.8	0.09	0.26	0.354	0.723	1.0	0.9995901155158834
ARGFX	7.27	0.56	0.59	0.945	0.345	1.0	0.9995901155158834
ARGLU1	5370.0	0.04	0.15	0.24	0.81	1.0	0.9995901155158834
ARHGAP1	200.0	0.08	0.13	0.582	0.561	1.0	0.9995901155158834
ARHGAP10	220.0	0.21	0.14	1.5	0.134	1.0	0.9995901155158834
ARHGAP11A	372.0	-0.09	0.25	-0.378	0.705	1.0	0.9995901155158834
ARHGAP11A-SCG5	79.6	-0.4	0.23	-1.78	0.0749	1.0	0.9995901155158834
ARHGAP11B	40.1	0.08	0.34	0.248	0.804	1.0	0.9995901155158834
ARHGAP12	345.0	-0.03	0.1	-0.32	0.749	1.0	0.9995901155158834
ARHGAP15	0.489	1.72	1.73	0.995	0.32	1.0	0.9995901155158834
ARHGAP17	543.0	0.0	0.07	0.0629	0.95	1.0	0.9995901155158834
ARHGAP18	174.0	0.06	0.1	0.556	0.578	1.0	0.9995901155158834
ARHGAP19	456.0	-0.01	0.08	-0.185	0.853	1.0	0.9995901155158834
ARHGAP20	21.2	0.01	0.32	0.0442	0.965	1.0	0.9995901155158834
ARHGAP21	912.0	-0.02	0.08	-0.281	0.779	1.0	0.9995901155158834
ARHGAP22	34.2	-0.17	0.24	-0.705	0.481	1.0	0.9995901155158834
ARHGAP23	497.0	-0.05	0.14	-0.4	0.689	1.0	0.9995901155158834
ARHGAP24	679.0	-0.1	0.13	-0.759	0.448	1.0	0.9995901155158834
ARHGAP25	24.1	-0.1	0.26	-0.374	0.708	1.0	0.9995901155158834
ARHGAP26	271.0	-0.05	0.1	-0.573	0.567	1.0	0.9995901155158834
ARHGAP27	152.0	0.02	0.14	0.157	0.875	1.0	0.9995901155158834
ARHGAP28	707.0	-0.1	0.16	-0.614	0.54	1.0	0.9995901155158834
ARHGAP29	8140.0	0.06	0.1	0.661	0.509	1.0	0.9995901155158834
ARHGAP30	4.1	1.19	0.63	1.88	0.0597	1.0	0.9995901155158834
ARHGAP31	919.0	-0.05	0.08	-0.589	0.556	1.0	0.9995901155158834
ARHGAP32	95.4	-0.04	0.16	-0.244	0.808	1.0	0.9995901155158834
ARHGAP33	6.76	0.32	0.5	0.638	0.523	1.0	0.9995901155158834
ARHGAP35	904.0	-0.07	0.1	-0.695	0.487	1.0	0.9995901155158834
ARHGAP39	55.4	-0.2	0.18	-1.09	0.276	1.0	0.9995901155158834
ARHGAP4	85.7	0.03	0.18	0.17	0.865	1.0	0.9995901155158834
ARHGAP40	0.862	-0.13	1.34	-0.0982	0.922	1.0	0.9995901155158834
ARHGAP42	244.0	-0.12	0.12	-0.976	0.329	1.0	0.9995901155158834
ARHGAP44	29.5	-0.02	0.21	-0.0785	0.937	1.0	0.9995901155158834
ARHGAP45	50.6	0.37	0.19	1.91	0.0564	1.0	0.9995901155158834
ARHGAP5	441.0	0.06	0.08	0.768	0.443	1.0	0.9995901155158834
ARHGAP6	4.61	0.19	0.71	0.27	0.787	1.0	0.9995901155158834
ARHGAP8	1.26	1.06	1.25	0.852	0.394	1.0	0.9995901155158834
ARHGAP9	3.68	-0.59	0.72	-0.827	0.408	1.0	0.9995901155158834
ARHGDIA	2050.0	-0.01	0.1	-0.0731	0.942	1.0	0.9995901155158834
ARHGDIB	1470.0	-0.01	0.09	-0.149	0.881	1.0	0.9995901155158834
ARHGEF1	272.0	0.02	0.15	0.132	0.895	1.0	0.9995901155158834
ARHGEF10	334.0	-0.06	0.09	-0.677	0.498	1.0	0.9995901155158834
ARHGEF10L	143.0	0.15	0.13	1.16	0.246	1.0	0.9995901155158834
ARHGEF11	259.0	-0.05	0.11	-0.442	0.659	1.0	0.9995901155158834
ARHGEF12	2150.0	0.0	0.11	0.0439	0.965	1.0	0.9995901155158834
ARHGEF15	461.0	-0.11	0.09	-1.23	0.22	1.0	0.9995901155158834
ARHGEF16	47.4	-0.16	0.21	-0.768	0.442	1.0	0.9995901155158834
ARHGEF17	466.0	0.02	0.12	0.188	0.851	1.0	0.9995901155158834
ARHGEF18	322.0	0.13	0.09	1.41	0.159	1.0	0.9995901155158834
ARHGEF19	17.6	0.13	0.33	0.402	0.688	1.0	0.9995901155158834
ARHGEF2	680.0	0.05	0.09	0.594	0.553	1.0	0.9995901155158834
ARHGEF25	21.1	0.03	0.27	0.0989	0.921	1.0	0.9995901155158834
ARHGEF26	64.7	-0.05	0.14	-0.324	0.746	1.0	0.9995901155158834
ARHGEF28	12.3	-0.19	0.31	-0.607	0.544	1.0	0.9995901155158834
ARHGEF3	262.0	-0.18	0.17	-1.07	0.284	1.0	0.9995901155158834
ARHGEF33	0.966	0.65	1.29	0.506	0.613	1.0	0.9995901155158834
ARHGEF35	113.0	-0.1	0.31	-0.333	0.739	1.0	0.9995901155158834
ARHGEF37	24.5	-0.49	0.3	-1.63	0.103	1.0	0.9995901155158834
ARHGEF39	16.3	0.63	0.27	2.37	0.0179	1.0	0.9995901155158834
ARHGEF4	1.18	-0.99	1.07	-0.926	0.354	1.0	0.9995901155158834
ARHGEF40	481.0	-0.07	0.09	-0.741	0.459	1.0	0.9995901155158834
ARHGEF5	49.3	0.15	0.26	0.579	0.562	1.0	0.9995901155158834
ARHGEF6	218.0	-0.15	0.12	-1.29	0.196	1.0	0.9995901155158834
ARHGEF7	658.0	0.07	0.08	0.801	0.423	1.0	0.9995901155158834
ARHGEF9	103.0	-0.1	0.13	-0.785	0.432	1.0	0.9995901155158834
ARID1A	920.0	0.01	0.11	0.1	0.92	1.0	0.9995901155158834
ARID1B	515.0	-0.01	0.1	-0.0815	0.935	1.0	0.9995901155158834
ARID2	282.0	-0.03	0.11	-0.318	0.751	1.0	0.9995901155158834
ARID3A	697.0	0.13	0.08	1.64	0.101	1.0	0.9995901155158834
ARID3B	288.0	-0.1	0.13	-0.789	0.43	1.0	0.9995901155158834
ARID4A	573.0	-0.07	0.11	-0.652	0.514	1.0	0.9995901155158834
ARID4B	1200.0	-0.02	0.09	-0.189	0.85	1.0	0.9995901155158834
ARID5A	19.3	-0.11	0.23	-0.488	0.626	1.0	0.9995901155158834
ARID5B	67.0	-0.08	0.19	-0.448	0.654	1.0	0.9995901155158834
ARIH1	591.0	0.0	0.09	0.0132	0.989	1.0	0.9995901155158834
ARIH2	441.0	0.04	0.1	0.364	0.716	1.0	0.9995901155158834
ARL1	774.0	0.06	0.08	0.708	0.479	1.0	0.9995901155158834
ARL10	629.0	0.1	0.11	0.949	0.343	1.0	0.9995901155158834
ARL11	6.38	0.31	0.53	0.59	0.555	1.0	0.9995901155158834
ARL13A	0.503	1.68	1.59	1.06	0.29	1.0	0.9995901155158834
ARL13B	183.0	0.09	0.1	0.864	0.388	1.0	0.9995901155158834
ARL14	0.524	2.24	1.56	1.44	0.15	1.0	0.9995901155158834
ARL14EP	223.0	-0.06	0.11	-0.572	0.567	1.0	0.9995901155158834
ARL15	84.3	0.15	0.16	0.915	0.36	1.0	0.9995901155158834
ARL16	144.0	0.02	0.15	0.116	0.908	1.0	0.9995901155158834
ARL17A	104.0	0.48	0.33	1.48	0.139	1.0	0.9995901155158834
ARL17B	134.0	0.07	0.12	0.636	0.525	1.0	0.9995901155158834
ARL2	84.4	-0.15	0.18	-0.857	0.392	1.0	0.9995901155158834
ARL2BP	297.0	0.08	0.12	0.693	0.488	1.0	0.9995901155158834
ARL3	272.0	-0.03	0.09	-0.326	0.745	1.0	0.9995901155158834
ARL4A	226.0	0.21	0.13	1.67	0.0956	1.0	0.9995901155158834
ARL4C	205.0	0.14	0.19	0.744	0.457	1.0	0.9995901155158834
ARL4D	69.8	0.09	0.2	0.438	0.661	1.0	0.9995901155158834
ARL5A	469.0	0.09	0.1	0.944	0.345	1.0	0.9995901155158834
ARL5B	625.0	0.12	0.11	1.1	0.273	1.0	0.9995901155158834
ARL6	104.0	-0.04	0.14	-0.287	0.774	1.0	0.9995901155158834
ARL6IP1	1490.0	0.02	0.09	0.22	0.826	1.0	0.9995901155158834
ARL6IP4	1200.0	-0.11	0.08	-1.38	0.168	1.0	0.9995901155158834
ARL6IP5	554.0	-0.01	0.08	-0.0681	0.946	1.0	0.9995901155158834
ARL6IP6	198.0	0.01	0.09	0.11	0.912	1.0	0.9995901155158834
ARL8A	187.0	-0.03	0.11	-0.274	0.784	1.0	0.9995901155158834
ARL8B	797.0	-0.03	0.11	-0.235	0.814	1.0	0.9995901155158834
ARL9	3.68	-0.38	0.69	-0.543	0.587	1.0	0.9995901155158834
ARMC1	409.0	0.07	0.12	0.598	0.55	1.0	0.9995901155158834
ARMC10	138.0	-0.31	0.12	-2.65	0.00796	1.0	0.9995901155158834
ARMC2	12.9	-0.11	0.32	-0.354	0.723	1.0	0.9995901155158834
ARMC3	1.04	0.16	1.37	0.114	0.909	1.0	0.9995901155158834
ARMC5	85.3	0.17	0.17	1.05	0.295	1.0	0.9995901155158834
ARMC6	178.0	-0.09	0.12	-0.709	0.478	1.0	0.9995901155158834
ARMC7	62.2	-0.03	0.15	-0.181	0.857	1.0	0.9995901155158834
ARMC8	327.0	0.11	0.1	1.09	0.278	1.0	0.9995901155158834
ARMC9	206.0	-0.08	0.13	-0.601	0.548	1.0	0.9995901155158834
ARMCX1	285.0	-0.0	0.09	-0.0138	0.989	1.0	0.9995901155158834
ARMCX2	802.0	-0.11	0.09	-1.15	0.25	1.0	0.9995901155158834
ARMCX3	3720.0	0.07	0.07	0.927	0.354	1.0	0.9995901155158834
ARMCX4	156.0	-0.05	0.19	-0.289	0.772	1.0	0.9995901155158834
ARMCX5	86.6	-0.24	0.12	-1.96	0.0503	1.0	0.9995901155158834
ARMCX5-GPRASP2	82.3	0.34	0.4	0.859	0.39	1.0	0.9995901155158834
ARMCX6	587.0	-0.01	0.07	-0.183	0.855	1.0	0.9995901155158834
ARMH1	0.443	0.6	1.99	0.3	0.765	1.0	0.9995901155158834
ARMH3	136.0	-0.02	0.13	-0.16	0.873	1.0	0.9995901155158834
ARMH4	116.0	0.09	0.16	0.577	0.564	1.0	0.9995901155158834
ARMT1	530.0	-0.0	0.07	-0.0293	0.977	1.0	0.9995901155158834
ARNT	433.0	-0.04	0.09	-0.438	0.662	1.0	0.9995901155158834
ARNT2	18.8	0.33	0.3	1.09	0.275	1.0	0.9995901155158834
ARNTL	57.1	-0.47	0.17	-2.82	0.00481	1.0	0.9995901155158834
ARNTL2	156.0	0.2	0.12	1.63	0.103	1.0	0.9995901155158834
ARPC1A	980.0	0.05	0.08	0.655	0.512	1.0	0.9995901155158834
ARPC1B	801.0	0.03	0.12	0.223	0.823	1.0	0.9995901155158834
ARPC2	2520.0	-0.09	0.08	-1.18	0.236	1.0	0.9995901155158834
ARPC3	1750.0	-0.0	0.09	-0.0494	0.961	1.0	0.9995901155158834
ARPC4	905.0	0.05	0.1	0.526	0.599	1.0	0.9995901155158834
ARPC4-TTLL3	35.4	-0.16	0.31	-0.539	0.59	1.0	0.9995901155158834
ARPC5	2530.0	-0.06	0.08	-0.788	0.431	1.0	0.9995901155158834
ARPC5L	1010.0	-0.03	0.08	-0.307	0.759	1.0	0.9995901155158834
ARPIN	248.0	0.07	0.09	0.767	0.443	1.0	0.9995901155158834
ARPIN-AP3S2	186.0	-0.01	0.18	-0.0732	0.942	1.0	0.9995901155158834
ARPP19	1880.0	0.07	0.07	0.926	0.355	1.0	0.9995901155158834
ARR3	0.856	0.41	1.41	0.291	0.771	1.0	0.9995901155158834
ARRB1	1060.0	-0.0	0.09	-0.00186	0.999	1.0	0.9995901155158834
ARRB2	48.9	0.02	0.16	0.155	0.876	1.0	0.9995901155158834
ARRDC1	34.3	-0.03	0.22	-0.13	0.897	1.0	0.9995901155158834
ARRDC2	80.6	-0.05	0.15	-0.351	0.725	1.0	0.9995901155158834
ARRDC3	1650.0	0.05	0.12	0.394	0.694	1.0	0.9995901155158834
ARRDC4	110.0	0.02	0.13	0.181	0.856	1.0	0.9995901155158834
ARSA	98.9	0.22	0.14	1.65	0.0992	1.0	0.9995901155158834
ARSB	374.0	-0.01	0.08	-0.123	0.902	1.0	0.9995901155158834
ARSD	169.0	0.0	0.16	0.0254	0.98	1.0	0.9995901155158834
ARSG	53.9	0.33	0.19	1.75	0.0804	1.0	0.9995901155158834
ARSJ	72.0	0.07	0.24	0.296	0.767	1.0	0.9995901155158834
ARSK	86.6	-0.13	0.14	-0.944	0.345	1.0	0.9995901155158834
ARSL	3.06	-0.45	0.77	-0.582	0.561	1.0	0.9995901155158834
ART4	193.0	0.06	0.17	0.377	0.706	1.0	0.9995901155158834
ART5	0.855	-0.67	1.3	-0.512	0.609	1.0	0.9995901155158834
ARV1	41.0	0.27	0.22	1.26	0.207	1.0	0.9995901155158834
ARVCF	170.0	-0.2	0.13	-1.55	0.12	1.0	0.9995901155158834
AS3MT	137.0	-0.02	0.13	-0.127	0.899	1.0	0.9995901155158834
ASAH1	1020.0	-0.03	0.08	-0.379	0.704	1.0	0.9995901155158834
ASAH2	23.9	-0.01	0.6	-0.0211	0.983	1.0	0.9995901155158834
ASAH2B	34.0	-0.13	0.27	-0.465	0.642	1.0	0.9995901155158834
ASAP1	949.0	0.04	0.1	0.384	0.701	1.0	0.9995901155158834
ASAP2	894.0	-0.03	0.07	-0.475	0.635	1.0	0.9995901155158834
ASAP3	120.0	-0.14	0.15	-0.91	0.363	1.0	0.9995901155158834
ASB1	335.0	0.18	0.1	1.8	0.0722	1.0	0.9995901155158834
ASB11	1.86	2.58	1.03	2.52	0.0118	1.0	0.9995901155158834
ASB12	0.493	-1.8	1.91	-0.941	0.347	1.0	0.9995901155158834
ASB13	153.0	0.07	0.16	0.432	0.665	1.0	0.9995901155158834
ASB14	5.69	0.43	0.56	0.766	0.444	1.0	0.9995901155158834
ASB16	14.1	-0.24	0.33	-0.712	0.477	1.0	0.9995901155158834
ASB18	0.573	1.86	1.69	1.1	0.272	1.0	0.9995901155158834
ASB2	0.423	-0.94	1.99	-0.47	0.639	1.0	0.9995901155158834
ASB3	176.0	0.12	0.11	1.09	0.278	1.0	0.9995901155158834
ASB4	0.743	0.44	1.18	0.375	0.707	1.0	0.9995901155158834
ASB6	129.0	-0.05	0.15	-0.32	0.749	1.0	0.9995901155158834
ASB7	133.0	-0.07	0.13	-0.51	0.61	1.0	0.9995901155158834
ASB8	212.0	0.08	0.11	0.709	0.478	1.0	0.9995901155158834
ASB9	59.0	-0.05	0.17	-0.263	0.793	1.0	0.9995901155158834
ASCC1	214.0	0.04	0.11	0.388	0.698	1.0	0.9995901155158834
ASCC2	261.0	-0.09	0.14	-0.664	0.507	1.0	0.9995901155158834
ASCC3	717.0	0.11	0.13	0.857	0.391	1.0	0.9995901155158834
ASDURF	55.4	0.12	0.44	0.274	0.784	1.0	0.9995901155158834
ASF1A	205.0	-0.04	0.11	-0.401	0.689	1.0	0.9995901155158834
ASF1B	29.8	-0.02	0.29	-0.065	0.948	1.0	0.9995901155158834
ASGR1	28.4	0.15	0.36	0.411	0.681	1.0	0.9995901155158834
ASH1L	325.0	-0.03	0.14	-0.223	0.823	1.0	0.9995901155158834
ASH2L	747.0	-0.02	0.08	-0.287	0.774	1.0	0.9995901155158834
ASIC1	3.19	-0.05	0.6	-0.0864	0.931	1.0	0.9995901155158834
ASIC2	3.71	1.12	0.71	1.58	0.113	1.0	0.9995901155158834
ASIC3	1.06	1.09	1.49	0.729	0.466	1.0	0.9995901155158834
ASL	275.0	-0.01	0.13	-0.109	0.913	1.0	0.9995901155158834
ASMT	0.74	1.61	1.5	1.08	0.281	1.0	0.9995901155158834
ASMTL	141.0	-0.06	0.12	-0.51	0.61	1.0	0.9995901155158834
ASNS	71.2	-0.05	0.15	-0.356	0.722	1.0	0.9995901155158834
ASNSD1	411.0	-0.09	0.1	-0.942	0.346	1.0	0.9995901155158834
ASPA	4.79	0.87	0.57	1.52	0.128	1.0	0.9995901155158834
ASPH	2260.0	-0.01	0.1	-0.127	0.899	1.0	0.9995901155158834
ASPHD1	3.2	-0.99	0.85	-1.16	0.244	1.0	0.9995901155158834
ASPHD2	109.0	-0.08	0.14	-0.608	0.543	1.0	0.9995901155158834
ASPM	117.0	-0.01	0.21	-0.0697	0.944	1.0	0.9995901155158834
ASPRV1	1.54	-0.11	1.02	-0.109	0.913	1.0	0.9995901155158834
ASPSCR1	71.7	-0.07	0.18	-0.399	0.69	1.0	0.9995901155158834
ASRGL1	35.9	-0.12	0.22	-0.529	0.597	1.0	0.9995901155158834
ASS1	4.65	0.62	0.54	1.14	0.253	1.0	0.9995901155158834
ASTE1	40.2	-0.21	0.19	-1.07	0.284	1.0	0.9995901155158834
ASTN1	44.9	-0.01	0.18	-0.076	0.939	1.0	0.9995901155158834
ASTN2	453.0	0.39	0.22	1.77	0.0771	1.0	0.9995901155158834
ASXL1	461.0	-0.04	0.09	-0.442	0.658	1.0	0.9995901155158834
ASXL2	558.0	0.06	0.1	0.577	0.564	1.0	0.9995901155158834
ASXL3	45.5	0.11	0.21	0.524	0.6	1.0	0.9995901155158834
ATAD1	1110.0	0.08	0.08	1.04	0.299	1.0	0.9995901155158834
ATAD2	513.0	0.0	0.12	0.0102	0.992	1.0	0.9995901155158834
ATAD2B	394.0	0.09	0.12	0.787	0.431	1.0	0.9995901155158834
ATAD3A	342.0	0.04	0.11	0.319	0.75	1.0	0.9995901155158834
ATAD3B	137.0	-0.02	0.17	-0.0918	0.927	1.0	0.9995901155158834
ATAD3C	5.79	0.16	0.55	0.294	0.769	1.0	0.9995901155158834
ATAD5	98.4	-0.1	0.15	-0.632	0.527	1.0	0.9995901155158834
ATAT1	38.9	-0.03	0.21	-0.153	0.879	1.0	0.9995901155158834
ATCAY	15.5	-0.28	0.32	-0.869	0.385	1.0	0.9995901155158834
ATE1	138.0	-0.03	0.12	-0.276	0.783	1.0	0.9995901155158834
ATF1	138.0	0.14	0.15	0.926	0.354	1.0	0.9995901155158834
ATF2	315.0	0.1	0.11	0.939	0.348	1.0	0.9995901155158834
ATF3	28.2	-0.15	0.21	-0.735	0.462	1.0	0.9995901155158834
ATF4	673.0	-0.08	0.08	-0.93	0.353	1.0	0.9995901155158834
ATF5	122.0	0.03	0.16	0.178	0.859	1.0	0.9995901155158834
ATF6	527.0	0.05	0.07	0.725	0.469	1.0	0.9995901155158834
ATF6B	338.0	0.04	0.09	0.422	0.673	1.0	0.9995901155158834
ATF7	342.0	0.01	0.14	0.0457	0.964	1.0	0.9995901155158834
ATF7IP	1140.0	0.04	0.09	0.486	0.627	1.0	0.9995901155158834
ATF7IP2	38.5	0.19	0.23	0.81	0.418	1.0	0.9995901155158834
ATG10	79.3	0.12	0.15	0.795	0.427	1.0	0.9995901155158834
ATG101	252.0	-0.06	0.12	-0.492	0.622	1.0	0.9995901155158834
ATG12	445.0	0.05	0.09	0.63	0.529	1.0	0.9995901155158834
ATG13	246.0	-0.16	0.12	-1.38	0.167	1.0	0.9995901155158834
ATG14	260.0	-0.01	0.09	-0.0664	0.947	1.0	0.9995901155158834
ATG16L1	486.0	0.04	0.09	0.473	0.636	1.0	0.9995901155158834
ATG16L2	40.5	0.24	0.24	1.01	0.314	1.0	0.9995901155158834
ATG2A	67.4	0.09	0.16	0.571	0.568	1.0	0.9995901155158834
ATG2B	234.0	0.07	0.1	0.7	0.484	1.0	0.9995901155158834
ATG3	865.0	-0.12	0.08	-1.55	0.12	1.0	0.9995901155158834
ATG4A	230.0	-0.02	0.11	-0.159	0.874	1.0	0.9995901155158834
ATG4B	202.0	0.18	0.14	1.23	0.219	1.0	0.9995901155158834
ATG4C	64.3	-0.05	0.15	-0.322	0.748	1.0	0.9995901155158834
ATG4D	30.9	0.18	0.21	0.829	0.407	1.0	0.9995901155158834
ATG5	164.0	0.13	0.13	1.01	0.313	1.0	0.9995901155158834
ATG7	79.1	-0.2	0.16	-1.28	0.202	1.0	0.9995901155158834
ATG9A	159.0	0.06	0.12	0.473	0.636	1.0	0.9995901155158834
ATG9B	1.42	0.76	1.17	0.648	0.517	1.0	0.9995901155158834
ATIC	216.0	-0.1	0.1	-1.03	0.305	1.0	0.9995901155158834
ATL1	67.3	-0.38	0.17	-2.23	0.0257	1.0	0.9995901155158834
ATL2	397.0	-0.03	0.1	-0.31	0.756	1.0	0.9995901155158834
ATL3	835.0	0.12	0.08	1.53	0.125	1.0	0.9995901155158834
ATM	346.0	-0.02	0.18	-0.0918	0.927	1.0	0.9995901155158834
ATMIN	220.0	0.05	0.1	0.558	0.577	1.0	0.9995901155158834
ATN1	668.0	-0.09	0.1	-0.883	0.377	1.0	0.9995901155158834
ATOH7	0.78	1.22	1.25	0.975	0.33	1.0	0.9995901155158834
ATOH8	2.06	0.7	0.99	0.708	0.479	1.0	0.9995901155158834
ATOX1	45.9	0.17	0.28	0.617	0.537	1.0	0.9995901155158834
ATP10A	1.81	-1.87	1.27	-1.48	0.14	1.0	0.9995901155158834
ATP10B	3.71	-0.4	0.64	-0.63	0.529	1.0	0.9995901155158834
ATP10D	172.0	0.13	0.11	1.14	0.255	1.0	0.9995901155158834
ATP11A	1200.0	0.0	0.11	0.00781	0.994	1.0	0.9995901155158834
ATP11B	320.0	-0.02	0.1	-0.154	0.878	1.0	0.9995901155158834
ATP11C	1530.0	0.05	0.07	0.724	0.469	1.0	0.9995901155158834
ATP13A1	165.0	0.12	0.19	0.619	0.536	1.0	0.9995901155158834
ATP13A2	273.0	0.08	0.12	0.696	0.486	1.0	0.9995901155158834
ATP13A3	1430.0	-0.04	0.14	-0.261	0.794	1.0	0.9995901155158834
ATP13A4	1.26	-2.25	1.19	-1.89	0.0592	1.0	0.9995901155158834
ATP1A1	4840.0	-0.03	0.06	-0.496	0.62	1.0	0.9995901155158834
ATP1A3	1.19	0.31	1.33	0.233	0.816	1.0	0.9995901155158834
ATP1B1	660.0	0.02	0.15	0.164	0.87	1.0	0.9995901155158834
ATP1B2	16.9	0.11	0.27	0.405	0.685	1.0	0.9995901155158834
ATP1B3	2640.0	0.04	0.08	0.453	0.65	1.0	0.9995901155158834
ATP1B4	1.58	1.58	1.18	1.34	0.18	1.0	0.9995901155158834
ATP23	16.7	0.06	0.38	0.17	0.865	1.0	0.9995901155158834
ATP2A1	2.0	0.05	1.09	0.0454	0.964	1.0	0.9995901155158834
ATP2A2	2160.0	-0.0	0.06	-0.0365	0.971	1.0	0.9995901155158834
ATP2A3	13.6	-0.03	0.33	-0.0866	0.931	1.0	0.9995901155158834
ATP2B1	1530.0	0.02	0.07	0.332	0.74	1.0	0.9995901155158834
ATP2B2	0.437	-0.34	1.7	-0.201	0.841	1.0	0.9995901155158834
ATP2B4	1210.0	0.0	0.07	0.0359	0.971	1.0	0.9995901155158834
ATP2C1	1220.0	-0.04	0.08	-0.491	0.623	1.0	0.9995901155158834
ATP2C2	0.662	1.79	1.52	1.18	0.24	1.0	0.9995901155158834
ATP5F1A	3010.0	-0.03	0.07	-0.451	0.652	1.0	0.9995901155158834
ATP5F1B	3500.0	-0.05	0.07	-0.695	0.487	1.0	0.9995901155158834
ATP5F1C	590.0	-0.04	0.08	-0.517	0.605	1.0	0.9995901155158834
ATP5F1D	42.8	-0.14	0.26	-0.544	0.586	1.0	0.9995901155158834
ATP5F1E	286.0	-0.13	0.14	-0.924	0.356	1.0	0.9995901155158834
ATP5IF1	361.0	-0.11	0.13	-0.837	0.403	1.0	0.9995901155158834
ATP5MC1	22.8	0.04	0.29	0.128	0.898	1.0	0.9995901155158834
ATP5MC2	256.0	-0.06	0.23	-0.258	0.796	1.0	0.9995901155158834
ATP5MC3	599.0	-0.05	0.08	-0.583	0.56	1.0	0.9995901155158834
ATP5ME	216.0	0.04	0.12	0.307	0.759	1.0	0.9995901155158834
ATP5MF	259.0	-0.08	0.15	-0.51	0.61	1.0	0.9995901155158834
ATP5MF-PTCD1	1.5	-3.43	3.01	-1.14	0.254	1.0	0.9995901155158834
ATP5MG	585.0	0.01	0.09	0.14	0.889	1.0	0.9995901155158834
ATP5MGL	1.0	-0.28	1.22	-0.231	0.817	1.0	0.9995901155158834
ATP5MJ	264.0	0.11	0.15	0.716	0.474	1.0	0.9995901155158834
ATP5MK	185.0	-0.12	0.14	-0.875	0.381	1.0	0.9995901155158834
ATP5PB	781.0	-0.06	0.07	-0.863	0.388	1.0	0.9995901155158834
ATP5PD	369.0	0.02	0.1	0.189	0.85	1.0	0.9995901155158834
ATP5PF	352.0	-0.11	0.12	-0.911	0.362	1.0	0.9995901155158834
ATP5PO	452.0	-0.02	0.11	-0.197	0.844	1.0	0.9995901155158834
ATP6	3700.0	-0.02	0.23	-0.0826	0.934	1.0	0.9995901155158834
ATP6AP1	979.0	-0.06	0.09	-0.701	0.483	1.0	0.9995901155158834
ATP6AP2	1550.0	-0.04	0.09	-0.49	0.624	1.0	0.9995901155158834
ATP6V0A1	312.0	-0.0	0.1	-0.0164	0.987	1.0	0.9995901155158834
ATP6V0A2	607.0	0.01	0.08	0.15	0.881	1.0	0.9995901155158834
ATP6V0B	468.0	0.12	0.13	0.947	0.343	1.0	0.9995901155158834
ATP6V0C	316.0	-0.17	0.17	-0.987	0.324	1.0	0.9995901155158834
ATP6V0D1	465.0	0.02	0.09	0.198	0.843	1.0	0.9995901155158834
ATP6V0D2	14.7	-0.23	0.38	-0.603	0.546	1.0	0.9995901155158834
ATP6V0E1	572.0	0.04	0.08	0.49	0.624	1.0	0.9995901155158834
ATP6V0E2	46.8	0.21	0.21	0.996	0.319	1.0	0.9995901155158834
ATP6V1A	912.0	0.04	0.08	0.464	0.643	1.0	0.9995901155158834
ATP6V1B2	1140.0	0.02	0.08	0.237	0.812	1.0	0.9995901155158834
ATP6V1C1	719.0	0.08	0.07	1.16	0.245	1.0	0.9995901155158834
ATP6V1C2	11.1	-0.02	0.38	-0.0542	0.957	1.0	0.9995901155158834
ATP6V1D	541.0	0.08	0.09	0.887	0.375	1.0	0.9995901155158834
ATP6V1E1	822.0	0.04	0.08	0.469	0.639	1.0	0.9995901155158834
ATP6V1E2	7.27	0.26	0.53	0.493	0.622	1.0	0.9995901155158834
ATP6V1F	207.0	-0.21	0.14	-1.54	0.124	1.0	0.9995901155158834
ATP6V1FNB	3.08	-0.3	0.77	-0.385	0.7	1.0	0.9995901155158834
ATP6V1G1	609.0	0.15	0.11	1.36	0.174	1.0	0.9995901155158834
ATP6V1G2	2.13	-0.35	0.79	-0.438	0.661	1.0	0.9995901155158834
ATP6V1H	429.0	0.13	0.08	1.51	0.131	1.0	0.9995901155158834
ATP7A	297.0	-0.02	0.1	-0.18	0.857	1.0	0.9995901155158834
ATP7B	138.0	0.02	0.12	0.163	0.871	1.0	0.9995901155158834
ATP8	1240.0	0.01	0.24	0.0585	0.953	1.0	0.9995901155158834
ATP8A1	541.0	0.01	0.1	0.127	0.899	1.0	0.9995901155158834
ATP8A2	49.0	-0.13	0.17	-0.787	0.431	1.0	0.9995901155158834
ATP8B1	588.0	0.04	0.1	0.4	0.689	1.0	0.9995901155158834
ATP8B2	747.0	0.12	0.07	1.74	0.0827	1.0	0.9995901155158834
ATP8B3	2.73	0.44	0.75	0.581	0.561	1.0	0.9995901155158834
ATP8B4	4.7	0.01	0.57	0.018	0.986	1.0	0.9995901155158834
ATP9A	828.0	0.02	0.08	0.298	0.766	1.0	0.9995901155158834
ATP9B	132.0	0.06	0.13	0.465	0.642	1.0	0.9995901155158834
ATPAF1	277.0	0.08	0.08	0.976	0.329	1.0	0.9995901155158834
ATPAF2	54.2	-0.21	0.2	-1.06	0.289	1.0	0.9995901155158834
ATPSCKMT	123.0	-0.16	0.15	-1.11	0.269	1.0	0.9995901155158834
ATR	259.0	0.12	0.11	1.07	0.283	1.0	0.9995901155158834
ATRAID	196.0	-0.18	0.17	-1.07	0.284	1.0	0.9995901155158834
ATRIP	48.9	-0.09	0.19	-0.458	0.647	1.0	0.9995901155158834
ATRN	1000.0	0.03	0.09	0.348	0.728	1.0	0.9995901155158834
ATRNL1	78.4	-0.27	0.17	-1.61	0.108	1.0	0.9995901155158834
ATRX	2000.0	0.03	0.11	0.252	0.801	1.0	0.9995901155158834
ATXN1	318.0	-0.08	0.09	-0.964	0.335	1.0	0.9995901155158834
ATXN10	948.0	0.0	0.08	0.0524	0.958	1.0	0.9995901155158834
ATXN1L	743.0	0.07	0.1	0.681	0.496	1.0	0.9995901155158834
ATXN2	254.0	-0.14	0.11	-1.22	0.221	1.0	0.9995901155158834
ATXN2L	528.0	0.05	0.1	0.469	0.639	1.0	0.9995901155158834
ATXN3	184.0	0.25	0.12	2.0	0.046	1.0	0.9995901155158834
ATXN7	192.0	0.18	0.12	1.56	0.119	1.0	0.9995901155158834
ATXN7L1	55.6	-0.1	0.22	-0.456	0.648	1.0	0.9995901155158834
ATXN7L2	13.8	0.16	0.29	0.56	0.576	1.0	0.9995901155158834
ATXN7L3	647.0	0.09	0.07	1.24	0.215	1.0	0.9995901155158834
ATXN7L3B	950.0	0.02	0.06	0.33	0.742	1.0	0.9995901155158834
AUH	55.3	0.16	0.16	1.0	0.316	1.0	0.9995901155158834
AUNIP	41.7	-0.02	0.2	-0.102	0.919	1.0	0.9995901155158834
AUP1	286.0	-0.06	0.14	-0.395	0.693	1.0	0.9995901155158834
AURKA	130.0	0.1	0.11	0.83	0.407	1.0	0.9995901155158834
AURKAIP1	209.0	-0.07	0.12	-0.639	0.523	1.0	0.9995901155158834
AURKB	59.3	-0.15	0.17	-0.843	0.399	1.0	0.9995901155158834
AURKC	4.14	-0.27	0.58	-0.47	0.638	1.0	0.9995901155158834
AUTS2	198.0	0.13	0.1	1.22	0.224	1.0	0.9995901155158834
AVEN	148.0	-0.03	0.11	-0.253	0.8	1.0	0.9995901155158834
AVIL	4.85	0.2	0.63	0.311	0.756	1.0	0.9995901155158834
AVL9	424.0	0.13	0.07	1.7	0.0895	1.0	0.9995901155158834
AVPI1	2.36	-1.35	1.0	-1.35	0.177	1.0	0.9995901155158834
AVPR1A	7.29	0.42	0.49	0.867	0.386	1.0	0.9995901155158834
AVPR2	1.84	0.38	1.02	0.372	0.71	1.0	0.9995901155158834
AXDND1	1.11	-0.28	1.56	-0.176	0.86	1.0	0.9995901155158834
AXIN1	200.0	-0.23	0.09	-2.39	0.0166	1.0	0.9995901155158834
AXIN2	54.3	0.02	0.18	0.0906	0.928	1.0	0.9995901155158834
AXL	101.0	-0.06	0.37	-0.162	0.871	1.0	0.9995901155158834
AZI2	144.0	-0.01	0.14	-0.101	0.919	1.0	0.9995901155158834
AZIN1	2120.0	0.03	0.07	0.498	0.618	1.0	0.9995901155158834
AZIN2	14.5	-0.01	0.39	-0.037	0.97	1.0	0.9995901155158834
B2M	1770.0	-0.06	0.08	-0.762	0.446	1.0	0.9995901155158834
B3GALNT1	636.0	0.12	0.09	1.34	0.18	1.0	0.9995901155158834
B3GALNT2	185.0	0.08	0.11	0.757	0.449	1.0	0.9995901155158834
B3GALT1	32.7	0.23	0.23	0.967	0.333	1.0	0.9995901155158834
B3GALT4	17.2	-0.18	0.3	-0.625	0.532	1.0	0.9995901155158834
B3GALT5	13.8	0.11	0.38	0.299	0.765	1.0	0.9995901155158834
B3GALT6	620.0	-0.02	0.07	-0.254	0.799	1.0	0.9995901155158834
B3GALT9	45.6	0.07	0.2	0.337	0.736	1.0	0.9995901155158834
B3GAT1	7.32	-0.11	0.47	-0.226	0.821	1.0	0.9995901155158834
B3GAT2	1.61	1.45	0.93	1.56	0.12	1.0	0.9995901155158834
B3GAT3	92.8	-0.13	0.15	-0.846	0.398	1.0	0.9995901155158834
B3GLCT	402.0	0.04	0.11	0.325	0.745	1.0	0.9995901155158834
B3GNT2	818.0	0.06	0.1	0.582	0.561	1.0	0.9995901155158834
B3GNT3	0.494	-0.46	1.82	-0.252	0.801	1.0	0.9995901155158834
B3GNT4	1.17	1.81	1.33	1.36	0.173	1.0	0.9995901155158834
B3GNT5	193.0	0.18	0.14	1.35	0.178	1.0	0.9995901155158834
B3GNT7	9.53	0.53	0.39	1.37	0.17	1.0	0.9995901155158834
B3GNT8	10.3	-0.17	0.44	-0.393	0.694	1.0	0.9995901155158834
B3GNT9	34.6	0.03	0.28	0.0932	0.926	1.0	0.9995901155158834
B3GNTL1	12.2	-0.02	0.37	-0.044	0.965	1.0	0.9995901155158834
B4GALNT1	2.94	0.81	0.74	1.1	0.273	1.0	0.9995901155158834
B4GALNT2	27.4	0.1	0.33	0.296	0.767	1.0	0.9995901155158834
B4GALNT3	10.0	-0.81	0.44	-1.85	0.0637	1.0	0.9995901155158834
B4GALNT4	24.6	0.0	0.27	0.00587	0.995	1.0	0.9995901155158834
B4GALT1	1670.0	0.08	0.09	0.874	0.382	1.0	0.9995901155158834
B4GALT2	112.0	-0.3	0.16	-1.9	0.0569	1.0	0.9995901155158834
B4GALT3	114.0	0.02	0.15	0.134	0.894	1.0	0.9995901155158834
B4GALT4	176.0	-0.03	0.11	-0.24	0.81	1.0	0.9995901155158834
B4GALT5	1680.0	0.11	0.09	1.29	0.198	1.0	0.9995901155158834
B4GALT6	416.0	0.14	0.12	1.23	0.217	1.0	0.9995901155158834
B4GALT7	77.4	0.07	0.15	0.501	0.617	1.0	0.9995901155158834
B4GAT1	253.0	0.04	0.1	0.377	0.706	1.0	0.9995901155158834
B9D1	8.75	0.28	0.44	0.633	0.527	1.0	0.9995901155158834
B9D2	11.5	-0.49	0.37	-1.34	0.18	1.0	0.9995901155158834
BAALC	313.0	-0.05	0.13	-0.393	0.695	1.0	0.9995901155158834
BAAT	1.62	-0.01	0.9	-0.00868	0.993	1.0	0.9995901155158834
BABAM1	221.0	-0.07	0.14	-0.476	0.634	1.0	0.9995901155158834
BABAM2	119.0	-0.06	0.12	-0.457	0.647	1.0	0.9995901155158834
BACE1	284.0	-0.0	0.08	-0.0289	0.977	1.0	0.9995901155158834
BACE2	760.0	0.12	0.09	1.35	0.178	1.0	0.9995901155158834
BACH1	416.0	-0.01	0.08	-0.0813	0.935	1.0	0.9995901155158834
BACH2	42.1	0.27	0.17	1.54	0.124	1.0	0.9995901155158834
BAD	85.6	-0.27	0.18	-1.49	0.137	1.0	0.9995901155158834
BAG1	475.0	-0.1	0.1	-0.985	0.325	1.0	0.9995901155158834
BAG2	65.2	0.11	0.19	0.584	0.559	1.0	0.9995901155158834
BAG3	294.0	-0.07	0.11	-0.643	0.52	1.0	0.9995901155158834
BAG4	285.0	0.09	0.12	0.778	0.437	1.0	0.9995901155158834
BAG5	544.0	-0.03	0.08	-0.369	0.712	1.0	0.9995901155158834
BAG6	1060.0	-0.04	0.08	-0.533	0.594	1.0	0.9995901155158834
BAHCC1	153.0	0.11	0.14	0.796	0.426	1.0	0.9995901155158834
BAHD1	192.0	0.07	0.09	0.826	0.409	1.0	0.9995901155158834
BAIAP2	58.7	0.25	0.15	1.66	0.0974	1.0	0.9995901155158834
BAIAP2L1	4.88	0.93	0.54	1.71	0.0868	1.0	0.9995901155158834
BAIAP3	20.3	0.24	0.27	0.88	0.379	1.0	0.9995901155158834
BAK1	86.0	0.16	0.19	0.866	0.386	1.0	0.9995901155158834
BAMBI	102.0	-0.11	0.17	-0.652	0.514	1.0	0.9995901155158834
BANF1	1210.0	0.04	0.1	0.387	0.699	1.0	0.9995901155158834
BANK1	2.33	-0.9	0.87	-1.04	0.3	1.0	0.9995901155158834
BANP	99.8	-0.3	0.16	-1.87	0.0613	1.0	0.9995901155158834
BAP1	586.0	-0.11	0.09	-1.2	0.229	1.0	0.9995901155158834
BARD1	104.0	0.1	0.12	0.818	0.413	1.0	0.9995901155158834
BASP1	1490.0	0.09	0.1	0.9	0.368	1.0	0.9995901155158834
BATF	0.655	2.12	1.42	1.49	0.136	1.0	0.9995901155158834
BATF2	7.2	0.18	0.5	0.35	0.726	1.0	0.9995901155158834
BATF3	2.16	-0.14	0.92	-0.155	0.877	1.0	0.9995901155158834
BAX	289.0	-0.08	0.12	-0.676	0.499	1.0	0.9995901155158834
BAZ1A	2020.0	0.02	0.1	0.242	0.809	1.0	0.9995901155158834
BAZ1B	2590.0	0.02	0.09	0.227	0.82	1.0	0.9995901155158834
BAZ2A	1270.0	-0.02	0.09	-0.227	0.82	1.0	0.9995901155158834
BAZ2B	607.0	-0.08	0.12	-0.684	0.494	1.0	0.9995901155158834
BBC3	14.8	-0.07	0.29	-0.225	0.822	1.0	0.9995901155158834
BBIP1	30.4	-0.09	0.27	-0.325	0.745	1.0	0.9995901155158834
BBLN	30.0	0.03	0.32	0.0932	0.926	1.0	0.9995901155158834
BBOF1	18.4	0.32	0.25	1.31	0.19	1.0	0.9995901155158834
BBS1	53.8	-0.13	0.2	-0.641	0.522	1.0	0.9995901155158834
BBS10	211.0	0.03	0.11	0.302	0.762	1.0	0.9995901155158834
BBS12	30.4	-0.26	0.26	-1.02	0.306	1.0	0.9995901155158834
BBS2	298.0	0.11	0.09	1.24	0.213	1.0	0.9995901155158834
BBS4	33.5	-0.07	0.24	-0.296	0.767	1.0	0.9995901155158834
BBS5	104.0	-0.06	0.16	-0.372	0.71	1.0	0.9995901155158834
BBS7	220.0	-0.03	0.12	-0.223	0.824	1.0	0.9995901155158834
BBS9	64.6	0.15	0.14	1.07	0.284	1.0	0.9995901155158834
BBX	560.0	-0.03	0.09	-0.371	0.711	1.0	0.9995901155158834
BCAM	143.0	-0.02	0.14	-0.11	0.912	1.0	0.9995901155158834
BCAN	2.24	-0.5	1.07	-0.468	0.64	1.0	0.9995901155158834
BCAP29	813.0	0.02	0.1	0.179	0.858	1.0	0.9995901155158834
BCAP31	1700.0	0.02	0.06	0.361	0.718	1.0	0.9995901155158834
BCAR1	585.0	0.03	0.11	0.293	0.77	1.0	0.9995901155158834
BCAR3	128.0	-0.13	0.13	-0.952	0.341	1.0	0.9995901155158834
BCAS1	1.83	0.98	0.88	1.11	0.267	1.0	0.9995901155158834
BCAS2	268.0	-0.08	0.1	-0.865	0.387	1.0	0.9995901155158834
BCAS3	50.3	-0.01	0.19	-0.0633	0.95	1.0	0.9995901155158834
BCAS4	39.2	-0.28	0.21	-1.29	0.198	1.0	0.9995901155158834
BCAT1	2120.0	0.17	0.09	1.9	0.0575	1.0	0.9995901155158834
BCAT2	35.8	0.06	0.21	0.295	0.768	1.0	0.9995901155158834
BCCIP	1160.0	0.0	0.09	0.0177	0.986	1.0	0.9995901155158834
BCDIN3D	39.3	0.22	0.2	1.11	0.268	1.0	0.9995901155158834
BCHE	50.4	0.26	0.18	1.4	0.163	1.0	0.9995901155158834
BCKDHA	57.2	-0.19	0.16	-1.21	0.227	1.0	0.9995901155158834
BCKDHB	104.0	0.02	0.13	0.133	0.894	1.0	0.9995901155158834
BCKDK	84.5	0.02	0.19	0.113	0.91	1.0	0.9995901155158834
BCL10	319.0	0.15	0.1	1.58	0.114	1.0	0.9995901155158834
BCL11A	5.66	-0.39	0.51	-0.758	0.448	1.0	0.9995901155158834
BCL11B	0.496	0.61	1.78	0.345	0.73	1.0	0.9995901155158834
BCL2	110.0	0.03	0.18	0.147	0.883	1.0	0.9995901155158834
BCL2A1	0.611	0.73	1.59	0.46	0.645	1.0	0.9995901155158834
BCL2L1	329.0	-0.01	0.1	-0.115	0.908	1.0	0.9995901155158834
BCL2L11	132.0	0.01	0.2	0.0398	0.968	1.0	0.9995901155158834
BCL2L12	44.4	-0.05	0.22	-0.218	0.828	1.0	0.9995901155158834
BCL2L13	542.0	0.01	0.07	0.0832	0.934	1.0	0.9995901155158834
BCL2L14	1.12	1.9	1.22	1.57	0.117	1.0	0.9995901155158834
BCL2L15	4.83	-0.24	0.6	-0.398	0.691	1.0	0.9995901155158834
BCL2L2	220.0	0.04	0.13	0.282	0.778	1.0	0.9995901155158834
BCL2L2-PABPN1	27.3	0.31	0.85	0.36	0.719	1.0	0.9995901155158834
BCL3	15.3	-0.57	0.32	-1.76	0.0789	1.0	0.9995901155158834
BCL6	226.0	0.1	0.23	0.439	0.661	1.0	0.9995901155158834
BCL6B	2030.0	0.01	0.07	0.106	0.916	1.0	0.9995901155158834
BCL7A	123.0	0.16	0.14	1.16	0.247	1.0	0.9995901155158834
BCL7B	100.0	-0.03	0.16	-0.183	0.855	1.0	0.9995901155158834
BCL7C	126.0	-0.16	0.14	-1.17	0.243	1.0	0.9995901155158834
BCL9	131.0	0.19	0.12	1.6	0.11	1.0	0.9995901155158834
BCL9L	259.0	-0.05	0.16	-0.303	0.762	1.0	0.9995901155158834
BCLAF1	2460.0	-0.02	0.07	-0.24	0.81	1.0	0.9995901155158834
BCLAF3	112.0	0.18	0.19	0.936	0.349	1.0	0.9995901155158834
BCO2	1.1	-0.89	1.21	-0.734	0.463	1.0	0.9995901155158834
BCOR	198.0	-0.04	0.14	-0.29	0.772	1.0	0.9995901155158834
BCORL1	196.0	-0.15	0.12	-1.2	0.23	1.0	0.9995901155158834
BCR	334.0	-0.01	0.09	-0.132	0.895	1.0	0.9995901155158834
BCS1L	72.3	-0.14	0.16	-0.874	0.382	1.0	0.9995901155158834
BDH1	15.5	0.5	0.37	1.34	0.179	1.0	0.9995901155158834
BDH2	98.0	-0.03	0.13	-0.214	0.831	1.0	0.9995901155158834
BDKRB2	11.2	0.09	0.4	0.231	0.817	1.0	0.9995901155158834
BDNF	14.3	-0.08	0.37	-0.221	0.825	1.0	0.9995901155158834
BDP1	1020.0	0.06	0.14	0.416	0.678	1.0	0.9995901155158834
BEAN1	2.71	-0.53	0.78	-0.678	0.498	1.0	0.9995901155158834
BECN1	705.0	0.02	0.07	0.334	0.738	1.0	0.9995901155158834
BEGAIN	8.73	0.18	0.4	0.438	0.661	1.0	0.9995901155158834
BEND2	1.81	0.27	0.85	0.311	0.756	1.0	0.9995901155158834
BEND3	77.1	-0.16	0.19	-0.854	0.393	1.0	0.9995901155158834
BEND4	172.0	0.04	0.27	0.153	0.878	1.0	0.9995901155158834
BEND5	17.4	-0.25	0.34	-0.725	0.469	1.0	0.9995901155158834
BEND6	8.52	-0.23	0.43	-0.54	0.589	1.0	0.9995901155158834
BEND7	118.0	-0.0	0.15	-0.0273	0.978	1.0	0.9995901155158834
BEST1	3.75	0.63	0.62	1.02	0.308	1.0	0.9995901155158834
BEST3	7.11	0.88	0.42	2.07	0.0382	1.0	0.9995901155158834
BET1	130.0	0.07	0.12	0.606	0.545	1.0	0.9995901155158834
BET1L	208.0	0.1	0.14	0.689	0.491	1.0	0.9995901155158834
BEX1	510.0	-0.06	0.09	-0.698	0.485	1.0	0.9995901155158834
BEX2	152.0	-0.04	0.16	-0.239	0.811	1.0	0.9995901155158834
BEX3	4270.0	-0.01	0.07	-0.0935	0.925	1.0	0.9995901155158834
BEX4	599.0	-0.08	0.08	-1.03	0.305	1.0	0.9995901155158834
BEX5	40.0	-0.08	0.24	-0.327	0.744	1.0	0.9995901155158834
BFAR	508.0	0.09	0.09	0.984	0.325	1.0	0.9995901155158834
BFSP1	134.0	-0.08	0.12	-0.699	0.485	1.0	0.9995901155158834
BGN	361.0	-0.06	0.1	-0.633	0.527	1.0	0.9995901155158834
BHLHB9	77.9	-0.1	0.22	-0.447	0.655	1.0	0.9995901155158834
BHLHE40	223.0	-0.01	0.1	-0.133	0.894	1.0	0.9995901155158834
BHLHE41	2.76	-0.73	0.69	-1.05	0.295	1.0	0.9995901155158834
BHMT2	3.05	-0.46	0.67	-0.69	0.49	1.0	0.9995901155158834
BICC1	41.9	-0.02	0.25	-0.0813	0.935	1.0	0.9995901155158834
BICD1	593.0	-0.09	0.12	-0.746	0.455	1.0	0.9995901155158834
BICD2	881.0	-0.01	0.07	-0.127	0.899	1.0	0.9995901155158834
BICDL1	3.3	-0.18	0.61	-0.29	0.772	1.0	0.9995901155158834
BICRA	23.2	0.21	0.28	0.757	0.449	1.0	0.9995901155158834
BICRAL	77.6	0.16	0.13	1.18	0.236	1.0	0.9995901155158834
BID	79.8	0.02	0.15	0.122	0.903	1.0	0.9995901155158834
BIK	0.649	2.17	1.65	1.31	0.19	1.0	0.9995901155158834
BIN1	454.0	-0.1	0.09	-1.12	0.264	1.0	0.9995901155158834
BIN3	126.0	0.01	0.15	0.0883	0.93	1.0	0.9995901155158834
BIRC2	908.0	0.09	0.11	0.845	0.398	1.0	0.9995901155158834
BIRC3	68.7	0.16	0.36	0.438	0.662	1.0	0.9995901155158834
BIRC5	190.0	-0.02	0.12	-0.155	0.877	1.0	0.9995901155158834
BIRC6	1060.0	0.03	0.11	0.266	0.79	1.0	0.9995901155158834
BIVM	156.0	0.23	0.12	1.91	0.0556	1.0	0.9995901155158834
BIVM-ERCC5	105.0	-0.58	0.61	-0.953	0.341	1.0	0.9995901155158834
BLCAP	960.0	0.08	0.12	0.626	0.531	1.0	0.9995901155158834
BLM	193.0	-0.12	0.1	-1.18	0.238	1.0	0.9995901155158834
BLMH	916.0	0.06	0.07	0.907	0.364	1.0	0.9995901155158834
BLNK	8.44	0.06	0.44	0.139	0.889	1.0	0.9995901155158834
BLOC1S1	141.0	-0.03	0.14	-0.235	0.814	1.0	0.9995901155158834
BLOC1S2	467.0	0.06	0.12	0.525	0.6	1.0	0.9995901155158834
BLOC1S3	31.0	0.46	0.23	1.99	0.0467	1.0	0.9995901155158834
BLOC1S4	70.0	-0.01	0.17	-0.0816	0.935	1.0	0.9995901155158834
BLOC1S5	139.0	-0.06	0.11	-0.548	0.584	1.0	0.9995901155158834
BLOC1S6	732.0	0.08	0.08	0.934	0.35	1.0	0.9995901155158834
BLVRA	133.0	0.02	0.16	0.122	0.903	1.0	0.9995901155158834
BLVRB	33.8	-0.2	0.21	-0.956	0.339	1.0	0.9995901155158834
BLZF1	183.0	-0.24	0.11	-2.23	0.0259	1.0	0.9995901155158834
BMERB1	210.0	-0.21	0.12	-1.66	0.0967	1.0	0.9995901155158834
BMF	200.0	-0.0	0.18	-0.0131	0.99	1.0	0.9995901155158834
BMI1	102.0	-0.22	0.2	-1.1	0.273	1.0	0.9995901155158834
BMP1	189.0	-0.0	0.14	-0.0261	0.979	1.0	0.9995901155158834
BMP10	4.94	0.04	0.6	0.0674	0.946	1.0	0.9995901155158834
BMP2	38.4	0.19	0.22	0.876	0.381	1.0	0.9995901155158834
BMP2K	224.0	-0.1	0.11	-0.889	0.374	1.0	0.9995901155158834
BMP3	1.23	-1.08	1.28	-0.843	0.399	1.0	0.9995901155158834
BMP4	115.0	0.09	0.17	0.548	0.584	1.0	0.9995901155158834
BMP5	0.735	-1.13	1.48	-0.766	0.444	1.0	0.9995901155158834
BMP6	1100.0	0.02	0.09	0.262	0.793	1.0	0.9995901155158834
BMP7	6.44	-0.47	0.5	-0.935	0.35	1.0	0.9995901155158834
BMP8A	4.07	0.71	0.56	1.26	0.208	1.0	0.9995901155158834
BMP8B	1.86	0.78	0.83	0.936	0.349	1.0	0.9995901155158834
BMPER	827.0	-0.11	0.09	-1.19	0.234	1.0	0.9995901155158834
BMPR1A	348.0	0.11	0.11	0.946	0.344	1.0	0.9995901155158834
BMPR1B	43.1	-0.21	0.21	-0.993	0.321	1.0	0.9995901155158834
BMPR2	1190.0	0.04	0.09	0.446	0.656	1.0	0.9995901155158834
BMS1	1940.0	-0.01	0.1	-0.0883	0.93	1.0	0.9995901155158834
BMT2	32.8	0.27	0.25	1.11	0.267	1.0	0.9995901155158834
BMX	2.79	-0.02	0.78	-0.0292	0.977	1.0	0.9995901155158834
BNC1	144.0	-0.04	0.12	-0.373	0.709	1.0	0.9995901155158834
BNC2	106.0	0.92	0.38	2.41	0.0158	1.0	0.9995901155158834
BNIP1	28.7	0.18	0.22	0.828	0.408	1.0	0.9995901155158834
BNIP2	902.0	0.01	0.07	0.157	0.876	1.0	0.9995901155158834
BNIP3	118.0	-0.03	0.13	-0.229	0.819	1.0	0.9995901155158834
BNIP3L	532.0	-0.02	0.07	-0.347	0.729	1.0	0.9995901155158834
BNIPL	2.5	0.76	0.87	0.874	0.382	1.0	0.9995901155158834
BOC	16.8	0.23	0.28	0.805	0.421	1.0	0.9995901155158834
BOD1	351.0	-0.07	0.09	-0.783	0.434	1.0	0.9995901155158834
BOD1L1	1490.0	-0.02	0.15	-0.108	0.914	1.0	0.9995901155158834
BOK	154.0	0.06	0.12	0.501	0.616	1.0	0.9995901155158834
BOLA1	13.7	-0.05	0.33	-0.158	0.875	1.0	0.9995901155158834
BOLA2	213.0	-0.16	0.13	-1.21	0.225	1.0	0.9995901155158834
BOLA2-SMG1P6	238.0	0.12	0.13	0.858	0.391	1.0	0.9995901155158834
BOLA3	41.9	-0.26	0.2	-1.32	0.187	1.0	0.9995901155158834
BOP1	188.0	-0.15	0.11	-1.42	0.157	1.0	0.9995901155158834
BORA	41.2	-0.22	0.19	-1.16	0.248	1.0	0.9995901155158834
BORCS5	111.0	0.07	0.11	0.601	0.548	1.0	0.9995901155158834
BORCS6	62.8	0.23	0.17	1.36	0.174	1.0	0.9995901155158834
BORCS7	197.0	-0.06	0.1	-0.588	0.557	1.0	0.9995901155158834
BORCS8	57.6	-0.21	0.23	-0.916	0.36	1.0	0.9995901155158834
BORCS8-MEF2B	2.46	-0.78	0.91	-0.852	0.394	1.0	0.9995901155158834
BPGM	223.0	-0.19	0.11	-1.74	0.0826	1.0	0.9995901155158834
BPHL	55.9	-0.08	0.19	-0.448	0.654	1.0	0.9995901155158834
BPNT1	171.0	0.09	0.11	0.796	0.426	1.0	0.9995901155158834
BPNT2	1820.0	0.1	0.1	0.963	0.336	1.0	0.9995901155158834
BPTF	990.0	-0.04	0.13	-0.338	0.736	1.0	0.9995901155158834
BRAF	262.0	0.11	0.12	0.926	0.354	1.0	0.9995901155158834
BRAP	238.0	0.05	0.1	0.455	0.649	1.0	0.9995901155158834
BRAT1	58.7	-0.15	0.22	-0.68	0.496	1.0	0.9995901155158834
BRCA1	143.0	-0.3	0.15	-2.03	0.0426	1.0	0.9995901155158834
BRCA2	141.0	-0.01	0.14	-0.0389	0.969	1.0	0.9995901155158834
BRCC3	191.0	-0.08	0.12	-0.697	0.486	1.0	0.9995901155158834
BRD1	377.0	0.02	0.08	0.27	0.787	1.0	0.9995901155158834
BRD2	1240.0	-0.02	0.06	-0.28	0.779	1.0	0.9995901155158834
BRD3	477.0	-0.01	0.09	-0.0806	0.936	1.0	0.9995901155158834
BRD3OS	78.5	0.14	0.14	0.96	0.337	1.0	0.9995901155158834
BRD4	627.0	0.02	0.13	0.135	0.892	1.0	0.9995901155158834
BRD7	1230.0	-0.01	0.09	-0.0621	0.95	1.0	0.9995901155158834
BRD8	351.0	-0.05	0.1	-0.503	0.615	1.0	0.9995901155158834
BRD9	500.0	0.03	0.11	0.254	0.8	1.0	0.9995901155158834
BRDT	0.817	1.76	1.45	1.21	0.225	1.0	0.9995901155158834
BRF1	272.0	-0.12	0.09	-1.37	0.172	1.0	0.9995901155158834
BRF2	71.5	-0.25	0.17	-1.48	0.139	1.0	0.9995901155158834
BRI3	449.0	0.14	0.15	0.929	0.353	1.0	0.9995901155158834
BRI3BP	173.0	0.0	0.14	0.021	0.983	1.0	0.9995901155158834
BRICD5	1.11	-1.2	1.25	-0.963	0.336	1.0	0.9995901155158834
BRINP1	88.2	0.16	0.18	0.885	0.376	1.0	0.9995901155158834
BRIP1	81.8	-0.08	0.16	-0.523	0.601	1.0	0.9995901155158834
BRIX1	394.0	0.05	0.11	0.463	0.644	1.0	0.9995901155158834
BRK1	2030.0	-0.05	0.07	-0.809	0.419	1.0	0.9995901155158834
BRME1	15.0	0.05	0.32	0.149	0.881	1.0	0.9995901155158834
BRMS1	401.0	-0.12	0.11	-1.07	0.282	1.0	0.9995901155158834
BRMS1L	261.0	-0.1	0.09	-1.12	0.264	1.0	0.9995901155158834
BROX	277.0	0.1	0.09	1.12	0.263	1.0	0.9995901155158834
BRPF1	149.0	-0.19	0.15	-1.25	0.211	1.0	0.9995901155158834
BRPF3	494.0	0.01	0.09	0.157	0.875	1.0	0.9995901155158834
BRSK1	5.59	0.19	0.53	0.366	0.715	1.0	0.9995901155158834
BRSK2	4.64	0.29	0.58	0.508	0.612	1.0	0.9995901155158834
BRWD1	467.0	-0.06	0.12	-0.472	0.637	1.0	0.9995901155158834
BRWD3	546.0	-0.02	0.11	-0.226	0.821	1.0	0.9995901155158834
BSCL2	53.4	0.04	0.23	0.168	0.867	1.0	0.9995901155158834
BSDC1	288.0	-0.07	0.1	-0.669	0.504	1.0	0.9995901155158834
BSG	1220.0	-0.03	0.11	-0.316	0.752	1.0	0.9995901155158834
BSN	11.7	0.12	0.42	0.279	0.78	1.0	0.9995901155158834
BSND	1.43	0.13	1.06	0.119	0.906	1.0	0.9995901155158834
BST1	2.16	-0.23	1.13	-0.201	0.841	1.0	0.9995901155158834
BST2	336.0	0.23	0.11	2.03	0.0424	1.0	0.9995901155158834
BTAF1	480.0	0.02	0.1	0.18	0.857	1.0	0.9995901155158834
BTBD1	1500.0	0.05	0.13	0.429	0.668	1.0	0.9995901155158834
BTBD10	1310.0	0.03	0.09	0.295	0.768	1.0	0.9995901155158834
BTBD11	74.7	0.05	0.23	0.227	0.821	1.0	0.9995901155158834
BTBD17	0.713	1.35	1.66	0.813	0.416	1.0	0.9995901155158834
BTBD18	1.39	0.03	1.23	0.0235	0.981	1.0	0.9995901155158834
BTBD19	20.6	0.39	0.32	1.21	0.225	1.0	0.9995901155158834
BTBD2	102.0	-0.08	0.19	-0.401	0.688	1.0	0.9995901155158834
BTBD3	428.0	0.04	0.07	0.474	0.635	1.0	0.9995901155158834
BTBD6	222.0	0.0	0.14	0.0282	0.978	1.0	0.9995901155158834
BTBD7	578.0	-0.01	0.1	-0.0983	0.922	1.0	0.9995901155158834
BTBD8	36.2	-0.19	0.19	-0.963	0.335	1.0	0.9995901155158834
BTBD9	129.0	-0.09	0.14	-0.646	0.518	1.0	0.9995901155158834
BTC	3.08	-0.67	0.81	-0.828	0.408	1.0	0.9995901155158834
BTD	94.9	0.1	0.16	0.643	0.52	1.0	0.9995901155158834
BTF3	2080.0	-0.04	0.08	-0.5	0.617	1.0	0.9995901155158834
BTF3L4	673.0	0.16	0.1	1.57	0.116	1.0	0.9995901155158834
BTG1	387.0	0.06	0.12	0.557	0.577	1.0	0.9995901155158834
BTG2	261.0	0.01	0.14	0.0612	0.951	1.0	0.9995901155158834
BTG3	99.9	0.16	0.14	1.11	0.265	1.0	0.9995901155158834
BTK	11.1	0.14	0.34	0.421	0.674	1.0	0.9995901155158834
BTN2A1	732.0	-0.05	0.07	-0.772	0.44	1.0	0.9995901155158834
BTN2A2	54.8	-0.27	0.18	-1.49	0.136	1.0	0.9995901155158834
BTN3A1	22.5	0.02	0.24	0.0986	0.921	1.0	0.9995901155158834
BTN3A2	24.8	-0.15	0.25	-0.6	0.549	1.0	0.9995901155158834
BTN3A3	3.01	0.96	0.8	1.2	0.228	1.0	0.9995901155158834
BTNL10	0.666	1.69	1.4	1.21	0.228	1.0	0.9995901155158834
BTNL9	10.7	-0.36	0.37	-0.985	0.325	1.0	0.9995901155158834
BTRC	405.0	-0.07	0.09	-0.753	0.452	1.0	0.9995901155158834
BUB1	125.0	-0.25	0.11	-2.23	0.0257	1.0	0.9995901155158834
BUB1B	156.0	-0.18	0.17	-1.06	0.289	1.0	0.9995901155158834
BUB1B-PAK6	0.473	0.04	1.69	0.0242	0.981	1.0	0.9995901155158834
BUB3	401.0	0.08	0.08	1.01	0.311	1.0	0.9995901155158834
BUD13	250.0	0.01	0.14	0.104	0.917	1.0	0.9995901155158834
BUD23	373.0	0.09	0.11	0.81	0.418	1.0	0.9995901155158834
BUD31	517.0	-0.0	0.1	-0.0444	0.965	1.0	0.9995901155158834
BVES	188.0	0.13	0.1	1.31	0.191	1.0	0.9995901155158834
BYSL	158.0	-0.0	0.14	-0.0258	0.979	1.0	0.9995901155158834
BZW1	3560.0	-0.0	0.09	-0.0032	0.997	1.0	0.9995901155158834
BZW2	388.0	0.01	0.09	0.0642	0.949	1.0	0.9995901155158834
C10orf143	4.03	-0.53	0.58	-0.924	0.356	1.0	0.9995901155158834
C10orf53	4.18	0.62	0.52	1.2	0.229	1.0	0.9995901155158834
C10orf67	0.915	1.22	1.65	0.741	0.459	1.0	0.9995901155158834
C10orf88	106.0	0.04	0.14	0.273	0.785	1.0	0.9995901155158834
C10orf95	0.851	0.69	1.22	0.568	0.57	1.0	0.9995901155158834
C11orf1	6.9	0.26	0.42	0.633	0.527	1.0	0.9995901155158834
C11orf24	31.9	0.01	0.25	0.0318	0.975	1.0	0.9995901155158834
C11orf42	0.946	0.27	1.48	0.184	0.854	1.0	0.9995901155158834
C11orf49	40.1	0.0	0.22	0.0186	0.985	1.0	0.9995901155158834
C11orf52	6.63	0.22	0.46	0.473	0.636	1.0	0.9995901155158834
C11orf54	117.0	0.17	0.15	1.13	0.26	1.0	0.9995901155158834
C11orf58	3620.0	-0.09	0.09	-0.988	0.323	1.0	0.9995901155158834
C11orf65	1.75	0.36	0.82	0.443	0.658	1.0	0.9995901155158834
C11orf68	57.1	0.32	0.29	1.09	0.275	1.0	0.9995901155158834
C11orf71	50.8	0.03	0.21	0.15	0.881	1.0	0.9995901155158834
C11orf80	32.4	0.01	0.24	0.0549	0.956	1.0	0.9995901155158834
C11orf87	0.762	-0.59	1.56	-0.376	0.707	1.0	0.9995901155158834
C11orf91	0.87	-2.64	1.59	-1.66	0.0979	1.0	0.9995901155158834
C11orf96	25.0	-0.34	0.36	-0.939	0.348	1.0	0.9995901155158834
C11orf98	241.0	-0.29	0.11	-2.62	0.00882	1.0	0.9995901155158834
C12orf29	90.7	-0.09	0.13	-0.71	0.478	1.0	0.9995901155158834
C12orf4	201.0	0.15	0.12	1.26	0.206	1.0	0.9995901155158834
C12orf43	202.0	0.03	0.09	0.276	0.783	1.0	0.9995901155158834
C12orf56	0.487	0.94	1.64	0.576	0.565	1.0	0.9995901155158834
C12orf57	355.0	0.01	0.11	0.121	0.904	1.0	0.9995901155158834
C12orf60	18.5	0.45	0.3	1.49	0.136	1.0	0.9995901155158834
C12orf73	26.9	0.08	0.27	0.3	0.764	1.0	0.9995901155158834
C12orf75	88.8	0.17	0.16	1.05	0.292	1.0	0.9995901155158834
C12orf76	53.7	-0.19	0.18	-1.05	0.293	1.0	0.9995901155158834
C13orf46	3.13	0.44	0.73	0.607	0.544	1.0	0.9995901155158834
C14orf119	123.0	0.25	0.13	1.89	0.0591	1.0	0.9995901155158834
C14orf132	243.0	-0.08	0.11	-0.77	0.441	1.0	0.9995901155158834
C14orf28	23.0	0.3	0.27	1.14	0.253	1.0	0.9995901155158834
C14orf39	7.94	-0.47	0.4	-1.17	0.24	1.0	0.9995901155158834
C14orf93	28.2	0.03	0.23	0.138	0.89	1.0	0.9995901155158834
C15orf39	156.0	0.01	0.15	0.0562	0.955	1.0	0.9995901155158834
C15orf40	154.0	0.31	0.19	1.67	0.0944	1.0	0.9995901155158834
C15orf48	0.721	-0.97	1.44	-0.675	0.499	1.0	0.9995901155158834
C15orf61	6.47	-0.59	0.44	-1.34	0.18	1.0	0.9995901155158834
C15orf62	5.76	-0.03	0.53	-0.0512	0.959	1.0	0.9995901155158834
C15orf65	0.937	-0.15	1.36	-0.109	0.913	1.0	0.9995901155158834
C16orf46	13.5	-0.01	0.39	-0.0185	0.985	1.0	0.9995901155158834
C16orf72	744.0	0.09	0.07	1.3	0.192	1.0	0.9995901155158834
C16orf74	6.07	-0.28	0.5	-0.568	0.57	1.0	0.9995901155158834
C16orf86	3.19	-0.45	0.76	-0.591	0.554	1.0	0.9995901155158834
C16orf87	208.0	-0.03	0.12	-0.272	0.786	1.0	0.9995901155158834
C16orf89	1.12	0.46	1.13	0.403	0.687	1.0	0.9995901155158834
C16orf91	73.1	-0.02	0.13	-0.17	0.865	1.0	0.9995901155158834
C16orf95	9.07	0.35	0.46	0.771	0.441	1.0	0.9995901155158834
C16orf96	3.21	0.15	0.75	0.199	0.842	1.0	0.9995901155158834
C17orf100	14.2	-0.19	0.39	-0.492	0.622	1.0	0.9995901155158834
C17orf107	5.07	-0.45	0.57	-0.791	0.429	1.0	0.9995901155158834
C17orf113	4.42	1.01	0.65	1.55	0.121	1.0	0.9995901155158834
C17orf49	289.0	-0.04	0.09	-0.466	0.641	1.0	0.9995901155158834
C17orf58	124.0	-0.05	0.16	-0.343	0.732	1.0	0.9995901155158834
C17orf67	12.2	-0.06	0.37	-0.171	0.864	1.0	0.9995901155158834
C17orf75	218.0	0.13	0.12	1.13	0.26	1.0	0.9995901155158834
C17orf80	332.0	-0.12	0.08	-1.45	0.147	1.0	0.9995901155158834
C17orf97	4.19	0.87	0.62	1.41	0.158	1.0	0.9995901155158834
C18orf21	53.0	-0.05	0.19	-0.277	0.782	1.0	0.9995901155158834
C18orf25	206.0	-0.11	0.12	-0.882	0.378	1.0	0.9995901155158834
C18orf32	90.8	-0.54	0.17	-3.14	0.00171	1.0	0.9995901155158834
C18orf54	419.0	-0.0	0.12	-0.0307	0.976	1.0	0.9995901155158834
C19orf12	88.7	0.07	0.14	0.487	0.627	1.0	0.9995901155158834
C19orf18	4.63	0.41	0.5	0.823	0.41	1.0	0.9995901155158834
C19orf25	88.6	0.06	0.19	0.291	0.771	1.0	0.9995901155158834
C19orf44	25.1	-0.19	0.21	-0.877	0.38	1.0	0.9995901155158834
C19orf47	55.1	-0.33	0.21	-1.62	0.105	1.0	0.9995901155158834
C19orf53	165.0	-0.12	0.13	-0.968	0.333	1.0	0.9995901155158834
C19orf54	26.0	0.01	0.24	0.0217	0.983	1.0	0.9995901155158834
C19orf71	7.18	0.86	0.56	1.54	0.123	1.0	0.9995901155158834
C19orf73	2.42	0.18	0.89	0.206	0.837	1.0	0.9995901155158834
C19orf84	3.9	0.01	0.64	0.023	0.982	1.0	0.9995901155158834
C1D	147.0	-0.16	0.13	-1.21	0.225	1.0	0.9995901155158834
C1GALT1	213.0	0.13	0.13	1.0	0.315	1.0	0.9995901155158834
C1GALT1C1	329.0	0.1	0.11	0.932	0.351	1.0	0.9995901155158834
C1QBP	521.0	-0.07	0.09	-0.797	0.426	1.0	0.9995901155158834
C1QL3	4.59	0.61	0.57	1.06	0.288	1.0	0.9995901155158834
C1QTNF1	1.03	-0.62	1.28	-0.482	0.63	1.0	0.9995901155158834
C1QTNF2	1.48	0.48	1.05	0.459	0.647	1.0	0.9995901155158834
C1QTNF3	26.2	0.02	0.21	0.0836	0.933	1.0	0.9995901155158834
C1QTNF4	0.577	0.95	1.6	0.596	0.551	1.0	0.9995901155158834
C1QTNF5	27.6	0.34	0.26	1.28	0.201	1.0	0.9995901155158834
C1QTNF6	340.0	0.11	0.13	0.835	0.404	1.0	0.9995901155158834
C1QTNF7	0.465	1.47	1.93	0.762	0.446	1.0	0.9995901155158834
C1QTNF9	0.436	-1.07	1.82	-0.592	0.554	1.0	0.9995901155158834
C1R	2.07	1.56	1.02	1.54	0.124	1.0	0.9995901155158834
C1RL	114.0	-0.06	0.14	-0.43	0.667	1.0	0.9995901155158834
C1S	9.41	0.0	0.4	0.00116	0.999	1.0	0.9995901155158834
C1orf109	206.0	0.02	0.1	0.252	0.801	1.0	0.9995901155158834
C1orf112	112.0	0.1	0.12	0.873	0.383	1.0	0.9995901155158834
C1orf115	299.0	-0.04	0.09	-0.397	0.691	1.0	0.9995901155158834
C1orf122	29.9	-0.25	0.31	-0.819	0.413	1.0	0.9995901155158834
C1orf131	173.0	0.02	0.1	0.158	0.875	1.0	0.9995901155158834
C1orf158	1.35	1.24	0.94	1.31	0.19	1.0	0.9995901155158834
C1orf159	29.3	-0.35	0.28	-1.25	0.213	1.0	0.9995901155158834
C1orf174	124.0	0.1	0.12	0.81	0.418	1.0	0.9995901155158834
C1orf198	274.0	0.09	0.1	0.885	0.376	1.0	0.9995901155158834
C1orf21	340.0	-0.11	0.11	-1.0	0.317	1.0	0.9995901155158834
C1orf210	0.69	0.96	1.36	0.703	0.482	1.0	0.9995901155158834
C1orf216	317.0	0.05	0.14	0.345	0.73	1.0	0.9995901155158834
C1orf226	53.1	-0.15	0.18	-0.842	0.4	1.0	0.9995901155158834
C1orf35	118.0	-0.06	0.17	-0.34	0.733	1.0	0.9995901155158834
C1orf43	928.0	0.0	0.09	0.0123	0.99	1.0	0.9995901155158834
C1orf50	80.6	0.03	0.14	0.201	0.841	1.0	0.9995901155158834
C1orf52	142.0	0.03	0.11	0.295	0.768	1.0	0.9995901155158834
C1orf53	1.16	2.71	1.08	2.52	0.0118	1.0	0.9995901155158834
C1orf54	46.4	-0.09	0.22	-0.4	0.689	1.0	0.9995901155158834
C1orf56	26.8	-0.26	0.25	-1.06	0.291	1.0	0.9995901155158834
C1orf74	51.9	0.3	0.21	1.46	0.144	1.0	0.9995901155158834
C2	0.869	0.36	1.48	0.241	0.81	1.0	0.9995901155158834
C20orf202	2.09	0.65	0.86	0.756	0.45	1.0	0.9995901155158834
C20orf203	2.03	-0.96	0.93	-1.02	0.306	1.0	0.9995901155158834
C20orf204	1.61	-0.37	0.83	-0.447	0.655	1.0	0.9995901155158834
C20orf27	77.4	-0.4	0.15	-2.65	0.00793	1.0	0.9995901155158834
C20orf96	35.8	0.15	0.23	0.663	0.508	1.0	0.9995901155158834
C21orf58	32.2	0.28	0.22	1.27	0.203	1.0	0.9995901155158834
C21orf62	3.21	1.34	0.67	2.0	0.0451	1.0	0.9995901155158834
C21orf91	163.0	0.04	0.13	0.322	0.747	1.0	0.9995901155158834
C22orf23	193.0	0.13	0.14	0.963	0.336	1.0	0.9995901155158834
C22orf39	82.9	0.16	0.15	1.07	0.282	1.0	0.9995901155158834
C2CD2	760.0	0.14	0.1	1.44	0.151	1.0	0.9995901155158834
C2CD2L	24.8	0.07	0.26	0.278	0.781	1.0	0.9995901155158834
C2CD3	137.0	0.12	0.15	0.788	0.43	1.0	0.9995901155158834
C2CD4A	56.2	0.04	0.23	0.161	0.872	1.0	0.9995901155158834
C2CD4B	76.5	0.25	0.17	1.48	0.14	1.0	0.9995901155158834
C2CD4C	1.31	-0.85	1.0	-0.849	0.396	1.0	0.9995901155158834
C2CD4D	0.796	-0.61	1.42	-0.432	0.666	1.0	0.9995901155158834
C2CD5	239.0	0.0	0.09	0.0484	0.961	1.0	0.9995901155158834
C2orf15	2.29	-0.12	0.91	-0.132	0.895	1.0	0.9995901155158834
C2orf16	23.6	0.24	0.29	0.814	0.416	1.0	0.9995901155158834
C2orf42	29.9	-0.08	0.23	-0.338	0.736	1.0	0.9995901155158834
C2orf49	198.0	-0.04	0.11	-0.33	0.742	1.0	0.9995901155158834
C2orf50	7.44	0.3	0.47	0.65	0.516	1.0	0.9995901155158834
C2orf66	2.06	0.25	0.95	0.265	0.791	1.0	0.9995901155158834
C2orf68	155.0	-0.1	0.13	-0.739	0.46	1.0	0.9995901155158834
C2orf69	140.0	-0.07	0.15	-0.473	0.637	1.0	0.9995901155158834
C2orf72	1.54	-0.11	1.17	-0.0919	0.927	1.0	0.9995901155158834
C2orf74	103.0	-0.02	0.13	-0.13	0.897	1.0	0.9995901155158834
C2orf76	415.0	-0.19	0.22	-0.851	0.395	1.0	0.9995901155158834
C2orf81	2.22	-0.81	0.83	-0.976	0.329	1.0	0.9995901155158834
C2orf83	0.545	1.01	1.6	0.629	0.529	1.0	0.9995901155158834
C2orf88	40.5	-0.07	0.19	-0.375	0.708	1.0	0.9995901155158834
C2orf92	3.23	1.41	0.71	1.99	0.0463	1.0	0.9995901155158834
C3AR1	4.59	-0.42	0.56	-0.743	0.458	1.0	0.9995901155158834
C3orf14	23.2	0.27	0.32	0.87	0.385	1.0	0.9995901155158834
C3orf18	17.6	0.3	0.28	1.09	0.277	1.0	0.9995901155158834
C3orf33	36.0	0.32	0.2	1.62	0.105	1.0	0.9995901155158834
C3orf38	206.0	-0.09	0.12	-0.72	0.472	1.0	0.9995901155158834
C3orf49	0.52	0.44	1.64	0.269	0.788	1.0	0.9995901155158834
C3orf52	17.1	-0.06	0.36	-0.155	0.877	1.0	0.9995901155158834
C3orf62	62.9	0.26	0.19	1.39	0.166	1.0	0.9995901155158834
C3orf70	59.3	0.18	0.2	0.894	0.371	1.0	0.9995901155158834
C3orf80	1.35	-2.88	1.45	-1.98	0.0472	1.0	0.9995901155158834
C4A	8.1	-0.16	0.46	-0.348	0.728	1.0	0.9995901155158834
C4B	1.1	0.49	2.98	0.165	0.869	1.0	0.9995901155158834
C4orf19	2.52	0.41	0.83	0.493	0.622	1.0	0.9995901155158834
C4orf3	1940.0	0.02	0.08	0.217	0.828	1.0	0.9995901155158834
C4orf33	50.0	-0.23	0.16	-1.44	0.149	1.0	0.9995901155158834
C4orf36	1.51	0.51	0.98	0.521	0.603	1.0	0.9995901155158834
C4orf46	133.0	0.21	0.16	1.34	0.179	1.0	0.9995901155158834
C4orf47	0.717	-0.44	1.46	-0.304	0.761	1.0	0.9995901155158834
C4orf48	2.79	0.36	0.74	0.482	0.629	1.0	0.9995901155158834
C5	9.12	0.02	0.38	0.0558	0.956	1.0	0.9995901155158834
C5AR1	1.14	-1.07	1.19	-0.901	0.368	1.0	0.9995901155158834
C5AR2	12.7	0.61	0.43	1.4	0.163	1.0	0.9995901155158834
C5orf15	515.0	0.06	0.12	0.558	0.577	1.0	0.9995901155158834
C5orf22	216.0	0.08	0.12	0.615	0.539	1.0	0.9995901155158834
C5orf24	556.0	0.13	0.11	1.18	0.239	1.0	0.9995901155158834
C5orf34	42.9	0.14	0.2	0.677	0.498	1.0	0.9995901155158834
C5orf49	0.582	-1.46	1.85	-0.787	0.431	1.0	0.9995901155158834
C5orf51	434.0	0.03	0.12	0.218	0.827	1.0	0.9995901155158834
C5orf63	0.751	2.25	1.64	1.37	0.171	1.0	0.9995901155158834
C6orf120	416.0	0.03	0.11	0.289	0.773	1.0	0.9995901155158834
C6orf132	7.91	-0.36	0.44	-0.827	0.408	1.0	0.9995901155158834
C6orf136	15.9	0.0	0.31	0.0131	0.99	1.0	0.9995901155158834
C6orf163	4.51	-0.22	0.57	-0.379	0.705	1.0	0.9995901155158834
C6orf226	3.19	-0.29	0.76	-0.377	0.706	1.0	0.9995901155158834
C6orf47	132.0	0.23	0.14	1.66	0.0962	1.0	0.9995901155158834
C6orf52	6.52	0.11	0.48	0.237	0.812	1.0	0.9995901155158834
C6orf58	0.789	1.62	1.48	1.09	0.274	1.0	0.9995901155158834
C6orf62	1340.0	0.15	0.12	1.25	0.213	1.0	0.9995901155158834
C6orf89	693.0	0.05	0.08	0.592	0.554	1.0	0.9995901155158834
C7	62.1	-0.01	0.17	-0.0753	0.94	1.0	0.9995901155158834
C7orf25	87.7	-0.03	0.15	-0.177	0.859	1.0	0.9995901155158834
C7orf26	122.0	-0.2	0.13	-1.53	0.125	1.0	0.9995901155158834
C7orf31	17.8	0.1	0.31	0.332	0.74	1.0	0.9995901155158834
C7orf50	311.0	-0.15	0.12	-1.28	0.201	1.0	0.9995901155158834
C7orf57	0.454	-2.16	2.38	-0.908	0.364	1.0	0.9995901155158834
C8orf33	456.0	-0.05	0.09	-0.584	0.559	1.0	0.9995901155158834
C8orf34	2.28	0.5	0.98	0.505	0.614	1.0	0.9995901155158834
C8orf44-SGK3	54.0	-0.02	0.37	-0.0421	0.966	1.0	0.9995901155158834
C8orf48	19.0	0.41	0.3	1.36	0.174	1.0	0.9995901155158834
C8orf58	159.0	-0.03	0.16	-0.222	0.824	1.0	0.9995901155158834
C8orf76	127.0	-0.19	0.11	-1.75	0.0801	1.0	0.9995901155158834
C8orf82	9.51	0.12	0.4	0.3	0.764	1.0	0.9995901155158834
C8orf88	84.5	0.11	0.15	0.702	0.483	1.0	0.9995901155158834
C9orf116	3.52	-1.57	0.67	-2.35	0.0188	1.0	0.9995901155158834
C9orf131	1.23	-0.09	1.08	-0.0819	0.935	1.0	0.9995901155158834
C9orf135	1.53	-0.97	1.15	-0.843	0.399	1.0	0.9995901155158834
C9orf152	1.25	1.27	1.1	1.15	0.25	1.0	0.9995901155158834
C9orf163	1.21	-0.04	1.15	-0.0315	0.975	1.0	0.9995901155158834
C9orf40	100.0	-0.08	0.15	-0.577	0.564	1.0	0.9995901155158834
C9orf43	3.14	0.54	0.64	0.844	0.399	1.0	0.9995901155158834
C9orf47	4.42	-0.36	0.53	-0.686	0.492	1.0	0.9995901155158834
C9orf64	171.0	0.01	0.11	0.0539	0.957	1.0	0.9995901155158834
C9orf72	210.0	-0.04	0.11	-0.36	0.719	1.0	0.9995901155158834
C9orf78	898.0	-0.14	0.12	-1.17	0.244	1.0	0.9995901155158834
C9orf85	97.1	0.1	0.13	0.758	0.448	1.0	0.9995901155158834
CA11	26.9	0.2	0.3	0.667	0.505	1.0	0.9995901155158834
CA12	2.69	0.74	0.78	0.946	0.344	1.0	0.9995901155158834
CA13	58.4	0.02	0.2	0.121	0.904	1.0	0.9995901155158834
CA14	1.14	-1.76	1.21	-1.46	0.144	1.0	0.9995901155158834
CA2	160.0	-0.04	0.13	-0.273	0.784	1.0	0.9995901155158834
CA3	1.77	-0.34	0.85	-0.403	0.687	1.0	0.9995901155158834
CA5B	37.0	0.03	0.2	0.127	0.899	1.0	0.9995901155158834
CA8	447.0	0.18	0.14	1.29	0.196	1.0	0.9995901155158834
CA9	1.26	-0.36	1.15	-0.312	0.755	1.0	0.9995901155158834
CAAP1	293.0	0.07	0.08	0.985	0.324	1.0	0.9995901155158834
CAB39	1030.0	0.1	0.09	1.13	0.257	1.0	0.9995901155158834
CAB39L	69.3	0.12	0.16	0.706	0.48	1.0	0.9995901155158834
CABCOCO1	8.18	-1.23	0.47	-2.6	0.0094	1.0	0.9995901155158834
CABIN1	176.0	-0.06	0.14	-0.395	0.693	1.0	0.9995901155158834
CABLES1	186.0	0.11	0.09	1.15	0.249	1.0	0.9995901155158834
CABLES2	58.4	-0.11	0.17	-0.657	0.511	1.0	0.9995901155158834
CABP4	4.18	-0.19	0.55	-0.343	0.731	1.0	0.9995901155158834
CABP5	0.506	-1.29	1.66	-0.775	0.438	1.0	0.9995901155158834
CABP7	0.781	0.29	1.48	0.199	0.842	1.0	0.9995901155158834
CABYR	3.98	0.12	0.6	0.207	0.836	1.0	0.9995901155158834
CACFD1	103.0	0.05	0.15	0.375	0.708	1.0	0.9995901155158834
CACHD1	298.0	0.04	0.08	0.497	0.619	1.0	0.9995901155158834
CACNA1A	10.6	0.28	0.39	0.734	0.463	1.0	0.9995901155158834
CACNA1B	6.06	-0.54	0.58	-0.934	0.35	1.0	0.9995901155158834
CACNA1C	6.88	0.31	0.43	0.714	0.475	1.0	0.9995901155158834
CACNA1D	0.55	0.76	1.51	0.505	0.614	1.0	0.9995901155158834
CACNA1F	0.702	-1.36	1.57	-0.869	0.385	1.0	0.9995901155158834
CACNA1H	10.9	-0.03	0.41	-0.0757	0.94	1.0	0.9995901155158834
CACNA2D1	287.0	0.07	0.1	0.766	0.444	1.0	0.9995901155158834
CACNA2D2	19.9	-0.05	0.25	-0.215	0.829	1.0	0.9995901155158834
CACNA2D4	2.25	-0.24	0.84	-0.289	0.772	1.0	0.9995901155158834
CACNB1	6.1	0.26	0.59	0.441	0.66	1.0	0.9995901155158834
CACNB2	5.82	-0.26	0.44	-0.586	0.558	1.0	0.9995901155158834
CACNB3	48.3	-0.21	0.18	-1.16	0.247	1.0	0.9995901155158834
CACNB4	1.24	-1.01	1.16	-0.874	0.382	1.0	0.9995901155158834
CACNG4	0.705	1.18	1.39	0.849	0.396	1.0	0.9995901155158834
CACNG5	2.37	0.64	0.74	0.869	0.385	1.0	0.9995901155158834
CACNG6	8.08	0.02	0.43	0.0377	0.97	1.0	0.9995901155158834
CACNG7	32.6	-0.11	0.28	-0.402	0.688	1.0	0.9995901155158834
CACNG8	279.0	0.04	0.24	0.162	0.871	1.0	0.9995901155158834
CACTIN	184.0	0.02	0.16	0.152	0.879	1.0	0.9995901155158834
CACUL1	331.0	-0.03	0.09	-0.325	0.745	1.0	0.9995901155158834
CACYBP	1340.0	0.01	0.08	0.141	0.888	1.0	0.9995901155158834
CAD	327.0	0.03	0.12	0.283	0.777	1.0	0.9995901155158834
CADM1	405.0	0.02	0.1	0.231	0.817	1.0	0.9995901155158834
CADM2	3.35	0.18	0.75	0.236	0.813	1.0	0.9995901155158834
CADM3	8.62	-0.26	0.48	-0.534	0.593	1.0	0.9995901155158834
CADM4	453.0	0.0	0.09	0.00419	0.997	1.0	0.9995901155158834
CADPS2	47.8	-0.13	0.18	-0.729	0.466	1.0	0.9995901155158834
CAGE1	0.673	-2.24	1.45	-1.54	0.123	1.0	0.9995901155158834
CALB1	0.637	1.23	1.59	0.77	0.441	1.0	0.9995901155158834
CALCA	0.629	1.26	1.55	0.81	0.418	1.0	0.9995901155158834
CALCOCO1	346.0	-0.04	0.12	-0.326	0.745	1.0	0.9995901155158834
CALCOCO2	491.0	-0.01	0.09	-0.156	0.876	1.0	0.9995901155158834
CALCRL	1520.0	0.08	0.09	0.906	0.365	1.0	0.9995901155158834
CALD1	7960.0	-0.02	0.1	-0.154	0.877	1.0	0.9995901155158834
CALHM2	8.81	0.31	0.41	0.758	0.448	1.0	0.9995901155158834
CALHM4	3.86	-0.31	0.67	-0.462	0.644	1.0	0.9995901155158834
CALHM5	138.0	-0.07	0.14	-0.499	0.618	1.0	0.9995901155158834
CALHM6	1.09	0.08	1.23	0.0664	0.947	1.0	0.9995901155158834
CALM1	3670.0	0.04	0.07	0.533	0.594	1.0	0.9995901155158834
CALM2	2380.0	-0.05	0.12	-0.466	0.641	1.0	0.9995901155158834
CALM3	2890.0	-0.04	0.06	-0.758	0.448	1.0	0.9995901155158834
CALML4	46.7	0.16	0.21	0.769	0.442	1.0	0.9995901155158834
CALN1	42.9	0.1	0.19	0.539	0.59	1.0	0.9995901155158834
CALR	17800.0	-0.06	0.07	-0.835	0.404	1.0	0.9995901155158834
CALU	10700.0	-0.0	0.07	-0.0316	0.975	1.0	0.9995901155158834
CAMK1	37.1	-0.09	0.2	-0.466	0.641	1.0	0.9995901155158834
CAMK1D	70.6	0.05	0.19	0.266	0.79	1.0	0.9995901155158834
CAMK2B	1.28	0.47	1.39	0.339	0.734	1.0	0.9995901155158834
CAMK2D	618.0	0.0	0.09	0.0416	0.967	1.0	0.9995901155158834
CAMK2G	83.4	-0.14	0.15	-0.95	0.342	1.0	0.9995901155158834
CAMK2N1	13.9	-0.1	0.36	-0.279	0.78	1.0	0.9995901155158834
CAMK4	12.3	0.32	0.42	0.765	0.444	1.0	0.9995901155158834
CAMKK1	36.8	-0.08	0.22	-0.359	0.72	1.0	0.9995901155158834
CAMKK2	654.0	-0.04	0.09	-0.422	0.673	1.0	0.9995901155158834
CAMKMT	35.1	0.13	0.22	0.583	0.56	1.0	0.9995901155158834
CAMLG	274.0	-0.11	0.09	-1.15	0.251	1.0	0.9995901155158834
CAMSAP1	418.0	0.03	0.09	0.358	0.72	1.0	0.9995901155158834
CAMSAP2	1080.0	-0.02	0.09	-0.263	0.792	1.0	0.9995901155158834
CAMSAP3	13.0	-0.15	0.33	-0.458	0.647	1.0	0.9995901155158834
CAMTA1	283.0	-0.1	0.13	-0.715	0.475	1.0	0.9995901155158834
CAMTA2	79.0	0.19	0.13	1.46	0.144	1.0	0.9995901155158834
CAND1	1360.0	0.0	0.08	0.0474	0.962	1.0	0.9995901155158834
CAND2	9.9	0.62	0.43	1.45	0.148	1.0	0.9995901155158834
CANT1	537.0	0.06	0.07	0.766	0.444	1.0	0.9995901155158834
CANX	12500.0	0.02	0.09	0.215	0.83	1.0	0.9995901155158834
CAP1	4340.0	-0.07	0.06	-1.16	0.247	1.0	0.9995901155158834
CAP2	282.0	-0.11	0.09	-1.23	0.217	1.0	0.9995901155158834
CAPG	687.0	-0.11	0.1	-1.11	0.267	1.0	0.9995901155158834
CAPN1	692.0	-0.03	0.11	-0.284	0.776	1.0	0.9995901155158834
CAPN10	58.4	-0.14	0.24	-0.573	0.567	1.0	0.9995901155158834
CAPN14	2.67	-0.99	0.74	-1.34	0.18	1.0	0.9995901155158834
CAPN15	92.2	0.1	0.16	0.645	0.519	1.0	0.9995901155158834
CAPN2	4380.0	-0.05	0.1	-0.516	0.606	1.0	0.9995901155158834
CAPN3	1.53	0.63	1.01	0.618	0.537	1.0	0.9995901155158834
CAPN5	120.0	-0.17	0.15	-1.14	0.255	1.0	0.9995901155158834
CAPN7	411.0	0.01	0.1	0.0937	0.925	1.0	0.9995901155158834
CAPN8	0.604	-0.08	1.76	-0.0433	0.965	1.0	0.9995901155158834
CAPN9	3.15	-0.32	0.7	-0.462	0.644	1.0	0.9995901155158834
CAPNS1	815.0	-0.16	0.14	-1.14	0.253	1.0	0.9995901155158834
CAPNS2	1.13	0.92	1.31	0.701	0.483	1.0	0.9995901155158834
CAPRIN1	2650.0	-0.03	0.07	-0.511	0.609	1.0	0.9995901155158834
CAPRIN2	342.0	-0.04	0.12	-0.33	0.742	1.0	0.9995901155158834
CAPS	3.03	0.31	0.71	0.433	0.665	1.0	0.9995901155158834
CAPZA1	2160.0	0.03	0.08	0.346	0.729	1.0	0.9995901155158834
CAPZA2	1130.0	0.1	0.09	1.14	0.254	1.0	0.9995901155158834
CAPZB	1560.0	0.03	0.11	0.234	0.815	1.0	0.9995901155158834
CARD10	310.0	0.01	0.14	0.101	0.92	1.0	0.9995901155158834
CARD11	19.7	0.22	0.28	0.785	0.433	1.0	0.9995901155158834
CARD14	3.06	-0.54	0.72	-0.747	0.455	1.0	0.9995901155158834
CARD16	1.42	-1.14	1.02	-1.11	0.266	1.0	0.9995901155158834
CARD19	20.0	0.05	0.35	0.15	0.881	1.0	0.9995901155158834
CARD6	117.0	0.04	0.12	0.338	0.736	1.0	0.9995901155158834
CARD8	702.0	0.04	0.09	0.436	0.663	1.0	0.9995901155158834
CARD9	1.48	1.81	1.03	1.76	0.0788	1.0	0.9995901155158834
CARF	32.5	0.09	0.22	0.41	0.681	1.0	0.9995901155158834
CARHSP1	92.5	-0.27	0.18	-1.46	0.145	1.0	0.9995901155158834
CARM1	327.0	-0.07	0.11	-0.615	0.539	1.0	0.9995901155158834
CARMIL1	136.0	-0.14	0.12	-1.15	0.252	1.0	0.9995901155158834
CARMIL2	2.37	-0.05	0.82	-0.0567	0.955	1.0	0.9995901155158834
CARNMT1	525.0	0.21	0.1	2.1	0.0361	1.0	0.9995901155158834
CARS1	391.0	-0.19	0.11	-1.8	0.072	1.0	0.9995901155158834
CARS2	149.0	-0.15	0.11	-1.31	0.189	1.0	0.9995901155158834
CARTPT	132.0	-0.05	0.16	-0.291	0.771	1.0	0.9995901155158834
CASC3	1390.0	0.01	0.08	0.18	0.857	1.0	0.9995901155158834
CASD1	634.0	0.14	0.09	1.64	0.101	1.0	0.9995901155158834
CASK	539.0	0.08	0.08	1.01	0.311	1.0	0.9995901155158834
CASKIN1	2.21	-0.35	0.98	-0.358	0.72	1.0	0.9995901155158834
CASKIN2	229.0	0.12	0.12	1.06	0.287	1.0	0.9995901155158834
CASP10	109.0	-0.02	0.16	-0.138	0.89	1.0	0.9995901155158834
CASP2	267.0	0.01	0.09	0.09	0.928	1.0	0.9995901155158834
CASP3	787.0	0.09	0.07	1.15	0.251	1.0	0.9995901155158834
CASP4	15.6	0.21	0.35	0.607	0.544	1.0	0.9995901155158834
CASP6	310.0	-0.04	0.12	-0.355	0.723	1.0	0.9995901155158834
CASP7	406.0	-0.05	0.09	-0.507	0.612	1.0	0.9995901155158834
CASP8	184.0	0.21	0.14	1.46	0.144	1.0	0.9995901155158834
CASP8AP2	312.0	-0.01	0.09	-0.0935	0.926	1.0	0.9995901155158834
CASP9	44.9	-0.06	0.23	-0.261	0.794	1.0	0.9995901155158834
CASR	2.08	-0.61	0.85	-0.721	0.471	1.0	0.9995901155158834
CASS4	7.73	-0.54	0.42	-1.29	0.197	1.0	0.9995901155158834
CAST	1350.0	-0.02	0.05	-0.395	0.693	1.0	0.9995901155158834
CASTOR1	20.3	0.54	0.31	1.73	0.0839	1.0	0.9995901155158834
CASTOR2	220.0	-0.08	0.15	-0.546	0.585	1.0	0.9995901155158834
CASZ1	11.6	-0.38	0.47	-0.799	0.424	1.0	0.9995901155158834
CAT	77.1	-0.0	0.15	-0.0189	0.985	1.0	0.9995901155158834
CATSPER2	4.94	-0.85	0.62	-1.37	0.169	1.0	0.9995901155158834
CATSPER3	1.09	-0.37	1.14	-0.328	0.743	1.0	0.9995901155158834
CATSPERE	2.61	-0.04	0.67	-0.0652	0.948	1.0	0.9995901155158834
CATSPERG	2.58	-1.11	0.75	-1.47	0.142	1.0	0.9995901155158834
CAV1	586.0	0.01	0.24	0.0231	0.982	1.0	0.9995901155158834
CAV2	175.0	-0.1	0.16	-0.605	0.545	1.0	0.9995901155158834
CAVIN1	8020.0	-0.05	0.13	-0.355	0.723	1.0	0.9995901155158834
CAVIN2	24.8	0.19	0.32	0.581	0.561	1.0	0.9995901155158834
CAVIN3	97.4	0.03	0.22	0.137	0.891	1.0	0.9995901155158834
CAVIN4	48.4	-0.34	0.18	-1.94	0.0521	1.0	0.9995901155158834
CBARP	6.76	-0.08	0.43	-0.193	0.847	1.0	0.9995901155158834
CBFA2T2	118.0	0.04	0.12	0.292	0.77	1.0	0.9995901155158834
CBFA2T3	4.32	-0.69	0.62	-1.12	0.264	1.0	0.9995901155158834
CBFB	722.0	0.12	0.12	1.04	0.298	1.0	0.9995901155158834
CBL	779.0	0.08	0.12	0.678	0.498	1.0	0.9995901155158834
CBLB	249.0	0.02	0.1	0.204	0.838	1.0	0.9995901155158834
CBLL1	226.0	-0.01	0.12	-0.0572	0.954	1.0	0.9995901155158834
CBLN1	9.83	-0.17	0.4	-0.44	0.66	1.0	0.9995901155158834
CBLN2	478.0	0.2	0.15	1.34	0.18	1.0	0.9995901155158834
CBLN3	0.972	-0.08	1.22	-0.0687	0.945	1.0	0.9995901155158834
CBR1	6.28	-0.18	0.53	-0.33	0.741	1.0	0.9995901155158834
CBR3	5.44	-0.03	0.6	-0.0538	0.957	1.0	0.9995901155158834
CBR4	292.0	0.04	0.11	0.322	0.748	1.0	0.9995901155158834
CBS	44.4	0.26	0.7	0.38	0.704	1.0	0.9995901155158834
CBSL	42.6	-0.04	1.17	-0.0315	0.975	1.0	0.9995901155158834
CBWD1	289.0	0.09	0.18	0.508	0.611	1.0	0.9995901155158834
CBWD2	762.0	-0.2	0.1	-1.95	0.0508	1.0	0.9995901155158834
CBWD3	10.4	0.79	1.15	0.683	0.495	1.0	0.9995901155158834
CBWD5	434.0	-0.07	0.11	-0.621	0.534	1.0	0.9995901155158834
CBWD6	108.0	-0.12	0.21	-0.597	0.55	1.0	0.9995901155158834
CBX1	1360.0	-0.01	0.09	-0.129	0.897	1.0	0.9995901155158834
CBX2	267.0	-0.02	0.12	-0.145	0.885	1.0	0.9995901155158834
CBX3	2750.0	-0.01	0.06	-0.0861	0.931	1.0	0.9995901155158834
CBX4	48.6	-0.21	0.19	-1.1	0.273	1.0	0.9995901155158834
CBX5	2780.0	0.09	0.09	0.924	0.355	1.0	0.9995901155158834
CBX6	140.0	0.17	0.13	1.3	0.193	1.0	0.9995901155158834
CBX7	4.52	0.04	0.64	0.0684	0.945	1.0	0.9995901155158834
CBX8	33.6	-0.11	0.26	-0.431	0.667	1.0	0.9995901155158834
CBY1	633.0	0.03	0.09	0.326	0.744	1.0	0.9995901155158834
CBY3	1.26	-0.15	1.21	-0.126	0.9	1.0	0.9995901155158834
CC2D1A	94.1	-0.12	0.15	-0.818	0.413	1.0	0.9995901155158834
CC2D1B	163.0	0.08	0.13	0.584	0.559	1.0	0.9995901155158834
CC2D2A	242.0	0.08	0.09	0.94	0.347	1.0	0.9995901155158834
CC2D2B	5.74	0.91	0.47	1.95	0.0508	1.0	0.9995901155158834
CCAR1	1610.0	0.02	0.08	0.23	0.818	1.0	0.9995901155158834
CCAR2	1170.0	-0.02	0.07	-0.252	0.801	1.0	0.9995901155158834
CCBE1	4.19	1.6	0.72	2.23	0.0257	1.0	0.9995901155158834
CCDC102A	142.0	-0.02	0.12	-0.199	0.842	1.0	0.9995901155158834
CCDC102B	125.0	-0.15	0.12	-1.22	0.223	1.0	0.9995901155158834
CCDC103	8.22	-0.33	0.45	-0.748	0.455	1.0	0.9995901155158834
CCDC106	33.3	0.08	0.23	0.345	0.73	1.0	0.9995901155158834
CCDC107	50.2	-0.28	0.2	-1.37	0.17	1.0	0.9995901155158834
CCDC110	1.08	-0.26	1.27	-0.208	0.835	1.0	0.9995901155158834
CCDC112	195.0	-0.1	0.13	-0.782	0.434	1.0	0.9995901155158834
CCDC113	46.4	0.02	0.19	0.123	0.902	1.0	0.9995901155158834
CCDC115	156.0	0.04	0.14	0.247	0.805	1.0	0.9995901155158834
CCDC116	0.916	0.78	1.38	0.566	0.571	1.0	0.9995901155158834
CCDC117	798.0	0.01	0.09	0.115	0.908	1.0	0.9995901155158834
CCDC12	470.0	-0.14	0.17	-0.873	0.382	1.0	0.9995901155158834
CCDC120	39.9	0.24	0.22	1.14	0.255	1.0	0.9995901155158834
CCDC121	30.5	-0.04	0.21	-0.196	0.845	1.0	0.9995901155158834
CCDC122	24.6	0.55	0.24	2.24	0.0249	1.0	0.9995901155158834
CCDC124	606.0	-0.2	0.11	-1.79	0.0731	1.0	0.9995901155158834
CCDC125	4.77	-0.13	0.56	-0.236	0.813	1.0	0.9995901155158834
CCDC126	71.0	0.07	0.14	0.479	0.632	1.0	0.9995901155158834
CCDC127	226.0	0.04	0.09	0.507	0.612	1.0	0.9995901155158834
CCDC13	6.08	-1.26	0.54	-2.33	0.0201	1.0	0.9995901155158834
CCDC134	67.1	0.03	0.17	0.167	0.867	1.0	0.9995901155158834
CCDC136	26.9	0.03	0.27	0.114	0.91	1.0	0.9995901155158834
CCDC137	373.0	-0.05	0.11	-0.403	0.687	1.0	0.9995901155158834
CCDC138	69.1	0.14	0.16	0.866	0.387	1.0	0.9995901155158834
CCDC14	169.0	0.21	0.13	1.57	0.117	1.0	0.9995901155158834
CCDC141	31.0	-0.63	0.27	-2.31	0.0207	1.0	0.9995901155158834
CCDC142	53.0	0.12	0.18	0.69	0.49	1.0	0.9995901155158834
CCDC144A	20.4	0.24	0.3	0.803	0.422	1.0	0.9995901155158834
CCDC146	9.3	0.21	0.46	0.457	0.648	1.0	0.9995901155158834
CCDC148	2.73	0.74	0.72	1.03	0.305	1.0	0.9995901155158834
CCDC149	140.0	-0.16	0.09	-1.69	0.0913	1.0	0.9995901155158834
CCDC15	27.8	0.28	0.21	1.37	0.17	1.0	0.9995901155158834
CCDC150	31.0	0.14	0.22	0.611	0.541	1.0	0.9995901155158834
CCDC152	49.6	-0.17	0.18	-0.961	0.336	1.0	0.9995901155158834
CCDC153	3.69	0.64	0.62	1.03	0.302	1.0	0.9995901155158834
CCDC154	1.7	-0.32	1.05	-0.304	0.761	1.0	0.9995901155158834
CCDC157	36.4	0.19	0.26	0.734	0.463	1.0	0.9995901155158834
CCDC159	14.1	0.24	0.39	0.618	0.536	1.0	0.9995901155158834
CCDC160	22.0	-0.25	0.27	-0.926	0.354	1.0	0.9995901155158834
CCDC163	3.72	-0.25	0.66	-0.378	0.706	1.0	0.9995901155158834
CCDC167	68.7	0.21	0.18	1.19	0.234	1.0	0.9995901155158834
CCDC168	4.37	0.81	0.57	1.43	0.152	1.0	0.9995901155158834
CCDC169	24.0	0.36	0.28	1.28	0.201	1.0	0.9995901155158834
CCDC169-SOHLH2	1.4	-1.14	1.11	-1.02	0.307	1.0	0.9995901155158834
CCDC17	1.07	-2.09	1.27	-1.64	0.1	1.0	0.9995901155158834
CCDC170	11.6	-0.41	0.39	-1.06	0.29	1.0	0.9995901155158834
CCDC171	31.2	0.09	0.27	0.341	0.733	1.0	0.9995901155158834
CCDC173	4.75	0.94	0.52	1.8	0.0714	1.0	0.9995901155158834
CCDC174	229.0	-0.17	0.09	-1.85	0.0645	1.0	0.9995901155158834
CCDC178	7.42	-0.49	0.46	-1.05	0.292	1.0	0.9995901155158834
CCDC18	72.1	-0.0	0.16	-0.0223	0.982	1.0	0.9995901155158834
CCDC180	32.4	0.13	0.23	0.552	0.581	1.0	0.9995901155158834
CCDC181	41.1	-0.09	0.19	-0.505	0.613	1.0	0.9995901155158834
CCDC183	6.74	0.46	0.47	0.976	0.329	1.0	0.9995901155158834
CCDC184	2.56	1.56	0.81	1.92	0.0548	1.0	0.9995901155158834
CCDC186	276.0	-0.07	0.11	-0.669	0.503	1.0	0.9995901155158834
CCDC189	1.54	0.35	1.18	0.293	0.769	1.0	0.9995901155158834
CCDC191	42.3	-0.01	0.24	-0.044	0.965	1.0	0.9995901155158834
CCDC198	0.888	-0.18	1.22	-0.149	0.881	1.0	0.9995901155158834
CCDC200	1.68	-0.93	1.08	-0.862	0.388	1.0	0.9995901155158834
CCDC22	73.8	-0.03	0.16	-0.202	0.84	1.0	0.9995901155158834
CCDC24	5.45	0.05	0.51	0.101	0.92	1.0	0.9995901155158834
CCDC25	579.0	0.11	0.07	1.5	0.133	1.0	0.9995901155158834
CCDC28A	82.6	-0.2	0.16	-1.27	0.204	1.0	0.9995901155158834
CCDC28B	40.4	-0.1	0.24	-0.442	0.658	1.0	0.9995901155158834
CCDC3	424.0	-0.05	0.1	-0.516	0.606	1.0	0.9995901155158834
CCDC30	12.2	0.19	0.35	0.53	0.596	1.0	0.9995901155158834
CCDC32	183.0	0.09	0.12	0.751	0.452	1.0	0.9995901155158834
CCDC34	203.0	0.02	0.13	0.154	0.877	1.0	0.9995901155158834
CCDC39	12.7	0.11	0.37	0.295	0.768	1.0	0.9995901155158834
CCDC40	16.4	0.38	0.3	1.25	0.211	1.0	0.9995901155158834
CCDC43	695.0	0.02	0.08	0.297	0.767	1.0	0.9995901155158834
CCDC47	2080.0	-0.02	0.07	-0.35	0.726	1.0	0.9995901155158834
CCDC50	1250.0	0.01	0.08	0.157	0.875	1.0	0.9995901155158834
CCDC51	92.1	0.03	0.16	0.158	0.874	1.0	0.9995901155158834
CCDC57	46.3	-0.09	0.27	-0.328	0.743	1.0	0.9995901155158834
CCDC59	284.0	-0.08	0.11	-0.71	0.478	1.0	0.9995901155158834
CCDC6	350.0	0.04	0.08	0.558	0.577	1.0	0.9995901155158834
CCDC60	0.616	1.05	1.57	0.673	0.501	1.0	0.9995901155158834
CCDC61	15.4	0.1	0.32	0.296	0.767	1.0	0.9995901155158834
CCDC62	4.48	0.17	0.74	0.231	0.818	1.0	0.9995901155158834
CCDC65	3.34	-0.09	0.7	-0.123	0.902	1.0	0.9995901155158834
CCDC66	70.9	-0.22	0.18	-1.23	0.219	1.0	0.9995901155158834
CCDC68	56.7	-0.04	0.15	-0.266	0.79	1.0	0.9995901155158834
CCDC69	33.9	-0.33	0.2	-1.64	0.102	1.0	0.9995901155158834
CCDC7	5.09	-0.36	0.62	-0.575	0.565	1.0	0.9995901155158834
CCDC71	104.0	-0.22	0.16	-1.34	0.179	1.0	0.9995901155158834
CCDC71L	235.0	0.01	0.13	0.0697	0.944	1.0	0.9995901155158834
CCDC74A	11.0	0.17	0.48	0.353	0.724	1.0	0.9995901155158834
CCDC74B	0.682	-0.54	1.83	-0.297	0.766	1.0	0.9995901155158834
CCDC77	92.2	0.21	0.12	1.74	0.0811	1.0	0.9995901155158834
CCDC8	80.5	0.03	0.16	0.211	0.833	1.0	0.9995901155158834
CCDC80	80.7	-0.21	0.13	-1.54	0.125	1.0	0.9995901155158834
CCDC81	69.1	-0.21	0.19	-1.12	0.264	1.0	0.9995901155158834
CCDC82	864.0	-0.05	0.08	-0.629	0.529	1.0	0.9995901155158834
CCDC85A	266.0	0.1	0.1	0.939	0.348	1.0	0.9995901155158834
CCDC85B	46.2	0.21	0.24	0.89	0.374	1.0	0.9995901155158834
CCDC85C	142.0	0.21	0.12	1.79	0.0742	1.0	0.9995901155158834
CCDC86	293.0	-0.03	0.12	-0.235	0.814	1.0	0.9995901155158834
CCDC87	1.87	-0.04	1.13	-0.0312	0.975	1.0	0.9995901155158834
CCDC88A	963.0	-0.06	0.1	-0.545	0.586	1.0	0.9995901155158834
CCDC88B	3.94	-0.35	0.59	-0.587	0.557	1.0	0.9995901155158834
CCDC88C	316.0	-0.16	0.1	-1.54	0.123	1.0	0.9995901155158834
CCDC9	112.0	-0.06	0.15	-0.379	0.705	1.0	0.9995901155158834
CCDC90B	551.0	-0.0	0.07	-0.0346	0.972	1.0	0.9995901155158834
CCDC91	186.0	-0.07	0.1	-0.737	0.461	1.0	0.9995901155158834
CCDC92	251.0	-0.13	0.12	-1.07	0.287	1.0	0.9995901155158834
CCDC92B	2.47	0.56	0.66	0.847	0.397	1.0	0.9995901155158834
CCDC93	552.0	0.01	0.12	0.071	0.943	1.0	0.9995901155158834
CCDC96	33.5	-0.39	0.22	-1.76	0.0791	1.0	0.9995901155158834
CCDC97	156.0	-0.0	0.11	-0.0105	0.992	1.0	0.9995901155158834
CCDC9B	4.62	-0.38	0.61	-0.623	0.533	1.0	0.9995901155158834
CCHCR1	102.0	-0.13	0.14	-0.939	0.347	1.0	0.9995901155158834
CCIN	1.07	-0.73	1.19	-0.611	0.541	1.0	0.9995901155158834
CCL1	0.78	-1.03	1.46	-0.707	0.48	1.0	0.9995901155158834
CCL16	1.09	0.53	1.17	0.448	0.654	1.0	0.9995901155158834
CCL2	128.0	0.23	0.21	1.06	0.291	1.0	0.9995901155158834
CCL20	9.16	-0.24	0.53	-0.458	0.647	1.0	0.9995901155158834
CCL22	3.38	0.37	0.62	0.59	0.555	1.0	0.9995901155158834
CCL24	1.35	0.19	1.01	0.189	0.85	1.0	0.9995901155158834
CCL28	1.98	1.75	0.98	1.78	0.0744	1.0	0.9995901155158834
CCL3L3	2.04	-0.16	0.97	-0.167	0.868	1.0	0.9995901155158834
CCL4L2	1.28	0.27	1.09	0.251	0.802	1.0	0.9995901155158834
CCL5	2.37	-0.05	1.0	-0.0524	0.958	1.0	0.9995901155158834
CCL7	3.09	0.35	0.73	0.486	0.627	1.0	0.9995901155158834
CCL8	4.61	-1.11	0.55	-1.99	0.0462	1.0	0.9995901155158834
CCM2	199.0	-0.25	0.11	-2.27	0.0231	1.0	0.9995901155158834
CCM2L	85.5	-0.02	0.18	-0.0926	0.926	1.0	0.9995901155158834
CCN1	264.0	0.05	0.14	0.379	0.705	1.0	0.9995901155158834
CCN2	1240.0	0.1	0.14	0.691	0.489	1.0	0.9995901155158834
CCN3	2.44	-1.61	0.79	-2.03	0.0421	1.0	0.9995901155158834
CCN4	2.32	0.31	0.73	0.424	0.672	1.0	0.9995901155158834
CCNA1	0.851	0.23	1.42	0.161	0.872	1.0	0.9995901155158834
CCNA2	112.0	-0.06	0.13	-0.511	0.609	1.0	0.9995901155158834
CCNB1	230.0	-0.06	0.09	-0.667	0.505	1.0	0.9995901155158834
CCNB1IP1	123.0	0.08	0.17	0.46	0.645	1.0	0.9995901155158834
CCNB2	32.3	-0.45	0.25	-1.8	0.0723	1.0	0.9995901155158834
CCNB3	2.15	-0.54	0.85	-0.643	0.52	1.0	0.9995901155158834
CCNC	424.0	0.1	0.1	1.04	0.299	1.0	0.9995901155158834
CCND1	3200.0	0.03	0.24	0.137	0.891	1.0	0.9995901155158834
CCND2	679.0	0.04	0.09	0.455	0.649	1.0	0.9995901155158834
CCND3	73.3	0.0	0.18	0.00139	0.999	1.0	0.9995901155158834
CCNDBP1	152.0	-0.02	0.13	-0.16	0.873	1.0	0.9995901155158834
CCNE1	45.0	-0.32	0.2	-1.61	0.107	1.0	0.9995901155158834
CCNE2	87.2	0.04	0.14	0.268	0.789	1.0	0.9995901155158834
CCNF	113.0	-0.2	0.12	-1.6	0.109	1.0	0.9995901155158834
CCNG1	639.0	0.04	0.08	0.487	0.626	1.0	0.9995901155158834
CCNG2	204.0	0.12	0.17	0.731	0.465	1.0	0.9995901155158834
CCNH	191.0	-0.03	0.1	-0.318	0.751	1.0	0.9995901155158834
CCNI	514.0	0.03	0.09	0.361	0.718	1.0	0.9995901155158834
CCNJ	654.0	0.06	0.08	0.785	0.433	1.0	0.9995901155158834
CCNJL	459.0	0.07	0.12	0.552	0.581	1.0	0.9995901155158834
CCNK	388.0	-0.07	0.1	-0.73	0.465	1.0	0.9995901155158834
CCNL1	175.0	-0.0	0.11	-0.0427	0.966	1.0	0.9995901155158834
CCNL2	613.0	0.12	0.1	1.21	0.227	1.0	0.9995901155158834
CCNO	0.685	-0.42	1.69	-0.246	0.806	1.0	0.9995901155158834
CCNQ	45.7	0.08	0.18	0.452	0.652	1.0	0.9995901155158834
CCNT1	672.0	0.04	0.12	0.366	0.714	1.0	0.9995901155158834
CCNT2	337.0	-0.01	0.11	-0.0811	0.935	1.0	0.9995901155158834
CCNY	2000.0	0.02	0.07	0.291	0.771	1.0	0.9995901155158834
CCNYL1	465.0	-0.03	0.08	-0.409	0.682	1.0	0.9995901155158834
CCP110	180.0	-0.01	0.12	-0.0519	0.959	1.0	0.9995901155158834
CCPG1	1760.0	-0.02	0.1	-0.259	0.796	1.0	0.9995901155158834
CCR10	0.778	1.04	1.65	0.628	0.53	1.0	0.9995901155158834
CCR4	1.94	0.39	0.82	0.476	0.634	1.0	0.9995901155158834
CCR6	4.68	0.76	0.81	0.938	0.348	1.0	0.9995901155158834
CCRL2	31.6	0.01	0.22	0.0532	0.958	1.0	0.9995901155158834
CCS	62.2	-0.12	0.23	-0.517	0.605	1.0	0.9995901155158834
CCSAP	59.9	0.08	0.16	0.484	0.628	1.0	0.9995901155158834
CCSER1	25.4	-0.06	0.25	-0.248	0.804	1.0	0.9995901155158834
CCSER2	572.0	0.11	0.09	1.12	0.264	1.0	0.9995901155158834
CCT2	1540.0	-0.0	0.07	-0.0337	0.973	1.0	0.9995901155158834
CCT3	1350.0	-0.05	0.09	-0.545	0.585	1.0	0.9995901155158834
CCT4	1290.0	-0.05	0.07	-0.691	0.49	1.0	0.9995901155158834
CCT5	3170.0	-0.04	0.07	-0.553	0.581	1.0	0.9995901155158834
CCT6A	2430.0	0.03	0.06	0.532	0.595	1.0	0.9995901155158834
CCT6B	12.8	0.21	0.31	0.698	0.485	1.0	0.9995901155158834
CCT7	2110.0	-0.13	0.06	-2.08	0.0376	1.0	0.9995901155158834
CCT8	2420.0	0.07	0.06	1.18	0.236	1.0	0.9995901155158834
CCZ1	259.0	0.39	0.14	2.77	0.00562	1.0	0.9995901155158834
CCZ1B	978.0	-0.11	0.06	-1.72	0.0846	1.0	0.9995901155158834
CD101	2.78	0.96	0.8	1.19	0.233	1.0	0.9995901155158834
CD109	999.0	-0.01	0.07	-0.0978	0.922	1.0	0.9995901155158834
CD151	326.0	-0.17	0.12	-1.41	0.158	1.0	0.9995901155158834
CD163	17.4	0.01	0.35	0.0292	0.977	1.0	0.9995901155158834
CD163L1	30.5	-0.55	0.21	-2.56	0.0104	1.0	0.9995901155158834
CD164	3170.0	0.08	0.11	0.768	0.443	1.0	0.9995901155158834
CD180	4.09	0.3	0.75	0.398	0.691	1.0	0.9995901155158834
CD1D	21.4	-0.49	0.35	-1.39	0.166	1.0	0.9995901155158834
CD1E	0.474	-2.26	1.94	-1.16	0.245	1.0	0.9995901155158834
CD200	12.6	0.32	0.34	0.926	0.355	1.0	0.9995901155158834
CD209	28.4	-0.12	0.24	-0.494	0.621	1.0	0.9995901155158834
CD226	3.51	0.18	0.61	0.297	0.766	1.0	0.9995901155158834
CD24	2930.0	0.04	0.1	0.346	0.729	1.0	0.9995901155158834
CD244	2.86	0.1	0.82	0.119	0.905	1.0	0.9995901155158834
CD248	237.0	-0.13	0.14	-0.9	0.368	1.0	0.9995901155158834
CD27	1.96	0.1	0.94	0.107	0.915	1.0	0.9995901155158834
CD274	5.22	-0.27	0.56	-0.485	0.627	1.0	0.9995901155158834
CD276	2040.0	0.05	0.09	0.542	0.588	1.0	0.9995901155158834
CD28	5.73	0.62	0.52	1.18	0.238	1.0	0.9995901155158834
CD2AP	1080.0	-0.01	0.07	-0.184	0.854	1.0	0.9995901155158834
CD2BP2	632.0	-0.11	0.12	-0.953	0.341	1.0	0.9995901155158834
CD300A	0.791	-1.97	1.44	-1.37	0.172	1.0	0.9995901155158834
CD300E	1.63	-0.43	1.05	-0.406	0.684	1.0	0.9995901155158834
CD300LG	6.98	0.35	0.49	0.729	0.466	1.0	0.9995901155158834
CD302	53.8	0.47	0.19	2.48	0.0133	1.0	0.9995901155158834
CD320	21.8	0.04	0.36	0.0994	0.921	1.0	0.9995901155158834
CD33	0.847	0.31	1.41	0.222	0.825	1.0	0.9995901155158834
CD34	1330.0	-0.04	0.09	-0.431	0.666	1.0	0.9995901155158834
CD36	46.3	-0.05	0.18	-0.293	0.77	1.0	0.9995901155158834
CD37	1.97	-0.6	0.86	-0.698	0.485	1.0	0.9995901155158834
CD38	2.35	-0.45	0.77	-0.588	0.557	1.0	0.9995901155158834
CD3G	1.62	1.94	1.22	1.58	0.113	1.0	0.9995901155158834
CD4	0.928	2.38	1.38	1.72	0.0846	1.0	0.9995901155158834
CD40	177.0	-0.04	0.18	-0.23	0.818	1.0	0.9995901155158834
CD44	612.0	0.05	0.16	0.311	0.756	1.0	0.9995901155158834
CD46	1660.0	-0.04	0.07	-0.554	0.579	1.0	0.9995901155158834
CD47	604.0	0.22	0.1	2.17	0.0298	1.0	0.9995901155158834
CD5	7.05	-0.02	0.42	-0.0559	0.955	1.0	0.9995901155158834
CD53	2.03	-0.54	0.83	-0.65	0.516	1.0	0.9995901155158834
CD55	137.0	0.09	0.16	0.576	0.565	1.0	0.9995901155158834
CD58	45.9	-0.1	0.18	-0.547	0.585	1.0	0.9995901155158834
CD59	3310.0	0.0	0.1	0.0386	0.969	1.0	0.9995901155158834
CD6	4.23	-0.05	0.72	-0.0706	0.944	1.0	0.9995901155158834
CD63	12700.0	-0.08	0.06	-1.28	0.2	1.0	0.9995901155158834
CD68	104.0	-0.19	0.15	-1.23	0.219	1.0	0.9995901155158834
CD69	43.6	-0.07	0.21	-0.319	0.749	1.0	0.9995901155158834
CD70	8.79	0.34	0.48	0.696	0.486	1.0	0.9995901155158834
CD74	4.06	-0.87	0.58	-1.5	0.134	1.0	0.9995901155158834
CD79B	7.2	0.53	0.48	1.08	0.278	1.0	0.9995901155158834
CD81	2040.0	0.03	0.09	0.317	0.751	1.0	0.9995901155158834
CD82	203.0	0.09	0.14	0.621	0.535	1.0	0.9995901155158834
CD83	206.0	0.07	0.14	0.507	0.612	1.0	0.9995901155158834
CD84	4.2	0.01	0.62	0.0137	0.989	1.0	0.9995901155158834
CD8A	0.753	0.91	1.45	0.628	0.53	1.0	0.9995901155158834
CD9	4970.0	-0.0	0.2	-0.00248	0.998	1.0	0.9995901155158834
CD93	18900.0	0.07	0.08	0.934	0.35	1.0	0.9995901155158834
CD99	3990.0	0.01	0.07	0.0756	0.94	1.0	0.9995901155158834
CD99L2	369.0	-0.0	0.09	-0.0296	0.976	1.0	0.9995901155158834
CDA	2.2	-1.08	0.74	-1.46	0.145	1.0	0.9995901155158834
CDADC1	60.5	0.08	0.16	0.517	0.605	1.0	0.9995901155158834
CDAN1	102.0	-0.09	0.17	-0.529	0.597	1.0	0.9995901155158834
CDC123	597.0	-0.13	0.07	-1.79	0.074	1.0	0.9995901155158834
CDC14A	97.4	0.16	0.17	0.927	0.354	1.0	0.9995901155158834
CDC14B	142.0	-0.04	0.14	-0.316	0.752	1.0	0.9995901155158834
CDC14C	2.58	-0.19	0.8	-0.235	0.814	1.0	0.9995901155158834
CDC16	415.0	-0.05	0.11	-0.466	0.641	1.0	0.9995901155158834
CDC20	47.3	-0.06	0.17	-0.363	0.717	1.0	0.9995901155158834
CDC20B	0.792	-0.83	1.32	-0.629	0.53	1.0	0.9995901155158834
CDC23	495.0	-0.11	0.09	-1.22	0.222	1.0	0.9995901155158834
CDC25A	368.0	0.05	0.15	0.318	0.751	1.0	0.9995901155158834
CDC25B	90.4	0.04	0.15	0.263	0.792	1.0	0.9995901155158834
CDC25C	21.5	-0.55	0.25	-2.2	0.0276	1.0	0.9995901155158834
CDC26	487.0	-0.07	0.09	-0.786	0.432	1.0	0.9995901155158834
CDC27	1370.0	0.07	0.1	0.738	0.46	1.0	0.9995901155158834
CDC34	419.0	0.06	0.1	0.567	0.571	1.0	0.9995901155158834
CDC37	4110.0	-0.08	0.08	-0.972	0.331	1.0	0.9995901155158834
CDC37L1	211.0	0.09	0.11	0.834	0.405	1.0	0.9995901155158834
CDC40	365.0	0.08	0.08	1.05	0.296	1.0	0.9995901155158834
CDC42	6070.0	-0.03	0.08	-0.453	0.651	1.0	0.9995901155158834
CDC42BPA	1570.0	-0.05	0.09	-0.591	0.554	1.0	0.9995901155158834
CDC42BPB	2930.0	-0.08	0.1	-0.826	0.409	1.0	0.9995901155158834
CDC42BPG	50.9	0.05	0.19	0.283	0.777	1.0	0.9995901155158834
CDC42EP1	383.0	-0.03	0.13	-0.242	0.809	1.0	0.9995901155158834
CDC42EP2	50.7	0.03	0.2	0.128	0.898	1.0	0.9995901155158834
CDC42EP3	569.0	0.08	0.09	0.895	0.371	1.0	0.9995901155158834
CDC42EP4	117.0	0.05	0.13	0.357	0.721	1.0	0.9995901155158834
CDC42EP5	31.6	0.03	0.25	0.139	0.89	1.0	0.9995901155158834
CDC42SE1	677.0	-0.03	0.06	-0.454	0.65	1.0	0.9995901155158834
CDC42SE2	469.0	0.07	0.09	0.83	0.406	1.0	0.9995901155158834
CDC45	95.8	-0.29	0.14	-2.06	0.0398	1.0	0.9995901155158834
CDC5L	753.0	0.01	0.08	0.0877	0.93	1.0	0.9995901155158834
CDC6	354.0	-0.09	0.11	-0.844	0.398	1.0	0.9995901155158834
CDC7	240.0	-0.06	0.09	-0.624	0.533	1.0	0.9995901155158834
CDC73	452.0	0.01	0.07	0.148	0.882	1.0	0.9995901155158834
CDCA2	63.5	-0.25	0.17	-1.47	0.143	1.0	0.9995901155158834
CDCA3	12.4	0.02	0.45	0.0478	0.962	1.0	0.9995901155158834
CDCA4	88.9	0.08	0.16	0.517	0.605	1.0	0.9995901155158834
CDCA5	209.0	-0.11	0.1	-1.17	0.242	1.0	0.9995901155158834
CDCA7	231.0	0.03	0.12	0.282	0.778	1.0	0.9995901155158834
CDCA7L	440.0	0.13	0.1	1.34	0.18	1.0	0.9995901155158834
CDCA8	105.0	0.03	0.15	0.206	0.837	1.0	0.9995901155158834
CDCP1	2.52	-0.58	0.75	-0.77	0.442	1.0	0.9995901155158834
CDH1	0.94	0.06	1.22	0.0453	0.964	1.0	0.9995901155158834
CDH10	11.1	-0.05	0.34	-0.144	0.886	1.0	0.9995901155158834
CDH11	816.0	-0.01	0.08	-0.0709	0.944	1.0	0.9995901155158834
CDH12	2.29	0.13	0.85	0.148	0.883	1.0	0.9995901155158834
CDH13	975.0	-0.13	0.12	-1.12	0.265	1.0	0.9995901155158834
CDH17	0.648	0.2	1.39	0.14	0.888	1.0	0.9995901155158834
CDH19	2.36	0.1	0.85	0.12	0.905	1.0	0.9995901155158834
CDH2	1210.0	0.05	0.1	0.526	0.599	1.0	0.9995901155158834
CDH20	108.0	-0.01	0.13	-0.101	0.92	1.0	0.9995901155158834
CDH22	1.68	-2.34	1.02	-2.29	0.0218	1.0	0.9995901155158834
CDH23	3.9	0.59	0.74	0.801	0.423	1.0	0.9995901155158834
CDH24	11.6	0.06	0.36	0.161	0.872	1.0	0.9995901155158834
CDH26	2.3	1.41	0.89	1.58	0.113	1.0	0.9995901155158834
CDH3	3.7	-0.03	0.6	-0.051	0.959	1.0	0.9995901155158834
CDH4	1.04	-0.72	1.37	-0.526	0.599	1.0	0.9995901155158834
CDH5	2490.0	-0.07	0.08	-0.929	0.353	1.0	0.9995901155158834
CDH6	2.38	0.04	0.69	0.0553	0.956	1.0	0.9995901155158834
CDH7	33.1	0.14	0.25	0.551	0.582	1.0	0.9995901155158834
CDH8	28.0	-0.11	0.26	-0.414	0.679	1.0	0.9995901155158834
CDHR1	22.2	-0.2	0.25	-0.819	0.413	1.0	0.9995901155158834
CDHR2	0.741	1.44	1.45	0.996	0.319	1.0	0.9995901155158834
CDHR3	3.06	-0.32	0.73	-0.435	0.664	1.0	0.9995901155158834
CDIN1	90.1	0.01	0.13	0.0402	0.968	1.0	0.9995901155158834
CDIP1	122.0	0.07	0.12	0.597	0.551	1.0	0.9995901155158834
CDIPT	126.0	-0.04	0.15	-0.263	0.792	1.0	0.9995901155158834
CDK1	205.0	-0.0	0.13	-0.0221	0.982	1.0	0.9995901155158834
CDK10	73.1	0.24	0.21	1.14	0.256	1.0	0.9995901155158834
CDK11A	504.0	-0.03	0.21	-0.164	0.87	1.0	0.9995901155158834
CDK11B	1210.0	-0.16	0.19	-0.849	0.396	1.0	0.9995901155158834
CDK12	744.0	-0.04	0.08	-0.56	0.575	1.0	0.9995901155158834
CDK13	464.0	-0.03	0.08	-0.46	0.645	1.0	0.9995901155158834
CDK14	504.0	0.09	0.11	0.807	0.419	1.0	0.9995901155158834
CDK16	262.0	-0.04	0.13	-0.29	0.772	1.0	0.9995901155158834
CDK17	2500.0	0.09	0.13	0.728	0.466	1.0	0.9995901155158834
CDK18	6.57	0.08	0.44	0.19	0.849	1.0	0.9995901155158834
CDK19	236.0	-0.03	0.12	-0.242	0.809	1.0	0.9995901155158834
CDK2	433.0	0.04	0.13	0.313	0.754	1.0	0.9995901155158834
CDK20	16.5	-0.27	0.31	-0.865	0.387	1.0	0.9995901155158834
CDK2AP1	833.0	0.06	0.09	0.7	0.484	1.0	0.9995901155158834
CDK2AP2	60.5	-0.23	0.18	-1.31	0.191	1.0	0.9995901155158834
CDK3	24.2	0.05	0.21	0.231	0.818	1.0	0.9995901155158834
CDK4	410.0	0.02	0.12	0.144	0.886	1.0	0.9995901155158834
CDK5	36.7	0.15	0.25	0.609	0.542	1.0	0.9995901155158834
CDK5R1	20.0	0.22	0.3	0.729	0.466	1.0	0.9995901155158834
CDK5R2	1.63	1.33	1.02	1.31	0.191	1.0	0.9995901155158834
CDK5RAP1	164.0	0.09	0.14	0.631	0.528	1.0	0.9995901155158834
CDK5RAP2	442.0	0.03	0.12	0.208	0.835	1.0	0.9995901155158834
CDK5RAP3	336.0	0.04	0.13	0.33	0.742	1.0	0.9995901155158834
CDK6	779.0	0.15	0.11	1.31	0.191	1.0	0.9995901155158834
CDK7	154.0	0.0	0.12	0.0264	0.979	1.0	0.9995901155158834
CDK8	104.0	0.13	0.13	0.937	0.349	1.0	0.9995901155158834
CDK9	639.0	0.06	0.08	0.839	0.402	1.0	0.9995901155158834
CDKAL1	197.0	0.0	0.11	0.0193	0.985	1.0	0.9995901155158834
CDKL1	62.9	0.31	0.21	1.48	0.14	1.0	0.9995901155158834
CDKL2	5.13	-0.57	0.55	-1.03	0.301	1.0	0.9995901155158834
CDKL3	10.9	-0.15	0.34	-0.434	0.664	1.0	0.9995901155158834
CDKL5	77.5	-0.02	0.19	-0.121	0.904	1.0	0.9995901155158834
CDKN1A	341.0	0.04	0.1	0.381	0.703	1.0	0.9995901155158834
CDKN1B	475.0	0.08	0.09	0.831	0.406	1.0	0.9995901155158834
CDKN1C	50.8	0.08	0.19	0.446	0.656	1.0	0.9995901155158834
CDKN2AIP	173.0	0.13	0.11	1.23	0.218	1.0	0.9995901155158834
CDKN2AIPNL	103.0	-0.11	0.15	-0.723	0.47	1.0	0.9995901155158834
CDKN2B	103.0	0.01	0.14	0.0829	0.934	1.0	0.9995901155158834
CDKN2C	2.0	0.23	0.87	0.27	0.787	1.0	0.9995901155158834
CDKN2D	22.6	0.02	0.26	0.0608	0.951	1.0	0.9995901155158834
CDKN3	23.6	-0.38	0.3	-1.28	0.199	1.0	0.9995901155158834
CDNF	3.07	-0.71	0.62	-1.14	0.255	1.0	0.9995901155158834
CDO1	41.9	-0.05	0.22	-0.239	0.811	1.0	0.9995901155158834
CDON	69.3	0.17	0.16	1.05	0.292	1.0	0.9995901155158834
CDPF1	40.3	0.16	0.21	0.73	0.465	1.0	0.9995901155158834
CDR1	11.0	-0.69	0.43	-1.61	0.107	1.0	0.9995901155158834
CDR2	440.0	-0.08	0.1	-0.811	0.418	1.0	0.9995901155158834
CDR2L	193.0	-0.09	0.11	-0.846	0.398	1.0	0.9995901155158834
CDRT1	1.95	-0.4	0.78	-0.512	0.608	1.0	0.9995901155158834
CDRT15	0.954	-0.2	1.36	-0.143	0.886	1.0	0.9995901155158834
CDRT4	0.592	2.87	2.15	1.34	0.181	1.0	0.9995901155158834
CDS1	8.41	-0.43	0.4	-1.08	0.28	1.0	0.9995901155158834
CDS2	1220.0	0.13	0.09	1.56	0.118	1.0	0.9995901155158834
CDSN	8.4	-0.2	0.43	-0.471	0.638	1.0	0.9995901155158834
CDT1	57.6	0.01	0.21	0.0565	0.955	1.0	0.9995901155158834
CDV3	3450.0	0.04	0.07	0.568	0.57	1.0	0.9995901155158834
CDX1	0.399	1.37	2.19	0.625	0.532	1.0	0.9995901155158834
CDYL	343.0	-0.11	0.09	-1.22	0.222	1.0	0.9995901155158834
CDYL2	367.0	-0.01	0.09	-0.113	0.91	1.0	0.9995901155158834
CEACAM1	33.5	-0.03	0.24	-0.139	0.889	1.0	0.9995901155158834
CEACAM19	4.79	0.77	0.55	1.42	0.157	1.0	0.9995901155158834
CEACAM21	51.7	-0.29	0.16	-1.81	0.0709	1.0	0.9995901155158834
CEACAM5	1.17	0.86	1.15	0.75	0.453	1.0	0.9995901155158834
CEACAM8	1.79	1.53	0.9	1.7	0.0896	1.0	0.9995901155158834
CEBPA	0.849	1.32	1.39	0.955	0.34	1.0	0.9995901155158834
CEBPB	60.1	0.29	0.19	1.48	0.138	1.0	0.9995901155158834
CEBPD	10.4	0.16	0.48	0.34	0.734	1.0	0.9995901155158834
CEBPG	756.0	0.07	0.08	0.844	0.399	1.0	0.9995901155158834
CEBPZ	958.0	0.02	0.08	0.267	0.79	1.0	0.9995901155158834
CEBPZOS	2.69	-1.18	0.93	-1.27	0.205	1.0	0.9995901155158834
CECR2	405.0	0.0	0.14	0.0365	0.971	1.0	0.9995901155158834
CEL	5.45	0.25	0.53	0.472	0.637	1.0	0.9995901155158834
CELA3A	0.748	-0.26	1.35	-0.192	0.848	1.0	0.9995901155158834
CELA3B	0.457	-0.53	1.82	-0.294	0.769	1.0	0.9995901155158834
CELF1	684.0	0.06	0.09	0.688	0.492	1.0	0.9995901155158834
CELF2	383.0	0.05	0.11	0.443	0.658	1.0	0.9995901155158834
CELF3	3.22	-0.52	0.8	-0.651	0.515	1.0	0.9995901155158834
CELF4	4.61	-1.15	0.62	-1.86	0.0626	1.0	0.9995901155158834
CELF5	0.512	-1.29	1.92	-0.672	0.502	1.0	0.9995901155158834
CELF6	14.4	-0.29	0.32	-0.899	0.369	1.0	0.9995901155158834
CELSR1	92.0	-0.1	0.16	-0.631	0.528	1.0	0.9995901155158834
CELSR2	12.4	-0.28	0.36	-0.787	0.431	1.0	0.9995901155158834
CELSR3	57.9	0.03	0.2	0.145	0.885	1.0	0.9995901155158834
CEMIP	5.4	-0.56	0.59	-0.952	0.341	1.0	0.9995901155158834
CEMIP2	8900.0	0.02	0.07	0.344	0.731	1.0	0.9995901155158834
CEMP1	1.53	0.92	2.96	0.311	0.756	1.0	0.9995901155158834
CENATAC	36.4	0.22	0.23	0.97	0.332	1.0	0.9995901155158834
CEND1	0.637	-0.68	1.62	-0.423	0.673	1.0	0.9995901155158834
CENPA	33.1	-0.22	0.28	-0.777	0.437	1.0	0.9995901155158834
CENPB	415.0	-0.01	0.21	-0.0342	0.973	1.0	0.9995901155158834
CENPBD1	72.0	-0.29	0.14	-2.01	0.0447	1.0	0.9995901155158834
CENPC	124.0	0.01	0.13	0.042	0.967	1.0	0.9995901155158834
CENPE	224.0	-0.08	0.15	-0.55	0.582	1.0	0.9995901155158834
CENPF	576.0	-0.08	0.15	-0.486	0.627	1.0	0.9995901155158834
CENPH	49.6	-0.21	0.16	-1.33	0.184	1.0	0.9995901155158834
CENPI	214.0	0.02	0.08	0.211	0.833	1.0	0.9995901155158834
CENPJ	213.0	0.06	0.09	0.713	0.476	1.0	0.9995901155158834
CENPK	82.8	0.0	0.14	0.00576	0.995	1.0	0.9995901155158834
CENPL	71.3	-0.13	0.16	-0.786	0.432	1.0	0.9995901155158834
CENPM	5.86	0.32	0.58	0.542	0.588	1.0	0.9995901155158834
CENPN	96.0	-0.11	0.15	-0.688	0.492	1.0	0.9995901155158834
CENPO	157.0	-0.04	0.11	-0.377	0.706	1.0	0.9995901155158834
CENPP	72.7	-0.06	0.21	-0.3	0.764	1.0	0.9995901155158834
CENPQ	73.4	-0.08	0.16	-0.472	0.637	1.0	0.9995901155158834
CENPS	37.0	-0.06	0.22	-0.279	0.78	1.0	0.9995901155158834
CENPS-CORT	21.6	-0.15	0.27	-0.562	0.574	1.0	0.9995901155158834
CENPT	289.0	0.07	0.1	0.652	0.514	1.0	0.9995901155158834
CENPU	63.8	-0.06	0.2	-0.319	0.75	1.0	0.9995901155158834
CENPV	27.5	-0.0	0.23	-0.00139	0.999	1.0	0.9995901155158834
CENPVL1	0.549	1.36	1.5	0.907	0.364	1.0	0.9995901155158834
CENPVL2	0.549	1.36	1.5	0.907	0.364	1.0	0.9995901155158834
CENPVL3	20.3	-0.45	0.28	-1.6	0.11	1.0	0.9995901155158834
CENPW	117.0	0.06	0.17	0.371	0.711	1.0	0.9995901155158834
CENPX	87.0	0.02	0.15	0.161	0.872	1.0	0.9995901155158834
CEP104	304.0	-0.04	0.09	-0.483	0.629	1.0	0.9995901155158834
CEP112	288.0	-0.04	0.12	-0.322	0.747	1.0	0.9995901155158834
CEP120	205.0	0.11	0.09	1.19	0.234	1.0	0.9995901155158834
CEP126	94.1	0.02	0.14	0.172	0.863	1.0	0.9995901155158834
CEP128	92.7	0.1	0.18	0.569	0.569	1.0	0.9995901155158834
CEP131	134.0	-0.02	0.12	-0.162	0.872	1.0	0.9995901155158834
CEP135	374.0	0.01	0.1	0.125	0.901	1.0	0.9995901155158834
CEP152	69.2	-0.13	0.13	-0.973	0.331	1.0	0.9995901155158834
CEP162	197.0	-0.19	0.1	-1.99	0.0471	1.0	0.9995901155158834
CEP164	169.0	-0.01	0.16	-0.0879	0.93	1.0	0.9995901155158834
CEP170	1300.0	-0.05	0.08	-0.577	0.564	1.0	0.9995901155158834
CEP170B	52.8	-0.39	0.17	-2.3	0.0216	1.0	0.9995901155158834
CEP19	130.0	0.05	0.13	0.414	0.679	1.0	0.9995901155158834
CEP192	127.0	0.01	0.14	0.0382	0.97	1.0	0.9995901155158834
CEP20	140.0	0.01	0.14	0.0851	0.932	1.0	0.9995901155158834
CEP250	777.0	-0.07	0.2	-0.344	0.731	1.0	0.9995901155158834
CEP290	443.0	0.05	0.12	0.46	0.645	1.0	0.9995901155158834
CEP295	194.0	-0.16	0.11	-1.4	0.162	1.0	0.9995901155158834
CEP350	416.0	0.04	0.12	0.311	0.756	1.0	0.9995901155158834
CEP41	141.0	0.08	0.12	0.727	0.467	1.0	0.9995901155158834
CEP43	193.0	0.16	0.12	1.34	0.18	1.0	0.9995901155158834
CEP44	98.9	0.02	0.13	0.184	0.854	1.0	0.9995901155158834
CEP55	165.0	-0.08	0.13	-0.579	0.562	1.0	0.9995901155158834
CEP57	309.0	-0.01	0.08	-0.199	0.843	1.0	0.9995901155158834
CEP57L1	169.0	0.18	0.14	1.28	0.201	1.0	0.9995901155158834
CEP63	466.0	-0.05	0.12	-0.43	0.667	1.0	0.9995901155158834
CEP68	337.0	0.05	0.12	0.382	0.703	1.0	0.9995901155158834
CEP70	78.6	0.19	0.15	1.28	0.2	1.0	0.9995901155158834
CEP72	22.2	-0.22	0.23	-0.954	0.34	1.0	0.9995901155158834
CEP76	74.1	-0.13	0.17	-0.771	0.441	1.0	0.9995901155158834
CEP78	312.0	0.03	0.1	0.332	0.74	1.0	0.9995901155158834
CEP83	128.0	0.09	0.14	0.618	0.537	1.0	0.9995901155158834
CEP85	170.0	-0.06	0.12	-0.52	0.603	1.0	0.9995901155158834
CEP85L	248.0	0.1	0.13	0.75	0.453	1.0	0.9995901155158834
CEP89	317.0	0.12	0.1	1.16	0.246	1.0	0.9995901155158834
CEP95	118.0	-0.01	0.13	-0.0669	0.947	1.0	0.9995901155158834
CEP97	113.0	0.08	0.14	0.543	0.587	1.0	0.9995901155158834
CEPT1	412.0	-0.01	0.1	-0.149	0.882	1.0	0.9995901155158834
CERCAM	61.2	-0.0	0.18	-0.0108	0.991	1.0	0.9995901155158834
CERK	700.0	-0.08	0.08	-0.974	0.33	1.0	0.9995901155158834
CERS1	105.0	0.04	0.16	0.244	0.807	1.0	0.9995901155158834
CERS2	791.0	0.1	0.09	1.09	0.276	1.0	0.9995901155158834
CERS4	24.3	0.38	0.22	1.73	0.0838	1.0	0.9995901155158834
CERS5	513.0	0.0	0.09	0.0434	0.965	1.0	0.9995901155158834
CERS6	682.0	0.1	0.1	1.07	0.284	1.0	0.9995901155158834
CERT1	577.0	-0.07	0.09	-0.746	0.456	1.0	0.9995901155158834
CES2	156.0	-0.05	0.12	-0.409	0.682	1.0	0.9995901155158834
CES3	8.65	0.55	0.53	1.04	0.3	1.0	0.9995901155158834
CES4A	1.45	1.41	1.12	1.25	0.21	1.0	0.9995901155158834
CETN2	867.0	-0.01	0.07	-0.101	0.919	1.0	0.9995901155158834
CETN3	292.0	-0.16	0.1	-1.59	0.111	1.0	0.9995901155158834
CETP	2.02	-0.62	0.85	-0.729	0.466	1.0	0.9995901155158834
CFAP126	2.96	-1.7	1.05	-1.62	0.104	1.0	0.9995901155158834
CFAP157	6.98	1.06	0.49	2.15	0.0316	1.0	0.9995901155158834
CFAP161	25.3	0.02	0.3	0.0613	0.951	1.0	0.9995901155158834
CFAP20	367.0	-0.02	0.09	-0.219	0.827	1.0	0.9995901155158834
CFAP206	1.47	0.46	0.99	0.466	0.641	1.0	0.9995901155158834
CFAP20DC	16.6	0.14	0.29	0.502	0.615	1.0	0.9995901155158834
CFAP221	1.14	-0.83	1.45	-0.572	0.567	1.0	0.9995901155158834
CFAP251	5.5	0.09	0.47	0.188	0.851	1.0	0.9995901155158834
CFAP298	1500.0	-0.05	0.08	-0.637	0.524	1.0	0.9995901155158834
CFAP298-TCP10L	3.79	-0.71	0.78	-0.916	0.36	1.0	0.9995901155158834
CFAP300	3.73	-0.61	0.87	-0.705	0.481	1.0	0.9995901155158834
CFAP36	148.0	0.02	0.15	0.146	0.884	1.0	0.9995901155158834
CFAP410	75.4	-0.17	0.18	-0.94	0.347	1.0	0.9995901155158834
CFAP418	21.6	-0.06	0.24	-0.26	0.795	1.0	0.9995901155158834
CFAP43	5.04	-0.02	0.57	-0.0356	0.972	1.0	0.9995901155158834
CFAP44	15.2	-0.78	0.47	-1.65	0.0997	1.0	0.9995901155158834
CFAP45	142.0	0.03	0.19	0.157	0.875	1.0	0.9995901155158834
CFAP46	9.66	0.06	0.39	0.165	0.869	1.0	0.9995901155158834
CFAP47	0.983	2.8	1.5	1.87	0.0613	1.0	0.9995901155158834
CFAP53	5.59	0.48	0.59	0.809	0.419	1.0	0.9995901155158834
CFAP54	6.46	-0.04	0.49	-0.0804	0.936	1.0	0.9995901155158834
CFAP57	0.904	0.49	1.3	0.378	0.705	1.0	0.9995901155158834
CFAP58	2.98	-0.06	0.71	-0.0868	0.931	1.0	0.9995901155158834
CFAP69	7.26	-0.21	0.47	-0.447	0.655	1.0	0.9995901155158834
CFAP70	1.85	-0.11	0.79	-0.143	0.886	1.0	0.9995901155158834
CFAP73	0.593	1.05	1.61	0.656	0.512	1.0	0.9995901155158834
CFAP77	3.75	-0.14	0.57	-0.254	0.799	1.0	0.9995901155158834
CFAP91	0.544	-1.41	1.52	-0.929	0.353	1.0	0.9995901155158834
CFAP92	15.6	-0.59	0.28	-2.1	0.0358	1.0	0.9995901155158834
CFAP97	180.0	0.03	0.12	0.239	0.811	1.0	0.9995901155158834
CFAP97D1	3.92	0.31	0.7	0.441	0.659	1.0	0.9995901155158834
CFB	0.436	-0.35	2.01	-0.174	0.862	1.0	0.9995901155158834
CFC1	0.494	0.14	1.97	0.0694	0.945	1.0	0.9995901155158834
CFDP1	2390.0	-0.03	0.1	-0.248	0.804	1.0	0.9995901155158834
CFH	5.39	0.63	0.53	1.2	0.23	1.0	0.9995901155158834
CFHR3	0.589	0.94	1.76	0.533	0.594	1.0	0.9995901155158834
CFI	1.57	0.19	1.09	0.173	0.863	1.0	0.9995901155158834
CFL1	3800.0	-0.01	0.07	-0.214	0.831	1.0	0.9995901155158834
CFL2	419.0	0.15	0.11	1.35	0.177	1.0	0.9995901155158834
CFLAR	967.0	0.04	0.1	0.419	0.675	1.0	0.9995901155158834
CFP	10.1	-0.01	0.44	-0.0306	0.976	1.0	0.9995901155158834
CFTR	0.432	0.44	2.0	0.221	0.825	1.0	0.9995901155158834
CGAS	3.15	0.15	0.65	0.228	0.82	1.0	0.9995901155158834
CGGBP1	581.0	0.05	0.08	0.616	0.538	1.0	0.9995901155158834
CGN	175.0	-0.13	0.18	-0.703	0.482	1.0	0.9995901155158834
CGNL1	3570.0	-0.01	0.14	-0.0875	0.93	1.0	0.9995901155158834
CGRRF1	35.8	-0.16	0.2	-0.79	0.43	1.0	0.9995901155158834
CH25H	1.07	-0.78	1.27	-0.612	0.541	1.0	0.9995901155158834
CHAC1	43.6	-0.2	0.2	-1.0	0.316	1.0	0.9995901155158834
CHAC2	50.5	-0.0	0.18	-0.00562	0.996	1.0	0.9995901155158834
CHADL	1.94	0.82	0.92	0.886	0.376	1.0	0.9995901155158834
CHAF1A	555.0	-0.0	0.12	-0.0248	0.98	1.0	0.9995901155158834
CHAF1B	168.0	-0.13	0.13	-1.01	0.313	1.0	0.9995901155158834
CHAMP1	337.0	0.02	0.08	0.258	0.796	1.0	0.9995901155158834
CHCHD1	131.0	-0.05	0.14	-0.375	0.708	1.0	0.9995901155158834
CHCHD10	4.71	0.12	0.62	0.201	0.841	1.0	0.9995901155158834
CHCHD2	187.0	-0.11	0.14	-0.787	0.431	1.0	0.9995901155158834
CHCHD3	480.0	0.02	0.09	0.231	0.818	1.0	0.9995901155158834
CHCHD4	113.0	-0.17	0.12	-1.45	0.147	1.0	0.9995901155158834
CHCHD5	13.7	-0.01	0.36	-0.0179	0.986	1.0	0.9995901155158834
CHCHD6	43.9	0.07	0.22	0.324	0.746	1.0	0.9995901155158834
CHCHD7	336.0	-0.02	0.08	-0.202	0.84	1.0	0.9995901155158834
CHD1	1170.0	-0.0	0.1	-0.000442	1.0	1.0	1.0
CHD1L	485.0	-0.03	0.09	-0.373	0.709	1.0	0.9995901155158834
CHD2	822.0	-0.03	0.15	-0.209	0.835	1.0	0.9995901155158834
CHD3	786.0	-0.04	0.14	-0.282	0.778	1.0	0.9995901155158834
CHD4	5100.0	-0.01	0.08	-0.13	0.897	1.0	0.9995901155158834
CHD5	1.36	0.01	0.98	0.0102	0.992	1.0	0.9995901155158834
CHD6	437.0	-0.07	0.15	-0.461	0.645	1.0	0.9995901155158834
CHD7	2330.0	0.02	0.12	0.136	0.892	1.0	0.9995901155158834
CHD8	1060.0	-0.04	0.09	-0.414	0.679	1.0	0.9995901155158834
CHD9	452.0	-0.06	0.1	-0.613	0.54	1.0	0.9995901155158834
CHDH	9.02	0.62	0.46	1.35	0.178	1.0	0.9995901155158834
CHEK1	336.0	-0.12	0.1	-1.18	0.237	1.0	0.9995901155158834
CHEK2	116.0	0.1	0.12	0.85	0.395	1.0	0.9995901155158834
CHERP	247.0	0.02	0.1	0.167	0.867	1.0	0.9995901155158834
CHFR	364.0	0.05	0.1	0.525	0.599	1.0	0.9995901155158834
CHGB	41.4	-0.16	0.26	-0.598	0.55	1.0	0.9995901155158834
CHIC1	112.0	0.07	0.13	0.53	0.596	1.0	0.9995901155158834
CHIC2	53.5	-0.02	0.22	-0.0945	0.925	1.0	0.9995901155158834
CHID1	248.0	0.05	0.12	0.389	0.697	1.0	0.9995901155158834
CHKA	245.0	-0.11	0.09	-1.15	0.249	1.0	0.9995901155158834
CHKB	52.1	-0.05	0.25	-0.221	0.825	1.0	0.9995901155158834
CHL1	1.66	0.58	1.23	0.47	0.638	1.0	0.9995901155158834
CHM	295.0	0.12	0.08	1.48	0.138	1.0	0.9995901155158834
CHML	168.0	-0.01	0.17	-0.0442	0.965	1.0	0.9995901155158834
CHMP1A	697.0	0.07	0.09	0.781	0.435	1.0	0.9995901155158834
CHMP1B	820.0	-0.02	0.1	-0.159	0.874	1.0	0.9995901155158834
CHMP2A	676.0	-0.08	0.08	-1.02	0.305	1.0	0.9995901155158834
CHMP2B	389.0	0.08	0.1	0.784	0.433	1.0	0.9995901155158834
CHMP3	1200.0	0.02	0.08	0.219	0.827	1.0	0.9995901155158834
CHMP4A	356.0	-0.14	0.11	-1.32	0.186	1.0	0.9995901155158834
CHMP4B	1950.0	-0.08	0.07	-1.11	0.268	1.0	0.9995901155158834
CHMP4C	8.18	0.34	0.44	0.768	0.443	1.0	0.9995901155158834
CHMP5	840.0	-0.04	0.08	-0.504	0.614	1.0	0.9995901155158834
CHMP6	159.0	-0.0	0.12	-0.00679	0.995	1.0	0.9995901155158834
CHMP7	372.0	-0.08	0.08	-0.932	0.351	1.0	0.9995901155158834
CHN1	278.0	-0.01	0.14	-0.0636	0.949	1.0	0.9995901155158834
CHN2	8.67	-0.03	0.38	-0.0838	0.933	1.0	0.9995901155158834
CHODL	1.22	-1.26	1.48	-0.853	0.394	1.0	0.9995901155158834
CHORDC1	1140.0	0.09	0.1	0.867	0.386	1.0	0.9995901155158834
CHP1	486.0	0.03	0.08	0.367	0.714	1.0	0.9995901155158834
CHP2	2.89	0.22	0.83	0.267	0.789	1.0	0.9995901155158834
CHPF	3.18	0.09	0.74	0.119	0.905	1.0	0.9995901155158834
CHPF2	355.0	-0.04	0.08	-0.42	0.675	1.0	0.9995901155158834
CHPT1	143.0	0.12	0.15	0.826	0.409	1.0	0.9995901155158834
CHRAC1	151.0	0.03	0.14	0.252	0.801	1.0	0.9995901155158834
CHRD	5.04	-0.78	0.6	-1.31	0.192	1.0	0.9995901155158834
CHRDL1	6.24	0.79	0.52	1.53	0.126	1.0	0.9995901155158834
CHRFAM7A	10.1	-0.47	0.5	-0.934	0.35	1.0	0.9995901155158834
CHRM2	1.07	0.87	1.49	0.582	0.56	1.0	0.9995901155158834
CHRM3	114.0	-0.08	0.15	-0.526	0.599	1.0	0.9995901155158834
CHRM4	0.863	-1.64	1.22	-1.35	0.177	1.0	0.9995901155158834
CHRM5	0.464	0.44	2.15	0.204	0.838	1.0	0.9995901155158834
CHRNA10	0.971	-2.34	1.43	-1.63	0.103	1.0	0.9995901155158834
CHRNA3	1.32	1.25	1.17	1.07	0.285	1.0	0.9995901155158834
CHRNA5	39.3	0.02	0.28	0.0573	0.954	1.0	0.9995901155158834
CHRNA7	22.0	0.64	0.37	1.73	0.0841	1.0	0.9995901155158834
CHRNA9	16.1	-0.23	0.31	-0.746	0.456	1.0	0.9995901155158834
CHRNB1	23.8	-0.16	0.23	-0.692	0.489	1.0	0.9995901155158834
CHRNB2	2.94	-0.01	0.8	-0.0123	0.99	1.0	0.9995901155158834
CHRNE	1.94	0.91	1.16	0.79	0.43	1.0	0.9995901155158834
CHST1	3.68	-0.46	0.53	-0.86	0.39	1.0	0.9995901155158834
CHST10	113.0	-0.06	0.17	-0.333	0.739	1.0	0.9995901155158834
CHST11	336.0	0.14	0.12	1.12	0.262	1.0	0.9995901155158834
CHST12	206.0	0.06	0.12	0.522	0.602	1.0	0.9995901155158834
CHST14	72.9	0.05	0.14	0.361	0.718	1.0	0.9995901155158834
CHST15	445.0	0.09	0.08	1.17	0.244	1.0	0.9995901155158834
CHST2	128.0	0.04	0.15	0.267	0.79	1.0	0.9995901155158834
CHST3	365.0	0.07	0.09	0.781	0.435	1.0	0.9995901155158834
CHST5	1.18	1.3	1.14	1.14	0.253	1.0	0.9995901155158834
CHST6	24.3	-0.16	0.23	-0.715	0.475	1.0	0.9995901155158834
CHST7	65.7	0.12	0.2	0.585	0.559	1.0	0.9995901155158834
CHST9	3.7	0.47	0.65	0.726	0.468	1.0	0.9995901155158834
CHSY1	799.0	0.11	0.09	1.18	0.239	1.0	0.9995901155158834
CHSY3	473.0	-0.14	0.09	-1.53	0.126	1.0	0.9995901155158834
CHTF18	45.0	0.17	0.22	0.769	0.442	1.0	0.9995901155158834
CHTF8	346.0	-0.09	0.14	-0.608	0.543	1.0	0.9995901155158834
CHTOP	218.0	0.03	0.12	0.264	0.792	1.0	0.9995901155158834
CHUK	218.0	0.09	0.11	0.887	0.375	1.0	0.9995901155158834
CHURC1	93.0	-0.24	0.12	-2.05	0.0405	1.0	0.9995901155158834
CHURC1-FNTB	86.9	0.14	0.16	0.843	0.399	1.0	0.9995901155158834
CIAO1	441.0	-0.0	0.07	-0.0282	0.977	1.0	0.9995901155158834
CIAO2A	274.0	0.0	0.12	0.00937	0.993	1.0	0.9995901155158834
CIAO2B	54.0	-0.1	0.19	-0.517	0.605	1.0	0.9995901155158834
CIAO3	72.6	-0.06	0.17	-0.375	0.708	1.0	0.9995901155158834
CIAPIN1	382.0	-0.03	0.07	-0.396	0.692	1.0	0.9995901155158834
CIART	3.82	0.31	0.7	0.449	0.653	1.0	0.9995901155158834
CIB1	87.6	0.2	0.18	1.13	0.26	1.0	0.9995901155158834
CIB2	29.6	0.11	0.23	0.491	0.623	1.0	0.9995901155158834
CIBAR1	160.0	-0.1	0.11	-0.944	0.345	1.0	0.9995901155158834
CIBAR2	0.817	1.48	1.17	1.27	0.205	1.0	0.9995901155158834
CIC	234.0	-0.03	0.11	-0.296	0.767	1.0	0.9995901155158834
CIDEA	0.986	2.84	1.39	2.04	0.0409	1.0	0.9995901155158834
CIDEB	53.6	-0.19	0.37	-0.521	0.602	1.0	0.9995901155158834
CIDEC	4.12	-0.39	0.71	-0.546	0.585	1.0	0.9995901155158834
CIITA	11.9	0.09	0.33	0.276	0.783	1.0	0.9995901155158834
CILK1	120.0	0.04	0.13	0.324	0.746	1.0	0.9995901155158834
CILP2	0.64	-1.04	1.49	-0.697	0.486	1.0	0.9995901155158834
CINP	145.0	-0.18	0.12	-1.48	0.138	1.0	0.9995901155158834
CIP2A	158.0	0.03	0.11	0.241	0.81	1.0	0.9995901155158834
CIPC	370.0	0.03	0.12	0.282	0.778	1.0	0.9995901155158834
CIR1	401.0	-0.05	0.11	-0.48	0.631	1.0	0.9995901155158834
CIRBP	1860.0	0.09	0.09	1.06	0.289	1.0	0.9995901155158834
CISD1	135.0	0.01	0.12	0.0941	0.925	1.0	0.9995901155158834
CISD2	265.0	-0.01	0.09	-0.162	0.872	1.0	0.9995901155158834
CISD3	39.9	0.37	0.28	1.29	0.196	1.0	0.9995901155158834
CISH	1.78	1.45	0.87	1.66	0.0968	1.0	0.9995901155158834
CIT	85.5	-0.12	0.19	-0.625	0.532	1.0	0.9995901155158834
CITED1	0.746	-2.36	3.02	-0.781	0.435	1.0	0.9995901155158834
CITED2	357.0	0.03	0.11	0.247	0.805	1.0	0.9995901155158834
CITED4	2.11	0.06	0.98	0.0561	0.955	1.0	0.9995901155158834
CIZ1	799.0	0.03	0.09	0.322	0.748	1.0	0.9995901155158834
CKAP2	640.0	0.01	0.12	0.112	0.91	1.0	0.9995901155158834
CKAP2L	115.0	-0.05	0.13	-0.372	0.71	1.0	0.9995901155158834
CKAP4	1960.0	-0.05	0.07	-0.758	0.449	1.0	0.9995901155158834
CKAP5	1320.0	0.02	0.09	0.183	0.854	1.0	0.9995901155158834
CKB	43.7	-0.08	0.19	-0.409	0.682	1.0	0.9995901155158834
CKLF	77.5	0.01	0.14	0.0927	0.926	1.0	0.9995901155158834
CKMT1A	0.613	1.26	1.55	0.815	0.415	1.0	0.9995901155158834
CKMT1B	0.613	1.26	1.55	0.815	0.415	1.0	0.9995901155158834
CKMT2	0.74	-1.09	1.69	-0.645	0.519	1.0	0.9995901155158834
CKS1B	389.0	0.09	0.17	0.505	0.613	1.0	0.9995901155158834
CKS2	48.5	0.13	0.15	0.833	0.405	1.0	0.9995901155158834
CLASP1	791.0	0.01	0.1	0.119	0.906	1.0	0.9995901155158834
CLASP2	403.0	-0.05	0.07	-0.7	0.484	1.0	0.9995901155158834
CLASRP	136.0	-0.1	0.16	-0.598	0.55	1.0	0.9995901155158834
CLBA1	26.4	0.15	0.26	0.568	0.57	1.0	0.9995901155158834
CLCC1	503.0	0.11	0.08	1.41	0.158	1.0	0.9995901155158834
CLCF1	11.0	0.06	0.37	0.172	0.863	1.0	0.9995901155158834
CLCN1	0.42	-1.5	1.69	-0.884	0.377	1.0	0.9995901155158834
CLCN2	9.23	-0.47	0.49	-0.97	0.332	1.0	0.9995901155158834
CLCN3	2130.0	0.03	0.08	0.331	0.741	1.0	0.9995901155158834
CLCN4	217.0	0.03	0.13	0.235	0.814	1.0	0.9995901155158834
CLCN5	252.0	-0.03	0.16	-0.178	0.858	1.0	0.9995901155158834
CLCN6	138.0	-0.01	0.13	-0.0979	0.922	1.0	0.9995901155158834
CLCN7	219.0	-0.15	0.12	-1.32	0.186	1.0	0.9995901155158834
CLDN1	1.6	0.06	1.06	0.0558	0.955	1.0	0.9995901155158834
CLDN10	54.4	0.0	0.19	0.012	0.99	1.0	0.9995901155158834
CLDN11	1.04	0.02	1.21	0.0138	0.989	1.0	0.9995901155158834
CLDN12	202.0	0.1	0.12	0.81	0.418	1.0	0.9995901155158834
CLDN14	1.73	-0.21	0.87	-0.247	0.805	1.0	0.9995901155158834
CLDN15	10.4	0.46	0.41	1.13	0.259	1.0	0.9995901155158834
CLDN16	1.25	3.28	1.38	2.37	0.0176	1.0	0.9995901155158834
CLDN18	2.03	0.12	0.83	0.145	0.884	1.0	0.9995901155158834
CLDN20	0.537	-1.95	1.73	-1.12	0.261	1.0	0.9995901155158834
CLDN23	45.4	-0.27	0.2	-1.3	0.192	1.0	0.9995901155158834
CLDN4	1.82	0.02	1.1	0.0202	0.984	1.0	0.9995901155158834
CLDN5	188.0	-0.42	0.36	-1.17	0.242	1.0	0.9995901155158834
CLDN6	13.6	-0.36	0.35	-1.04	0.297	1.0	0.9995901155158834
CLDN7	19.7	0.08	0.29	0.275	0.783	1.0	0.9995901155158834
CLDND1	652.0	0.03	0.1	0.346	0.729	1.0	0.9995901155158834
CLDND2	0.749	0.49	1.41	0.344	0.731	1.0	0.9995901155158834
CLEC11A	26.2	-0.16	0.31	-0.513	0.608	1.0	0.9995901155158834
CLEC12B	0.616	0.61	1.58	0.386	0.699	1.0	0.9995901155158834
CLEC14A	7010.0	0.01	0.08	0.0773	0.938	1.0	0.9995901155158834
CLEC16A	254.0	-0.01	0.13	-0.0751	0.94	1.0	0.9995901155158834
CLEC17A	1.51	2.81	1.25	2.24	0.0252	1.0	0.9995901155158834
CLEC18A	1.47	-0.44	1.38	-0.323	0.746	1.0	0.9995901155158834
CLEC18B	0.419	0.83	1.84	0.451	0.652	1.0	0.9995901155158834
CLEC19A	0.975	0.47	1.05	0.448	0.654	1.0	0.9995901155158834
CLEC1A	115.0	0.08	0.18	0.425	0.671	1.0	0.9995901155158834
CLEC1B	1.55	0.09	1.05	0.0896	0.929	1.0	0.9995901155158834
CLEC2B	68.0	0.01	0.2	0.0561	0.955	1.0	0.9995901155158834
CLEC2D	45.0	0.21	0.2	1.06	0.291	1.0	0.9995901155158834
CLEC3B	2.47	-0.29	0.73	-0.398	0.691	1.0	0.9995901155158834
CLEC4C	0.513	-1.85	1.9	-0.976	0.329	1.0	0.9995901155158834
CLEC4E	0.887	-0.17	1.29	-0.133	0.894	1.0	0.9995901155158834
CLEC4G	1.18	-0.42	1.07	-0.395	0.693	1.0	0.9995901155158834
CLEC4M	10.1	-0.36	0.42	-0.863	0.388	1.0	0.9995901155158834
CLEC7A	2.12	-1.44	1.03	-1.39	0.164	1.0	0.9995901155158834
CLEC9A	0.554	1.42	1.4	1.02	0.31	1.0	0.9995901155158834
CLGN	136.0	0.04	0.12	0.352	0.725	1.0	0.9995901155158834
CLHC1	57.6	0.11	0.18	0.635	0.525	1.0	0.9995901155158834
CLIC1	2690.0	0.17	0.13	1.31	0.189	1.0	0.9995901155158834
CLIC2	1.39	-0.92	1.02	-0.907	0.364	1.0	0.9995901155158834
CLIC4	4100.0	0.06	0.1	0.621	0.534	1.0	0.9995901155158834
CLIC5	8.45	-0.39	0.4	-0.996	0.319	1.0	0.9995901155158834
CLIC6	41.0	-0.13	0.22	-0.565	0.572	1.0	0.9995901155158834
CLINT1	1310.0	0.01	0.08	0.119	0.905	1.0	0.9995901155158834
CLIP1	1050.0	0.0	0.11	0.0218	0.983	1.0	0.9995901155158834
CLIP2	932.0	-0.04	0.1	-0.415	0.678	1.0	0.9995901155158834
CLIP3	79.0	0.03	0.18	0.19	0.85	1.0	0.9995901155158834
CLIP4	7.6	-0.19	0.47	-0.414	0.679	1.0	0.9995901155158834
CLK1	315.0	0.03	0.1	0.31	0.756	1.0	0.9995901155158834
CLK2	183.0	-0.05	0.11	-0.411	0.681	1.0	0.9995901155158834
CLK3	110.0	0.06	0.16	0.366	0.714	1.0	0.9995901155158834
CLK4	70.8	0.07	0.16	0.434	0.664	1.0	0.9995901155158834
CLMN	9.2	0.64	0.42	1.52	0.129	1.0	0.9995901155158834
CLMP	12.3	0.31	0.41	0.751	0.453	1.0	0.9995901155158834
CLN3	82.1	-0.03	0.18	-0.175	0.861	1.0	0.9995901155158834
CLN5	165.0	0.09	0.1	0.877	0.38	1.0	0.9995901155158834
CLN6	86.7	-0.02	0.15	-0.149	0.881	1.0	0.9995901155158834
CLN8	130.0	0.06	0.13	0.478	0.633	1.0	0.9995901155158834
CLNK	0.784	0.78	1.35	0.579	0.563	1.0	0.9995901155158834
CLNS1A	499.0	0.03	0.11	0.287	0.774	1.0	0.9995901155158834
CLOCK	482.0	0.07	0.1	0.706	0.48	1.0	0.9995901155158834
CLP1	99.1	-0.22	0.15	-1.45	0.146	1.0	0.9995901155158834
CLPB	136.0	-0.0	0.12	-0.0339	0.973	1.0	0.9995901155158834
CLPP	111.0	-0.16	0.18	-0.93	0.352	1.0	0.9995901155158834
CLPTM1	685.0	-0.05	0.1	-0.442	0.659	1.0	0.9995901155158834
CLPTM1L	774.0	0.11	0.07	1.59	0.112	1.0	0.9995901155158834
CLPX	540.0	0.0	0.08	0.0307	0.975	1.0	0.9995901155158834
CLSPN	854.0	-0.01	0.12	-0.0697	0.944	1.0	0.9995901155158834
CLSTN1	1130.0	-0.08	0.07	-1.16	0.245	1.0	0.9995901155158834
CLSTN2	3.66	-0.1	0.54	-0.187	0.852	1.0	0.9995901155158834
CLSTN3	692.0	-0.04	0.11	-0.334	0.738	1.0	0.9995901155158834
CLTA	2000.0	-0.23	0.15	-1.56	0.118	1.0	0.9995901155158834
CLTB	629.0	-0.01	0.1	-0.0972	0.923	1.0	0.9995901155158834
CLTC	6620.0	-0.0	0.07	-0.0305	0.976	1.0	0.9995901155158834
CLTCL1	21.4	-0.03	0.24	-0.12	0.905	1.0	0.9995901155158834
CLTRN	1.92	0.54	0.89	0.605	0.545	1.0	0.9995901155158834
CLU	56.0	-0.18	0.23	-0.808	0.419	1.0	0.9995901155158834
CLUAP1	207.0	0.08	0.11	0.686	0.493	1.0	0.9995901155158834
CLUH	352.0	0.1	0.1	0.964	0.335	1.0	0.9995901155158834
CLUL1	13.7	-0.17	0.42	-0.408	0.683	1.0	0.9995901155158834
CLVS1	0.96	0.37	1.36	0.274	0.784	1.0	0.9995901155158834
CLVS2	0.822	0.93	1.31	0.711	0.477	1.0	0.9995901155158834
CLYBL	23.5	0.49	0.28	1.74	0.0826	1.0	0.9995901155158834
CMA1	0.995	3.21	1.52	2.11	0.0347	1.0	0.9995901155158834
CMAS	957.0	-0.03	0.08	-0.411	0.681	1.0	0.9995901155158834
CMBL	64.1	-0.03	0.15	-0.166	0.868	1.0	0.9995901155158834
CMC1	102.0	0.03	0.13	0.23	0.818	1.0	0.9995901155158834
CMC2	186.0	-0.08	0.12	-0.69	0.49	1.0	0.9995901155158834
CMC4	79.8	0.09	0.18	0.474	0.636	1.0	0.9995901155158834
CMIP	214.0	0.17	0.11	1.5	0.134	1.0	0.9995901155158834
CMKLR1	50.3	-0.01	0.22	-0.0521	0.958	1.0	0.9995901155158834
CMKLR2	7.11	0.59	0.43	1.4	0.163	1.0	0.9995901155158834
CMPK1	1480.0	0.08	0.1	0.791	0.429	1.0	0.9995901155158834
CMPK2	11.6	0.31	0.34	0.903	0.366	1.0	0.9995901155158834
CMSS1	197.0	0.06	0.11	0.507	0.613	1.0	0.9995901155158834
CMTM1	6.38	-0.37	0.47	-0.798	0.425	1.0	0.9995901155158834
CMTM3	456.0	0.08	0.13	0.602	0.547	1.0	0.9995901155158834
CMTM4	76.9	0.25	0.16	1.56	0.118	1.0	0.9995901155158834
CMTM6	1160.0	0.05	0.11	0.491	0.624	1.0	0.9995901155158834
CMTM7	27.5	0.09	0.28	0.318	0.75	1.0	0.9995901155158834
CMTM8	11.2	0.54	0.3	1.77	0.0762	1.0	0.9995901155158834
CMTR1	338.0	0.04	0.09	0.453	0.65	1.0	0.9995901155158834
CMTR2	157.0	-0.05	0.11	-0.463	0.644	1.0	0.9995901155158834
CMYA5	10.3	-0.24	0.39	-0.613	0.54	1.0	0.9995901155158834
CNBD2	3.26	0.13	0.75	0.178	0.858	1.0	0.9995901155158834
CNBP	2340.0	0.03	0.08	0.429	0.668	1.0	0.9995901155158834
CNDP1	1.14	-0.96	1.1	-0.872	0.383	1.0	0.9995901155158834
CNDP2	1270.0	-0.1	0.08	-1.26	0.207	1.0	0.9995901155158834
CNEP1R1	115.0	-0.08	0.13	-0.608	0.543	1.0	0.9995901155158834
CNGA1	2.51	0.79	0.83	0.947	0.343	1.0	0.9995901155158834
CNGA3	0.895	-0.61	1.64	-0.371	0.71	1.0	0.9995901155158834
CNGB1	0.928	2.51	1.36	1.84	0.0657	1.0	0.9995901155158834
CNGB3	1.84	-2.93	1.21	-2.42	0.0157	1.0	0.9995901155158834
CNIH1	830.0	0.04	0.12	0.355	0.723	1.0	0.9995901155158834
CNIH2	0.566	-2.47	2.24	-1.1	0.271	1.0	0.9995901155158834
CNIH3	14.0	0.22	0.35	0.623	0.533	1.0	0.9995901155158834
CNIH4	215.0	-0.21	0.11	-1.9	0.0569	1.0	0.9995901155158834
CNKSR1	0.584	0.07	1.76	0.041	0.967	1.0	0.9995901155158834
CNKSR2	8.39	0.25	0.43	0.59	0.555	1.0	0.9995901155158834
CNKSR3	172.0	-0.28	0.13	-2.06	0.0393	1.0	0.9995901155158834
CNMD	2.19	0.09	0.72	0.128	0.898	1.0	0.9995901155158834
CNN1	21.3	0.04	0.3	0.121	0.903	1.0	0.9995901155158834
CNN2	2090.0	0.09	0.07	1.39	0.163	1.0	0.9995901155158834
CNN3	3800.0	0.01	0.08	0.0809	0.936	1.0	0.9995901155158834
CNNM1	3.15	0.16	0.84	0.195	0.846	1.0	0.9995901155158834
CNNM2	33.5	-0.42	0.29	-1.44	0.15	1.0	0.9995901155158834
CNNM3	98.4	0.06	0.13	0.485	0.628	1.0	0.9995901155158834
CNNM4	111.0	0.07	0.11	0.617	0.537	1.0	0.9995901155158834
CNOT1	1000.0	-0.05	0.09	-0.548	0.584	1.0	0.9995901155158834
CNOT10	198.0	-0.06	0.1	-0.669	0.503	1.0	0.9995901155158834
CNOT11	251.0	-0.0	0.15	-0.0218	0.983	1.0	0.9995901155158834
CNOT2	327.0	-0.0	0.08	-0.00166	0.999	1.0	0.9995901155158834
CNOT3	255.0	-0.03	0.11	-0.305	0.76	1.0	0.9995901155158834
CNOT4	234.0	-0.02	0.11	-0.214	0.831	1.0	0.9995901155158834
CNOT6	550.0	0.04	0.08	0.515	0.607	1.0	0.9995901155158834
CNOT6L	413.0	0.01	0.11	0.126	0.9	1.0	0.9995901155158834
CNOT7	775.0	-0.01	0.08	-0.169	0.866	1.0	0.9995901155158834
CNOT8	582.0	0.02	0.09	0.267	0.789	1.0	0.9995901155158834
CNOT9	410.0	-0.11	0.09	-1.16	0.248	1.0	0.9995901155158834
CNP	396.0	0.03	0.09	0.334	0.738	1.0	0.9995901155158834
CNPPD1	280.0	0.06	0.1	0.557	0.577	1.0	0.9995901155158834
CNPY2	560.0	-0.11	0.09	-1.2	0.23	1.0	0.9995901155158834
CNPY3	537.0	-0.16	0.1	-1.63	0.103	1.0	0.9995901155158834
CNPY4	501.0	-0.09	0.08	-1.15	0.25	1.0	0.9995901155158834
CNR1	7.31	-0.61	0.47	-1.29	0.197	1.0	0.9995901155158834
CNR2	4.38	0.87	0.63	1.37	0.171	1.0	0.9995901155158834
CNRIP1	133.0	-0.03	0.12	-0.247	0.805	1.0	0.9995901155158834
CNST	133.0	-0.13	0.12	-1.05	0.292	1.0	0.9995901155158834
CNTD1	2.11	-0.84	0.86	-0.972	0.331	1.0	0.9995901155158834
CNTF	3.9	-0.58	0.73	-0.798	0.425	1.0	0.9995901155158834
CNTFR	3.03	0.28	0.67	0.422	0.673	1.0	0.9995901155158834
CNTLN	201.0	-0.13	0.12	-1.05	0.295	1.0	0.9995901155158834
CNTN1	4.67	-0.19	0.47	-0.403	0.687	1.0	0.9995901155158834
CNTN3	4.94	0.12	0.63	0.188	0.851	1.0	0.9995901155158834
CNTN4	195.0	-0.2	0.12	-1.74	0.0814	1.0	0.9995901155158834
CNTN5	0.657	1.01	1.57	0.647	0.518	1.0	0.9995901155158834
CNTNAP1	33.3	-0.27	0.27	-1.03	0.303	1.0	0.9995901155158834
CNTNAP2	364.0	0.06	0.13	0.462	0.644	1.0	0.9995901155158834
CNTNAP3	37.4	0.24	0.32	0.737	0.461	1.0	0.9995901155158834
CNTNAP3B	43.1	-0.16	0.22	-0.697	0.486	1.0	0.9995901155158834
CNTNAP5	0.849	-0.13	1.33	-0.101	0.919	1.0	0.9995901155158834
CNTRL	178.0	-0.17	0.18	-0.924	0.356	1.0	0.9995901155158834
CNTROB	223.0	-0.02	0.11	-0.185	0.853	1.0	0.9995901155158834
COA1	83.9	-0.1	0.16	-0.61	0.542	1.0	0.9995901155158834
COA3	201.0	0.04	0.12	0.318	0.751	1.0	0.9995901155158834
COA4	233.0	0.04	0.12	0.376	0.707	1.0	0.9995901155158834
COA5	323.0	-0.01	0.09	-0.0706	0.944	1.0	0.9995901155158834
COA6	55.3	-0.02	0.17	-0.116	0.907	1.0	0.9995901155158834
COA7	203.0	0.05	0.12	0.418	0.676	1.0	0.9995901155158834
COA8	160.0	0.03	0.11	0.247	0.805	1.0	0.9995901155158834
COASY	205.0	-0.0	0.1	-0.0164	0.987	1.0	0.9995901155158834
COBL	0.95	1.76	2.52	0.698	0.485	1.0	0.9995901155158834
COBLL1	113.0	-0.03	0.17	-0.198	0.843	1.0	0.9995901155158834
COCH	36.4	-0.11	0.23	-0.505	0.614	1.0	0.9995901155158834
COG1	115.0	0.04	0.15	0.243	0.808	1.0	0.9995901155158834
COG2	166.0	-0.04	0.12	-0.351	0.725	1.0	0.9995901155158834
COG3	180.0	0.12	0.1	1.2	0.229	1.0	0.9995901155158834
COG4	191.0	0.02	0.14	0.166	0.868	1.0	0.9995901155158834
COG5	561.0	-0.02	0.08	-0.324	0.746	1.0	0.9995901155158834
COG6	213.0	0.06	0.1	0.598	0.55	1.0	0.9995901155158834
COG7	43.8	0.11	0.2	0.535	0.593	1.0	0.9995901155158834
COG8	99.4	0.07	0.17	0.398	0.69	1.0	0.9995901155158834
COIL	317.0	0.03	0.09	0.281	0.779	1.0	0.9995901155158834
COL11A1	4840.0	-0.05	0.13	-0.42	0.674	1.0	0.9995901155158834
COL11A2	17.2	0.04	0.27	0.162	0.871	1.0	0.9995901155158834
COL12A1	12.0	0.25	0.4	0.621	0.534	1.0	0.9995901155158834
COL13A1	63.8	0.1	0.22	0.479	0.632	1.0	0.9995901155158834
COL14A1	7.21	-0.28	0.48	-0.595	0.552	1.0	0.9995901155158834
COL15A1	1030.0	-0.17	0.1	-1.62	0.106	1.0	0.9995901155158834
COL16A1	2.1	-0.78	0.9	-0.867	0.386	1.0	0.9995901155158834
COL18A1	2160.0	0.02	0.08	0.195	0.846	1.0	0.9995901155158834
COL1A1	49.2	0.04	0.19	0.196	0.844	1.0	0.9995901155158834
COL1A2	4140.0	-0.04	0.1	-0.396	0.692	1.0	0.9995901155158834
COL21A1	3.85	0.79	0.57	1.38	0.167	1.0	0.9995901155158834
COL22A1	1.34	2.64	1.12	2.35	0.0186	1.0	0.9995901155158834
COL23A1	643.0	-0.0	0.11	-0.0223	0.982	1.0	0.9995901155158834
COL24A1	2.12	-1.19	0.85	-1.4	0.161	1.0	0.9995901155158834
COL25A1	1280.0	0.05	0.12	0.471	0.638	1.0	0.9995901155158834
COL26A1	16.8	0.3	0.37	0.802	0.423	1.0	0.9995901155158834
COL27A1	396.0	0.15	0.17	0.877	0.38	1.0	0.9995901155158834
COL2A1	24.5	0.02	0.3	0.0758	0.94	1.0	0.9995901155158834
COL3A1	1110.0	0.0	0.1	0.0218	0.983	1.0	0.9995901155158834
COL4A1	46900.0	-0.07	0.12	-0.57	0.569	1.0	0.9995901155158834
COL4A2	24200.0	-0.08	0.1	-0.793	0.428	1.0	0.9995901155158834
COL4A3	0.422	1.92	2.15	0.897	0.37	1.0	0.9995901155158834
COL4A4	4.53	0.12	0.6	0.191	0.848	1.0	0.9995901155158834
COL4A5	702.0	-0.06	0.08	-0.773	0.44	1.0	0.9995901155158834
COL4A6	112.0	0.22	0.17	1.33	0.184	1.0	0.9995901155158834
COL5A1	2590.0	0.0	0.1	0.0332	0.974	1.0	0.9995901155158834
COL5A2	10200.0	-0.03	0.1	-0.28	0.779	1.0	0.9995901155158834
COL5A3	95.1	0.37	0.18	1.98	0.0473	1.0	0.9995901155158834
COL6A1	529.0	-0.0	0.1	-0.00333	0.997	1.0	0.9995901155158834
COL6A2	5640.0	-0.03	0.12	-0.227	0.821	1.0	0.9995901155158834
COL6A3	5.02	0.07	0.48	0.145	0.885	1.0	0.9995901155158834
COL6A6	79.1	-0.03	0.15	-0.169	0.866	1.0	0.9995901155158834
COL7A1	36.0	0.11	0.34	0.321	0.748	1.0	0.9995901155158834
COL8A1	7.53	0.51	0.41	1.22	0.221	1.0	0.9995901155158834
COL8A2	0.424	-0.83	2.0	-0.416	0.677	1.0	0.9995901155158834
COL9A1	3.33	0.58	0.68	0.86	0.39	1.0	0.9995901155158834
COL9A2	112.0	0.15	0.17	0.885	0.376	1.0	0.9995901155158834
COL9A3	0.986	0.77	1.21	0.632	0.527	1.0	0.9995901155158834
COLCA2	0.498	0.76	1.79	0.426	0.67	1.0	0.9995901155158834
COLEC10	21.0	0.24	0.33	0.72	0.472	1.0	0.9995901155158834
COLEC11	3.07	-0.98	0.82	-1.19	0.232	1.0	0.9995901155158834
COLEC12	2090.0	-0.01	0.09	-0.149	0.882	1.0	0.9995901155158834
COLGALT1	1250.0	0.07	0.08	0.899	0.369	1.0	0.9995901155158834
COLGALT2	38.2	0.19	0.2	0.977	0.329	1.0	0.9995901155158834
COLQ	2.9	1.09	0.71	1.53	0.125	1.0	0.9995901155158834
COMMD1	267.0	-0.09	0.11	-0.809	0.419	1.0	0.9995901155158834
COMMD10	179.0	-0.04	0.11	-0.333	0.739	1.0	0.9995901155158834
COMMD2	410.0	0.06	0.08	0.786	0.432	1.0	0.9995901155158834
COMMD3	84.0	-0.29	0.24	-1.23	0.217	1.0	0.9995901155158834
COMMD3-BMI1	356.0	0.11	0.12	0.89	0.374	1.0	0.9995901155158834
COMMD4	80.8	-0.24	0.19	-1.26	0.208	1.0	0.9995901155158834
COMMD5	147.0	-0.01	0.13	-0.0513	0.959	1.0	0.9995901155158834
COMMD6	253.0	0.04	0.13	0.285	0.776	1.0	0.9995901155158834
COMMD7	278.0	-0.15	0.1	-1.43	0.153	1.0	0.9995901155158834
COMMD8	87.8	0.05	0.16	0.324	0.746	1.0	0.9995901155158834
COMMD9	91.6	0.07	0.17	0.401	0.688	1.0	0.9995901155158834
COMT	232.0	-0.05	0.13	-0.407	0.684	1.0	0.9995901155158834
COMTD1	7.02	-0.31	0.48	-0.634	0.526	1.0	0.9995901155158834
COP1	537.0	-0.08	0.08	-0.984	0.325	1.0	0.9995901155158834
COPA	1580.0	-0.06	0.07	-0.765	0.445	1.0	0.9995901155158834
COPB1	898.0	-0.1	0.06	-1.61	0.107	1.0	0.9995901155158834
COPB2	1990.0	-0.05	0.07	-0.691	0.489	1.0	0.9995901155158834
COPE	793.0	-0.05	0.08	-0.681	0.496	1.0	0.9995901155158834
COPG1	952.0	0.01	0.07	0.164	0.87	1.0	0.9995901155158834
COPG2	277.0	0.07	0.09	0.722	0.471	1.0	0.9995901155158834
COPRS	177.0	-0.1	0.11	-0.83	0.406	1.0	0.9995901155158834
COPS2	809.0	0.05	0.1	0.518	0.604	1.0	0.9995901155158834
COPS3	395.0	0.04	0.1	0.438	0.661	1.0	0.9995901155158834
COPS4	181.0	-0.13	0.13	-1.01	0.313	1.0	0.9995901155158834
COPS5	304.0	0.04	0.07	0.5	0.617	1.0	0.9995901155158834
COPS6	951.0	-0.09	0.14	-0.62	0.535	1.0	0.9995901155158834
COPS7A	260.0	-0.06	0.09	-0.688	0.492	1.0	0.9995901155158834
COPS7B	171.0	0.03	0.13	0.253	0.8	1.0	0.9995901155158834
COPS8	329.0	-0.08	0.11	-0.734	0.463	1.0	0.9995901155158834
COPS9	625.0	-0.01	0.12	-0.0476	0.962	1.0	0.9995901155158834
COPZ1	717.0	-0.01	0.09	-0.159	0.874	1.0	0.9995901155158834
COPZ2	14.7	0.39	0.39	0.995	0.32	1.0	0.9995901155158834
COQ10A	19.4	-0.3	0.26	-1.16	0.247	1.0	0.9995901155158834
COQ10B	137.0	0.18	0.12	1.57	0.117	1.0	0.9995901155158834
COQ2	111.0	0.04	0.16	0.27	0.787	1.0	0.9995901155158834
COQ3	31.2	-0.01	0.22	-0.0604	0.952	1.0	0.9995901155158834
COQ4	38.2	-0.11	0.2	-0.566	0.572	1.0	0.9995901155158834
COQ5	269.0	-0.07	0.1	-0.661	0.509	1.0	0.9995901155158834
COQ6	30.5	-0.21	0.25	-0.863	0.388	1.0	0.9995901155158834
COQ7	237.0	0.01	0.11	0.0598	0.952	1.0	0.9995901155158834
COQ8A	42.2	0.19	0.16	1.13	0.259	1.0	0.9995901155158834
COQ8B	39.6	0.11	0.22	0.487	0.626	1.0	0.9995901155158834
COQ9	177.0	0.02	0.11	0.189	0.85	1.0	0.9995901155158834
CORIN	2.28	0.51	0.87	0.586	0.558	1.0	0.9995901155158834
CORO1A	5.71	0.88	0.51	1.74	0.0824	1.0	0.9995901155158834
CORO1B	451.0	-0.03	0.15	-0.174	0.862	1.0	0.9995901155158834
CORO1C	5040.0	0.04	0.07	0.6	0.549	1.0	0.9995901155158834
CORO2A	13.6	0.13	0.38	0.327	0.743	1.0	0.9995901155158834
CORO2B	59.0	0.13	0.18	0.707	0.479	1.0	0.9995901155158834
CORO6	9.16	0.13	0.52	0.251	0.802	1.0	0.9995901155158834
CORO7	107.0	0.13	0.3	0.43	0.667	1.0	0.9995901155158834
CORO7-PAM16	93.0	-0.28	0.48	-0.586	0.558	1.0	0.9995901155158834
COTL1	3340.0	0.08	0.11	0.757	0.449	1.0	0.9995901155158834
COX1	2840.0	0.05	0.15	0.323	0.746	1.0	0.9995901155158834
COX10	78.4	-0.15	0.18	-0.847	0.397	1.0	0.9995901155158834
COX11	255.0	0.03	0.14	0.189	0.85	1.0	0.9995901155158834
COX14	51.7	0.05	0.18	0.282	0.778	1.0	0.9995901155158834
COX15	229.0	-0.08	0.08	-0.972	0.331	1.0	0.9995901155158834
COX16	538.0	-0.0	0.1	-0.0381	0.97	1.0	0.9995901155158834
COX17	134.0	0.21	0.13	1.55	0.121	1.0	0.9995901155158834
COX18	116.0	-0.1	0.12	-0.859	0.39	1.0	0.9995901155158834
COX19	216.0	0.03	0.1	0.279	0.781	1.0	0.9995901155158834
COX2	1650.0	-0.0	0.15	-0.00201	0.998	1.0	0.9995901155158834
COX20	311.0	0.16	0.12	1.29	0.198	1.0	0.9995901155158834
COX3	2720.0	0.12	0.13	0.91	0.363	1.0	0.9995901155158834
COX4I1	2330.0	-0.09	0.07	-1.25	0.211	1.0	0.9995901155158834
COX5A	120.0	-0.15	0.17	-0.889	0.374	1.0	0.9995901155158834
COX5B	409.0	-0.22	0.15	-1.49	0.135	1.0	0.9995901155158834
COX6A1	208.0	0.06	0.13	0.468	0.639	1.0	0.9995901155158834
COX6B1	99.6	-0.01	0.22	-0.0477	0.962	1.0	0.9995901155158834
COX6B2	0.484	-1.19	1.66	-0.716	0.474	1.0	0.9995901155158834
COX6C	1470.0	-0.09	0.09	-1.02	0.308	1.0	0.9995901155158834
COX7A2	466.0	-0.11	0.11	-0.92	0.358	1.0	0.9995901155158834
COX7A2L	1160.0	0.06	0.12	0.532	0.595	1.0	0.9995901155158834
COX7B	102.0	-0.02	0.19	-0.105	0.917	1.0	0.9995901155158834
COX7C	235.0	-0.01	0.1	-0.0844	0.933	1.0	0.9995901155158834
COX8A	108.0	-0.08	0.19	-0.445	0.657	1.0	0.9995901155158834
CPA4	1.65	0.97	1.05	0.923	0.356	1.0	0.9995901155158834
CPAMD8	66.3	-0.15	0.17	-0.873	0.383	1.0	0.9995901155158834
CPD	1560.0	0.1	0.08	1.34	0.181	1.0	0.9995901155158834
CPE	214.0	0.09	0.09	1.04	0.298	1.0	0.9995901155158834
CPEB1	0.588	-0.95	1.63	-0.585	0.559	1.0	0.9995901155158834
CPEB2	672.0	0.21	0.15	1.39	0.165	1.0	0.9995901155158834
CPEB3	32.0	0.45	0.24	1.87	0.0611	1.0	0.9995901155158834
CPEB4	163.0	0.09	0.14	0.62	0.535	1.0	0.9995901155158834
CPED1	6.01	0.19	0.5	0.378	0.705	1.0	0.9995901155158834
CPLANE1	240.0	0.02	0.12	0.141	0.887	1.0	0.9995901155158834
CPLANE2	13.8	-0.26	0.31	-0.831	0.406	1.0	0.9995901155158834
CPM	225.0	-0.05	0.12	-0.425	0.671	1.0	0.9995901155158834
CPN2	2.54	0.47	0.74	0.64	0.522	1.0	0.9995901155158834
CPNE1	227.0	0.27	0.16	1.67	0.0953	1.0	0.9995901155158834
CPNE2	455.0	0.08	0.11	0.717	0.473	1.0	0.9995901155158834
CPNE3	578.0	0.08	0.09	0.847	0.397	1.0	0.9995901155158834
CPNE5	23.6	0.09	0.29	0.316	0.752	1.0	0.9995901155158834
CPNE8	351.0	0.15	0.1	1.53	0.127	1.0	0.9995901155158834
CPO	0.462	-1.18	1.8	-0.655	0.513	1.0	0.9995901155158834
CPOX	401.0	0.06	0.1	0.576	0.564	1.0	0.9995901155158834
CPPED1	242.0	-0.05	0.09	-0.549	0.583	1.0	0.9995901155158834
CPQ	348.0	-0.06	0.12	-0.482	0.63	1.0	0.9995901155158834
CPS1	15.1	0.04	0.33	0.137	0.891	1.0	0.9995901155158834
CPSF1	499.0	-0.08	0.08	-0.969	0.332	1.0	0.9995901155158834
CPSF2	935.0	0.05	0.08	0.641	0.521	1.0	0.9995901155158834
CPSF3	268.0	-0.05	0.09	-0.607	0.544	1.0	0.9995901155158834
CPSF4	90.5	0.14	0.15	0.979	0.328	1.0	0.9995901155158834
CPSF6	752.0	-0.01	0.1	-0.0847	0.933	1.0	0.9995901155158834
CPSF7	357.0	-0.04	0.08	-0.438	0.662	1.0	0.9995901155158834
CPT1A	93.2	0.14	0.21	0.675	0.5	1.0	0.9995901155158834
CPT1B	40.2	0.0	0.21	0.0126	0.99	1.0	0.9995901155158834
CPT1C	56.5	-0.27	0.21	-1.31	0.189	1.0	0.9995901155158834
CPT2	86.6	-0.03	0.15	-0.174	0.862	1.0	0.9995901155158834
CPTP	28.1	-0.26	0.26	-0.987	0.324	1.0	0.9995901155158834
CPVL	155.0	-0.03	0.12	-0.274	0.784	1.0	0.9995901155158834
CPXM1	844.0	-0.08	0.1	-0.72	0.472	1.0	0.9995901155158834
CPXM2	52.9	0.02	0.17	0.105	0.916	1.0	0.9995901155158834
CPZ	0.797	-0.14	1.41	-0.0975	0.922	1.0	0.9995901155158834
CR1	0.656	-1.64	1.68	-0.973	0.331	1.0	0.9995901155158834
CRABP1	1.53	-1.09	1.08	-1.01	0.314	1.0	0.9995901155158834
CRABP2	20.2	-0.17	0.36	-0.471	0.638	1.0	0.9995901155158834
CRACD	398.0	-0.04	0.1	-0.377	0.706	1.0	0.9995901155158834
CRACDL	8.8	-0.06	0.43	-0.142	0.887	1.0	0.9995901155158834
CRACR2A	36.8	-0.17	0.2	-0.863	0.388	1.0	0.9995901155158834
CRACR2B	33.3	-0.04	0.25	-0.155	0.877	1.0	0.9995901155158834
CRADD	45.9	0.13	0.2	0.673	0.501	1.0	0.9995901155158834
CRAMP1	312.0	-0.15	0.09	-1.67	0.0948	1.0	0.9995901155158834
CRAT	83.8	-0.03	0.17	-0.174	0.862	1.0	0.9995901155158834
CRB1	0.7	-1.77	1.79	-0.987	0.323	1.0	0.9995901155158834
CRBN	254.0	-0.02	0.11	-0.191	0.848	1.0	0.9995901155158834
CRCP	242.0	0.09	0.11	0.758	0.448	1.0	0.9995901155158834
CREB1	938.0	-0.05	0.12	-0.42	0.675	1.0	0.9995901155158834
CREB3	310.0	-0.03	0.1	-0.289	0.773	1.0	0.9995901155158834
CREB3L1	109.0	-0.17	0.19	-0.876	0.381	1.0	0.9995901155158834
CREB3L2	644.0	0.09	0.11	0.851	0.395	1.0	0.9995901155158834
CREB3L4	14.8	-0.25	0.31	-0.804	0.421	1.0	0.9995901155158834
CREB5	196.0	0.12	0.11	1.09	0.276	1.0	0.9995901155158834
CREBBP	614.0	-0.05	0.12	-0.43	0.667	1.0	0.9995901155158834
CREBL2	217.0	-0.07	0.11	-0.644	0.52	1.0	0.9995901155158834
CREBRF	76.5	-0.18	0.25	-0.725	0.468	1.0	0.9995901155158834
CREBZF	479.0	0.01	0.11	0.124	0.901	1.0	0.9995901155158834
CREG1	115.0	0.05	0.12	0.446	0.655	1.0	0.9995901155158834
CREG2	56.8	0.19	0.22	0.858	0.391	1.0	0.9995901155158834
CRELD1	197.0	0.06	0.11	0.598	0.55	1.0	0.9995901155158834
CRELD2	105.0	-0.1	0.14	-0.711	0.477	1.0	0.9995901155158834
CREM	257.0	-0.07	0.11	-0.578	0.563	1.0	0.9995901155158834
CRHBP	44.6	-0.02	0.2	-0.123	0.902	1.0	0.9995901155158834
CRIM1	3900.0	0.01	0.08	0.0692	0.945	1.0	0.9995901155158834
CRIP1	4.69	-0.34	0.57	-0.588	0.556	1.0	0.9995901155158834
CRIP2	724.0	-0.04	0.14	-0.28	0.78	1.0	0.9995901155158834
CRIPT	108.0	-0.21	0.14	-1.5	0.133	1.0	0.9995901155158834
CRISPLD1	770.0	-0.07	0.08	-0.907	0.365	1.0	0.9995901155158834
CRISPLD2	4.69	1.22	0.53	2.29	0.0222	1.0	0.9995901155158834
CRK	1250.0	0.05	0.07	0.704	0.482	1.0	0.9995901155158834
CRKL	904.0	0.08	0.09	0.867	0.386	1.0	0.9995901155158834
CRLF3	306.0	-0.11	0.09	-1.14	0.254	1.0	0.9995901155158834
CRLS1	214.0	0.25	0.11	2.24	0.0254	1.0	0.9995901155158834
CRMP1	532.0	0.09	0.06	1.32	0.186	1.0	0.9995901155158834
CRNKL1	541.0	-0.06	0.09	-0.617	0.537	1.0	0.9995901155158834
CROCC	289.0	0.03	0.12	0.204	0.838	1.0	0.9995901155158834
CROT	119.0	-0.14	0.16	-0.842	0.4	1.0	0.9995901155158834
CRPPA	51.3	0.1	0.17	0.621	0.535	1.0	0.9995901155158834
CRTAC1	3.94	0.42	0.61	0.681	0.496	1.0	0.9995901155158834
CRTAM	1.37	0.41	0.97	0.425	0.671	1.0	0.9995901155158834
CRTAP	1320.0	-0.06	0.06	-1.11	0.266	1.0	0.9995901155158834
CRTC1	27.9	0.04	0.22	0.197	0.844	1.0	0.9995901155158834
CRTC2	60.0	-0.05	0.15	-0.332	0.74	1.0	0.9995901155158834
CRTC3	151.0	0.0	0.11	0.00326	0.997	1.0	0.9995901155158834
CRX	11.2	1.01	0.34	3.01	0.00258	1.0	0.9995901155158834
CRY1	358.0	-0.08	0.12	-0.625	0.532	1.0	0.9995901155158834
CRY2	66.8	-0.03	0.17	-0.186	0.852	1.0	0.9995901155158834
CRYAA2	7.79	0.39	0.48	0.803	0.422	1.0	0.9995901155158834
CRYBB2	18.0	0.05	0.28	0.179	0.858	1.0	0.9995901155158834
CRYBB3	0.415	-1.46	1.98	-0.738	0.46	1.0	0.9995901155158834
CRYBG1	8.9	0.31	0.41	0.755	0.45	1.0	0.9995901155158834
CRYBG2	0.581	-2.5	2.02	-1.24	0.215	1.0	0.9995901155158834
CRYBG3	600.0	-0.05	0.12	-0.439	0.661	1.0	0.9995901155158834
CRYGS	0.919	-1.05	1.35	-0.782	0.434	1.0	0.9995901155158834
CRYL1	45.3	0.03	0.19	0.186	0.853	1.0	0.9995901155158834
CRYM	17.8	0.44	0.3	1.48	0.138	1.0	0.9995901155158834
CRYZ	134.0	0.08	0.12	0.675	0.499	1.0	0.9995901155158834
CRYZL1	171.0	-0.02	0.13	-0.165	0.869	1.0	0.9995901155158834
CRYZL2P-SEC16B	5.81	0.07	0.59	0.115	0.908	1.0	0.9995901155158834
CS	422.0	0.05	0.09	0.503	0.615	1.0	0.9995901155158834
CSAD	16.6	0.42	0.34	1.22	0.223	1.0	0.9995901155158834
CSDE1	7140.0	-0.01	0.06	-0.231	0.818	1.0	0.9995901155158834
CSE1L	838.0	0.09	0.1	0.904	0.366	1.0	0.9995901155158834
CSF1	114.0	0.03	0.15	0.185	0.853	1.0	0.9995901155158834
CSF1R	3.16	-1.1	0.65	-1.7	0.0885	1.0	0.9995901155158834
CSF2RA	4.92	0.82	0.73	1.12	0.263	1.0	0.9995901155158834
CSF2RB	99.7	-0.04	0.12	-0.355	0.723	1.0	0.9995901155158834
CSGALNACT1	507.0	0.1	0.13	0.818	0.413	1.0	0.9995901155158834
CSGALNACT2	247.0	-0.02	0.11	-0.147	0.883	1.0	0.9995901155158834
CSK	456.0	-0.04	0.09	-0.414	0.679	1.0	0.9995901155158834
CSKMT	5.78	0.43	0.46	0.949	0.343	1.0	0.9995901155158834
CSMD1	4.77	-0.2	0.63	-0.315	0.753	1.0	0.9995901155158834
CSMD2	19.6	-0.22	0.26	-0.828	0.408	1.0	0.9995901155158834
CSNK1A1	2100.0	0.06	0.09	0.627	0.531	1.0	0.9995901155158834
CSNK1D	1210.0	0.06	0.07	0.917	0.359	1.0	0.9995901155158834
CSNK1E	384.0	0.11	0.09	1.13	0.257	1.0	0.9995901155158834
CSNK1G1	345.0	0.01	0.09	0.0567	0.955	1.0	0.9995901155158834
CSNK1G2	282.0	-0.08	0.11	-0.729	0.466	1.0	0.9995901155158834
CSNK1G3	294.0	0.06	0.11	0.52	0.603	1.0	0.9995901155158834
CSNK2A1	926.0	-0.01	0.1	-0.0785	0.937	1.0	0.9995901155158834
CSNK2A2	209.0	0.03	0.11	0.288	0.774	1.0	0.9995901155158834
CSNK2A3	231.0	0.12	0.15	0.8	0.424	1.0	0.9995901155158834
CSNK2B	177.0	0.22	0.12	1.74	0.0825	1.0	0.9995901155158834
CSPG4	19.4	-0.53	0.27	-1.95	0.0517	1.0	0.9995901155158834
CSPG5	0.893	-2.22	1.49	-1.49	0.137	1.0	0.9995901155158834
CSPP1	209.0	0.06	0.1	0.568	0.57	1.0	0.9995901155158834
CSRNP1	141.0	0.03	0.18	0.14	0.888	1.0	0.9995901155158834
CSRNP2	654.0	0.09	0.07	1.23	0.218	1.0	0.9995901155158834
CSRNP3	34.5	0.08	0.23	0.336	0.737	1.0	0.9995901155158834
CSRP1	842.0	-0.0	0.07	-0.0274	0.978	1.0	0.9995901155158834
CSRP2	310.0	-0.05	0.14	-0.404	0.686	1.0	0.9995901155158834
CSRP3	0.644	0.8	1.48	0.538	0.591	1.0	0.9995901155158834
CST3	42.1	-0.0	0.2	-0.0224	0.982	1.0	0.9995901155158834
CSTB	427.0	-0.09	0.1	-0.845	0.398	1.0	0.9995901155158834
CSTF1	190.0	0.18	0.1	1.9	0.0573	1.0	0.9995901155158834
CSTF2	228.0	-0.07	0.12	-0.597	0.551	1.0	0.9995901155158834
CSTF2T	1420.0	-0.0	0.1	-0.0323	0.974	1.0	0.9995901155158834
CSTF3	244.0	0.03	0.13	0.216	0.829	1.0	0.9995901155158834
CT45A5	8.18	0.07	0.44	0.162	0.871	1.0	0.9995901155158834
CT55	1.41	0.47	0.99	0.477	0.633	1.0	0.9995901155158834
CTAGE1	0.709	-0.07	1.58	-0.0464	0.963	1.0	0.9995901155158834
CTAGE15	1.65	1.96	2.16	0.906	0.365	1.0	0.9995901155158834
CTAGE4	3.22	-0.98	0.85	-1.16	0.246	1.0	0.9995901155158834
CTAGE8	4.01	-1.1	0.75	-1.46	0.144	1.0	0.9995901155158834
CTAGE9	1.6	1.85	1.34	1.38	0.167	1.0	0.9995901155158834
CTBP1	548.0	0.05	0.11	0.474	0.636	1.0	0.9995901155158834
CTBP2	652.0	0.01	0.09	0.12	0.904	1.0	0.9995901155158834
CTBS	85.8	-0.11	0.13	-0.865	0.387	1.0	0.9995901155158834
CTC1	60.7	0.01	0.18	0.0592	0.953	1.0	0.9995901155158834
CTCF	683.0	0.03	0.07	0.459	0.646	1.0	0.9995901155158834
CTCFL	1.77	0.41	1.05	0.387	0.699	1.0	0.9995901155158834
CTDNEP1	300.0	0.12	0.1	1.23	0.218	1.0	0.9995901155158834
CTDP1	203.0	-0.02	0.13	-0.175	0.861	1.0	0.9995901155158834
CTDSP1	280.0	0.11	0.1	1.16	0.248	1.0	0.9995901155158834
CTDSP2	1110.0	-0.02	0.06	-0.309	0.757	1.0	0.9995901155158834
CTDSPL	428.0	0.02	0.1	0.234	0.815	1.0	0.9995901155158834
CTDSPL2	512.0	0.09	0.1	0.879	0.379	1.0	0.9995901155158834
CTF1	3.41	-0.37	0.8	-0.466	0.641	1.0	0.9995901155158834
CTH	13.7	-0.33	0.35	-0.952	0.341	1.0	0.9995901155158834
CTHRC1	634.0	-0.04	0.11	-0.324	0.746	1.0	0.9995901155158834
CTIF	122.0	0.25	0.18	1.39	0.164	1.0	0.9995901155158834
CTLA4	0.61	-2.59	1.44	-1.8	0.0723	1.0	0.9995901155158834
CTNNA1	4260.0	-0.07	0.07	-0.921	0.357	1.0	0.9995901155158834
CTNNA2	11.4	-0.57	0.32	-1.8	0.0714	1.0	0.9995901155158834
CTNNA3	22.1	0.13	0.28	0.474	0.636	1.0	0.9995901155158834
CTNNAL1	235.0	0.02	0.11	0.227	0.82	1.0	0.9995901155158834
CTNNB1	8410.0	-0.04	0.06	-0.691	0.489	1.0	0.9995901155158834
CTNNBIP1	911.0	0.08	0.13	0.581	0.561	1.0	0.9995901155158834
CTNNBL1	819.0	-0.17	0.11	-1.57	0.117	1.0	0.9995901155158834
CTNND1	3250.0	-0.05	0.09	-0.536	0.592	1.0	0.9995901155158834
CTNND2	11.2	0.27	0.36	0.754	0.451	1.0	0.9995901155158834
CTNS	142.0	0.04	0.13	0.323	0.746	1.0	0.9995901155158834
CTPS1	828.0	0.08	0.07	1.16	0.245	1.0	0.9995901155158834
CTPS2	253.0	0.0	0.1	0.0154	0.988	1.0	0.9995901155158834
CTR9	1000.0	0.02	0.07	0.32	0.749	1.0	0.9995901155158834
CTRC	4.26	1.12	0.57	1.97	0.0488	1.0	0.9995901155158834
CTRL	0.46	0.63	1.83	0.343	0.732	1.0	0.9995901155158834
CTSA	279.0	-0.11	0.12	-0.846	0.397	1.0	0.9995901155158834
CTSB	4030.0	-0.01	0.07	-0.106	0.915	1.0	0.9995901155158834
CTSC	2320.0	-0.08	0.07	-1.23	0.218	1.0	0.9995901155158834
CTSD	759.0	-0.08	0.13	-0.622	0.534	1.0	0.9995901155158834
CTSG	0.678	0.79	1.55	0.509	0.611	1.0	0.9995901155158834
CTSH	12.7	-0.21	0.38	-0.568	0.57	1.0	0.9995901155158834
CTSK	19.8	0.31	0.3	1.03	0.303	1.0	0.9995901155158834
CTSL	2000.0	-0.03	0.09	-0.382	0.703	1.0	0.9995901155158834
CTSO	202.0	0.08	0.14	0.571	0.568	1.0	0.9995901155158834
CTSS	3.2	-0.03	0.68	-0.0384	0.969	1.0	0.9995901155158834
CTSV	34.9	0.18	0.2	0.885	0.376	1.0	0.9995901155158834
CTSZ	572.0	-0.03	0.11	-0.288	0.774	1.0	0.9995901155158834
CTTN	5740.0	-0.03	0.09	-0.297	0.766	1.0	0.9995901155158834
CTTNBP2	145.0	-0.2	0.13	-1.54	0.124	1.0	0.9995901155158834
CTTNBP2NL	635.0	-0.0	0.1	-0.0179	0.986	1.0	0.9995901155158834
CTU1	3.89	0.27	0.76	0.353	0.724	1.0	0.9995901155158834
CTU2	65.4	-0.07	0.19	-0.362	0.718	1.0	0.9995901155158834
CTXN1	11.0	-0.55	0.45	-1.22	0.224	1.0	0.9995901155158834
CUBN	40.9	-0.32	0.18	-1.76	0.0792	1.0	0.9995901155158834
CUEDC1	94.3	-0.26	0.16	-1.69	0.0905	1.0	0.9995901155158834
CUEDC2	364.0	-0.11	0.11	-1.0	0.315	1.0	0.9995901155158834
CUL1	977.0	-0.05	0.08	-0.632	0.527	1.0	0.9995901155158834
CUL2	573.0	-0.05	0.08	-0.607	0.544	1.0	0.9995901155158834
CUL3	1450.0	0.03	0.09	0.298	0.766	1.0	0.9995901155158834
CUL4A	1470.0	-0.04	0.09	-0.468	0.64	1.0	0.9995901155158834
CUL4B	827.0	-0.01	0.09	-0.112	0.911	1.0	0.9995901155158834
CUL5	562.0	0.09	0.09	0.919	0.358	1.0	0.9995901155158834
CUL7	303.0	-0.1	0.14	-0.757	0.449	1.0	0.9995901155158834
CUL9	105.0	-0.3	0.16	-1.9	0.058	1.0	0.9995901155158834
CUTA	275.0	-0.03	0.13	-0.19	0.849	1.0	0.9995901155158834
CUTC	358.0	0.02	0.1	0.212	0.832	1.0	0.9995901155158834
CUX1	375.0	-0.19	0.11	-1.66	0.0967	1.0	0.9995901155158834
CUX2	15.2	0.15	0.31	0.473	0.636	1.0	0.9995901155158834
CWC15	501.0	0.05	0.1	0.499	0.618	1.0	0.9995901155158834
CWC22	528.0	0.03	0.07	0.492	0.623	1.0	0.9995901155158834
CWC25	216.0	-0.08	0.12	-0.684	0.494	1.0	0.9995901155158834
CWC27	561.0	-0.02	0.07	-0.219	0.827	1.0	0.9995901155158834
CWF19L1	155.0	-0.11	0.11	-0.994	0.32	1.0	0.9995901155158834
CWF19L2	285.0	0.01	0.11	0.0798	0.936	1.0	0.9995901155158834
CX3CL1	0.536	0.17	1.67	0.104	0.917	1.0	0.9995901155158834
CXADR	225.0	-0.01	0.11	-0.119	0.905	1.0	0.9995901155158834
CXCL1	50.9	-0.1	0.26	-0.372	0.71	1.0	0.9995901155158834
CXCL10	1.87	-0.44	0.97	-0.448	0.654	1.0	0.9995901155158834
CXCL11	1.23	-0.8	1.29	-0.626	0.531	1.0	0.9995901155158834
CXCL12	41.8	0.56	0.33	1.69	0.0907	1.0	0.9995901155158834
CXCL16	10.1	-0.56	0.42	-1.34	0.182	1.0	0.9995901155158834
CXCL2	18.5	0.4	0.26	1.55	0.122	1.0	0.9995901155158834
CXCL3	18.0	0.21	0.34	0.637	0.524	1.0	0.9995901155158834
CXCL5	100.0	0.36	0.24	1.49	0.135	1.0	0.9995901155158834
CXCL6	0.492	0.75	2.13	0.351	0.726	1.0	0.9995901155158834
CXCL8	15.5	0.04	0.39	0.0996	0.921	1.0	0.9995901155158834
CXCR2	1.52	0.43	0.89	0.488	0.625	1.0	0.9995901155158834
CXCR4	683.0	-0.12	0.24	-0.52	0.603	1.0	0.9995901155158834
CXCR5	0.384	-1.92	2.0	-0.958	0.338	1.0	0.9995901155158834
CXXC1	324.0	-0.08	0.09	-0.914	0.361	1.0	0.9995901155158834
CXXC4	21.8	0.19	0.28	0.696	0.486	1.0	0.9995901155158834
CXXC5	361.0	0.08	0.09	0.927	0.354	1.0	0.9995901155158834
CXorf38	91.5	0.09	0.15	0.577	0.564	1.0	0.9995901155158834
CXorf65	0.553	2.73	2.23	1.23	0.22	1.0	0.9995901155158834
CYB561	249.0	-0.13	0.1	-1.39	0.165	1.0	0.9995901155158834
CYB561A3	73.9	-0.06	0.21	-0.314	0.754	1.0	0.9995901155158834
CYB561D1	99.0	0.24	0.14	1.74	0.0822	1.0	0.9995901155158834
CYB561D2	13.3	-0.14	0.35	-0.408	0.684	1.0	0.9995901155158834
CYB5A	105.0	0.09	0.14	0.649	0.517	1.0	0.9995901155158834
CYB5B	1320.0	-0.04	0.09	-0.452	0.651	1.0	0.9995901155158834
CYB5D1	207.0	0.01	0.11	0.112	0.911	1.0	0.9995901155158834
CYB5D2	79.4	0.1	0.19	0.553	0.58	1.0	0.9995901155158834
CYB5R1	119.0	-0.18	0.15	-1.2	0.231	1.0	0.9995901155158834
CYB5R2	18.6	-0.02	0.26	-0.0712	0.943	1.0	0.9995901155158834
CYB5R3	422.0	-0.18	0.16	-1.13	0.258	1.0	0.9995901155158834
CYB5R4	235.0	-0.01	0.09	-0.137	0.891	1.0	0.9995901155158834
CYB5RL	79.8	-0.29	0.25	-1.15	0.249	1.0	0.9995901155158834
CYBA	181.0	0.08	0.14	0.577	0.564	1.0	0.9995901155158834
CYBC1	122.0	0.07	0.17	0.428	0.668	1.0	0.9995901155158834
CYBRD1	121.0	0.06	0.13	0.47	0.638	1.0	0.9995901155158834
CYC1	155.0	0.03	0.12	0.255	0.799	1.0	0.9995901155158834
CYCS	671.0	0.18	0.11	1.59	0.113	1.0	0.9995901155158834
CYFIP1	1230.0	-0.06	0.06	-0.911	0.363	1.0	0.9995901155158834
CYFIP2	70.1	-0.21	0.22	-0.959	0.337	1.0	0.9995901155158834
CYGB	1.57	0.23	1.0	0.231	0.818	1.0	0.9995901155158834
CYHR1	58.3	0.03	0.19	0.164	0.87	1.0	0.9995901155158834
CYLC2	1.47	-0.91	1.01	-0.899	0.369	1.0	0.9995901155158834
CYLD	562.0	-0.03	0.11	-0.264	0.792	1.0	0.9995901155158834
CYP11A1	2.07	0.81	0.75	1.09	0.277	1.0	0.9995901155158834
CYP19A1	1.37	-0.76	1.34	-0.567	0.571	1.0	0.9995901155158834
CYP1A1	363.0	-0.14	0.22	-0.632	0.527	1.0	0.9995901155158834
CYP1A2	3.12	0.46	0.79	0.582	0.561	1.0	0.9995901155158834
CYP1B1	1390.0	0.29	0.14	2.13	0.0335	1.0	0.9995901155158834
CYP20A1	268.0	0.13	0.11	1.16	0.246	1.0	0.9995901155158834
CYP21A2	0.544	-2.4	1.72	-1.4	0.162	1.0	0.9995901155158834
CYP26A1	1.14	1.49	1.13	1.32	0.187	1.0	0.9995901155158834
CYP26B1	5.93	-0.06	0.62	-0.0914	0.927	1.0	0.9995901155158834
CYP26C1	0.862	-1.65	1.33	-1.24	0.215	1.0	0.9995901155158834
CYP27A1	34.7	-0.31	0.25	-1.27	0.205	1.0	0.9995901155158834
CYP27B1	0.982	-0.23	1.23	-0.189	0.85	1.0	0.9995901155158834
CYP27C1	85.5	-0.01	0.15	-0.0626	0.95	1.0	0.9995901155158834
CYP2B6	0.634	0.31	1.48	0.212	0.832	1.0	0.9995901155158834
CYP2C19	1.64	-1.01	1.05	-0.963	0.336	1.0	0.9995901155158834
CYP2C8	0.501	-0.37	1.79	-0.208	0.835	1.0	0.9995901155158834
CYP2C9	1.51	3.22	1.01	3.18	0.00148	1.0	0.9995901155158834
CYP2D6	1.16	-1.03	1.23	-0.836	0.403	1.0	0.9995901155158834
CYP2F1	0.852	1.46	1.4	1.04	0.297	1.0	0.9995901155158834
CYP2J2	1.63	-0.98	1.24	-0.794	0.427	1.0	0.9995901155158834
CYP2R1	144.0	-0.03	0.11	-0.241	0.81	1.0	0.9995901155158834
CYP2S1	15.1	-0.75	0.28	-2.65	0.00803	1.0	0.9995901155158834
CYP2U1	103.0	0.12	0.16	0.766	0.444	1.0	0.9995901155158834
CYP39A1	4.96	-0.05	0.57	-0.0841	0.933	1.0	0.9995901155158834
CYP3A5	6.72	0.24	0.56	0.427	0.67	1.0	0.9995901155158834
CYP4A11	0.504	1.24	1.74	0.716	0.474	1.0	0.9995901155158834
CYP4A22	4.61	-0.51	0.56	-0.906	0.365	1.0	0.9995901155158834
CYP4F11	1.38	-0.06	0.98	-0.0569	0.955	1.0	0.9995901155158834
CYP4F3	0.895	0.06	1.38	0.0441	0.965	1.0	0.9995901155158834
CYP4F8	0.714	-1.07	1.85	-0.582	0.561	1.0	0.9995901155158834
CYP4V2	27.3	0.69	0.24	2.91	0.00358	1.0	0.9995901155158834
CYP4X1	0.832	-0.38	1.38	-0.277	0.782	1.0	0.9995901155158834
CYP51A1	1590.0	0.01	0.1	0.0641	0.949	1.0	0.9995901155158834
CYP7A1	3.59	-0.97	0.71	-1.36	0.174	1.0	0.9995901155158834
CYP7B1	61.5	0.09	0.22	0.382	0.703	1.0	0.9995901155158834
CYP8B1	1.07	-0.83	1.33	-0.622	0.534	1.0	0.9995901155158834
CYREN	117.0	0.08	0.13	0.654	0.513	1.0	0.9995901155158834
CYRIA	487.0	0.0	0.11	0.0257	0.979	1.0	0.9995901155158834
CYRIB	663.0	0.1	0.1	0.996	0.319	1.0	0.9995901155158834
CYS1	1.78	0.17	0.98	0.172	0.864	1.0	0.9995901155158834
CYSLTR1	1.13	-0.63	1.15	-0.55	0.582	1.0	0.9995901155158834
CYSLTR2	16.5	0.0	0.33	0.0107	0.991	1.0	0.9995901155158834
CYSTM1	77.1	0.03	0.22	0.159	0.874	1.0	0.9995901155158834
CYTB	1970.0	-0.1	0.21	-0.473	0.636	1.0	0.9995901155158834
CYTH1	303.0	0.03	0.09	0.366	0.714	1.0	0.9995901155158834
CYTH2	532.0	-0.05	0.13	-0.359	0.719	1.0	0.9995901155158834
CYTH3	181.0	-0.06	0.11	-0.519	0.604	1.0	0.9995901155158834
CYTH4	1.02	0.49	1.37	0.36	0.719	1.0	0.9995901155158834
CYTL1	2.22	0.22	0.92	0.239	0.811	1.0	0.9995901155158834
CYYR1	884.0	-0.01	0.12	-0.121	0.904	1.0	0.9995901155158834
CZIB	207.0	0.12	0.15	0.783	0.433	1.0	0.9995901155158834
D2HGDH	18.1	0.32	0.32	1.02	0.309	1.0	0.9995901155158834
DAAM1	715.0	0.02	0.08	0.272	0.786	1.0	0.9995901155158834
DAAM2	19.1	0.07	0.35	0.206	0.837	1.0	0.9995901155158834
DAB1	38.1	-0.14	0.28	-0.514	0.607	1.0	0.9995901155158834
DAB2	1550.0	-0.07	0.08	-0.883	0.377	1.0	0.9995901155158834
DAB2IP	709.0	0.05	0.07	0.719	0.472	1.0	0.9995901155158834
DACH1	198.0	0.1	0.12	0.799	0.424	1.0	0.9995901155158834
DACT1	197.0	0.05	0.1	0.532	0.595	1.0	0.9995901155158834
DACT3	25.9	-0.3	0.29	-1.03	0.301	1.0	0.9995901155158834
DAD1	850.0	-0.04	0.1	-0.459	0.647	1.0	0.9995901155158834
DAG1	536.0	-0.03	0.08	-0.384	0.701	1.0	0.9995901155158834
DAGLA	25.5	0.06	0.26	0.246	0.806	1.0	0.9995901155158834
DAGLB	135.0	-0.12	0.13	-0.923	0.356	1.0	0.9995901155158834
DALRD3	31.3	0.49	0.25	1.96	0.0497	1.0	0.9995901155158834
DAND5	2.82	0.84	1.04	0.802	0.422	1.0	0.9995901155158834
DAP	340.0	-0.06	0.12	-0.467	0.64	1.0	0.9995901155158834
DAP3	540.0	-0.03	0.07	-0.422	0.673	1.0	0.9995901155158834
DAPK1	500.0	-0.05	0.08	-0.611	0.542	1.0	0.9995901155158834
DAPK2	33.1	0.15	0.22	0.666	0.506	1.0	0.9995901155158834
DAPK3	734.0	-0.24	0.13	-1.89	0.059	1.0	0.9995901155158834
DAPP1	1.7	-0.11	0.98	-0.115	0.909	1.0	0.9995901155158834
DARS1	829.0	0.1	0.12	0.843	0.399	1.0	0.9995901155158834
DARS2	287.0	0.15	0.13	1.18	0.236	1.0	0.9995901155158834
DAW1	1.13	-1.12	1.1	-1.02	0.307	1.0	0.9995901155158834
DAXX	486.0	-0.09	0.1	-0.928	0.354	1.0	0.9995901155158834
DAZAP1	933.0	-0.0	0.08	-0.0315	0.975	1.0	0.9995901155158834
DAZAP2	502.0	0.01	0.1	0.121	0.903	1.0	0.9995901155158834
DBF4	168.0	-0.01	0.11	-0.111	0.912	1.0	0.9995901155158834
DBF4B	32.0	0.15	0.24	0.632	0.528	1.0	0.9995901155158834
DBI	5290.0	0.03	0.06	0.427	0.669	1.0	0.9995901155158834
DBN1	6620.0	-0.08	0.09	-0.931	0.352	1.0	0.9995901155158834
DBNDD1	1.53	0.92	1.06	0.87	0.385	1.0	0.9995901155158834
DBNDD2	17.8	-0.29	0.27	-1.07	0.283	1.0	0.9995901155158834
DBNL	941.0	-0.06	0.07	-0.841	0.4	1.0	0.9995901155158834
DBP	3.2	1.28	0.64	2.0	0.0454	1.0	0.9995901155158834
DBR1	408.0	0.04	0.08	0.465	0.642	1.0	0.9995901155158834
DBT	174.0	-0.06	0.1	-0.588	0.556	1.0	0.9995901155158834
DCAF1	390.0	-0.01	0.1	-0.0766	0.939	1.0	0.9995901155158834
DCAF10	153.0	0.02	0.13	0.181	0.857	1.0	0.9995901155158834
DCAF11	326.0	-0.17	0.1	-1.7	0.089	1.0	0.9995901155158834
DCAF12	488.0	0.07	0.08	0.815	0.415	1.0	0.9995901155158834
DCAF12L2	2.43	1.09	0.8	1.36	0.174	1.0	0.9995901155158834
DCAF13	914.0	-0.01	0.11	-0.0546	0.956	1.0	0.9995901155158834
DCAF15	129.0	-0.15	0.14	-1.04	0.296	1.0	0.9995901155158834
DCAF16	214.0	0.1	0.11	0.91	0.363	1.0	0.9995901155158834
DCAF17	204.0	0.06	0.14	0.444	0.657	1.0	0.9995901155158834
DCAF4	67.4	0.0	0.18	0.0271	0.978	1.0	0.9995901155158834
DCAF4L1	3.64	-0.52	0.63	-0.839	0.401	1.0	0.9995901155158834
DCAF4L2	0.668	-0.5	1.61	-0.312	0.755	1.0	0.9995901155158834
DCAF5	470.0	0.02	0.09	0.172	0.863	1.0	0.9995901155158834
DCAF6	588.0	0.08	0.1	0.805	0.421	1.0	0.9995901155158834
DCAF7	1210.0	-0.02	0.07	-0.294	0.768	1.0	0.9995901155158834
DCAF8	606.0	-0.03	0.09	-0.28	0.779	1.0	0.9995901155158834
DCAKD	78.3	0.02	0.17	0.146	0.884	1.0	0.9995901155158834
DCBLD1	2400.0	0.03	0.07	0.471	0.638	1.0	0.9995901155158834
DCBLD2	481.0	0.09	0.12	0.743	0.457	1.0	0.9995901155158834
DCC	16.3	0.32	0.28	1.11	0.267	1.0	0.9995901155158834
DCDC1	1.35	-1.45	1.19	-1.22	0.222	1.0	0.9995901155158834
DCDC2	5.2	-0.46	0.61	-0.754	0.451	1.0	0.9995901155158834
DCDC2B	1.09	-0.44	1.12	-0.388	0.698	1.0	0.9995901155158834
DCDC2C	1.02	0.23	1.19	0.19	0.85	1.0	0.9995901155158834
DCHS1	1250.0	-0.05	0.12	-0.454	0.65	1.0	0.9995901155158834
DCK	614.0	0.09	0.11	0.813	0.416	1.0	0.9995901155158834
DCLK1	133.0	0.23	0.2	1.15	0.249	1.0	0.9995901155158834
DCLK2	70.9	0.08	0.17	0.45	0.653	1.0	0.9995901155158834
DCLK3	7.6	-0.09	0.49	-0.176	0.861	1.0	0.9995901155158834
DCLRE1A	157.0	-0.17	0.11	-1.58	0.114	1.0	0.9995901155158834
DCLRE1B	122.0	-0.0	0.11	-0.0405	0.968	1.0	0.9995901155158834
DCLRE1C	58.0	0.21	0.18	1.12	0.264	1.0	0.9995901155158834
DCP1A	241.0	0.08	0.1	0.86	0.39	1.0	0.9995901155158834
DCP1B	78.1	-0.03	0.15	-0.198	0.843	1.0	0.9995901155158834
DCP2	616.0	0.08	0.1	0.849	0.396	1.0	0.9995901155158834
DCPS	80.0	-0.01	0.18	-0.06	0.952	1.0	0.9995901155158834
DCST1	0.749	-1.47	1.43	-1.02	0.306	1.0	0.9995901155158834
DCTD	290.0	0.01	0.12	0.0741	0.941	1.0	0.9995901155158834
DCTN1	3730.0	-0.13	0.1	-1.27	0.206	1.0	0.9995901155158834
DCTN2	618.0	-0.05	0.08	-0.619	0.536	1.0	0.9995901155158834
DCTN3	175.0	-0.13	0.17	-0.737	0.461	1.0	0.9995901155158834
DCTN4	342.0	0.07	0.09	0.753	0.451	1.0	0.9995901155158834
DCTN5	936.0	0.03	0.14	0.183	0.855	1.0	0.9995901155158834
DCTN6	113.0	-0.05	0.15	-0.346	0.73	1.0	0.9995901155158834
DCTPP1	129.0	0.14	0.15	0.921	0.357	1.0	0.9995901155158834
DCUN1D1	327.0	0.07	0.11	0.652	0.514	1.0	0.9995901155158834
DCUN1D2	83.6	0.17	0.14	1.15	0.251	1.0	0.9995901155158834
DCUN1D3	107.0	-0.18	0.13	-1.34	0.182	1.0	0.9995901155158834
DCUN1D4	359.0	0.03	0.1	0.282	0.778	1.0	0.9995901155158834
DCUN1D5	882.0	0.03	0.11	0.282	0.778	1.0	0.9995901155158834
DCXR	35.3	0.23	0.25	0.916	0.36	1.0	0.9995901155158834
DDA1	329.0	-0.05	0.09	-0.552	0.581	1.0	0.9995901155158834
DDAH1	548.0	0.12	0.15	0.848	0.396	1.0	0.9995901155158834
DDAH2	442.0	0.06	0.1	0.544	0.587	1.0	0.9995901155158834
DDB1	2790.0	0.02	0.06	0.274	0.784	1.0	0.9995901155158834
DDB2	90.8	0.02	0.15	0.109	0.913	1.0	0.9995901155158834
DDC	0.722	-1.41	1.84	-0.764	0.445	1.0	0.9995901155158834
DDHD1	275.0	-0.06	0.08	-0.668	0.504	1.0	0.9995901155158834
DDHD2	604.0	-0.05	0.07	-0.748	0.455	1.0	0.9995901155158834
DDI2	678.0	0.11	0.1	1.07	0.284	1.0	0.9995901155158834
DDIAS	59.0	0.07	0.17	0.427	0.669	1.0	0.9995901155158834
DDIT3	58.0	-0.34	0.17	-2.0	0.0453	1.0	0.9995901155158834
DDIT4	129.0	0.06	0.15	0.412	0.68	1.0	0.9995901155158834
DDIT4L	1.91	-0.32	0.87	-0.37	0.711	1.0	0.9995901155158834
DDN	0.484	0.57	1.79	0.317	0.751	1.0	0.9995901155158834
DDO	1.54	-0.94	1.02	-0.917	0.359	1.0	0.9995901155158834
DDOST	1130.0	0.1	0.12	0.844	0.399	1.0	0.9995901155158834
DDR1	94.3	-0.14	0.17	-0.811	0.418	1.0	0.9995901155158834
DDR2	7.04	0.27	0.44	0.608	0.543	1.0	0.9995901155158834
DDRGK1	584.0	-0.15	0.13	-1.13	0.261	1.0	0.9995901155158834
DDT	73.2	0.35	0.16	2.14	0.0322	1.0	0.9995901155158834
DDTL	8.36	0.58	0.39	1.5	0.134	1.0	0.9995901155158834
DDX1	1540.0	-0.04	0.07	-0.574	0.566	1.0	0.9995901155158834
DDX10	688.0	0.07	0.1	0.722	0.47	1.0	0.9995901155158834
DDX11	228.0	0.05	0.13	0.421	0.674	1.0	0.9995901155158834
DDX17	2580.0	0.11	0.1	1.11	0.268	1.0	0.9995901155158834
DDX18	1320.0	-0.0	0.06	-0.022	0.982	1.0	0.9995901155158834
DDX19A	566.0	0.04	0.09	0.408	0.683	1.0	0.9995901155158834
DDX19B	180.0	-0.09	0.11	-0.809	0.419	1.0	0.9995901155158834
DDX20	250.0	0.13	0.13	1.02	0.31	1.0	0.9995901155158834
DDX21	2140.0	0.09	0.09	0.952	0.341	1.0	0.9995901155158834
DDX23	1830.0	-0.03	0.1	-0.272	0.786	1.0	0.9995901155158834
DDX24	1150.0	-0.03	0.07	-0.481	0.631	1.0	0.9995901155158834
DDX25	10.1	0.6	0.36	1.65	0.099	1.0	0.9995901155158834
DDX27	545.0	-0.02	0.09	-0.183	0.855	1.0	0.9995901155158834
DDX28	36.4	0.12	0.26	0.459	0.646	1.0	0.9995901155158834
DDX31	136.0	0.05	0.19	0.291	0.771	1.0	0.9995901155158834
DDX39A	251.0	-0.11	0.1	-1.01	0.311	1.0	0.9995901155158834
DDX39B	1200.0	0.05	0.08	0.61	0.542	1.0	0.9995901155158834
DDX3X	4790.0	-0.03	0.08	-0.385	0.7	1.0	0.9995901155158834
DDX41	527.0	-0.04	0.07	-0.568	0.57	1.0	0.9995901155158834
DDX42	2400.0	-0.04	0.07	-0.516	0.606	1.0	0.9995901155158834
DDX46	2620.0	-0.04	0.12	-0.314	0.753	1.0	0.9995901155158834
DDX47	544.0	-0.04	0.07	-0.584	0.559	1.0	0.9995901155158834
DDX49	174.0	0.01	0.13	0.0551	0.956	1.0	0.9995901155158834
DDX5	6630.0	0.01	0.08	0.119	0.905	1.0	0.9995901155158834
DDX50	507.0	-0.01	0.08	-0.0812	0.935	1.0	0.9995901155158834
DDX51	44.6	0.06	0.26	0.248	0.804	1.0	0.9995901155158834
DDX52	647.0	0.01	0.07	0.114	0.909	1.0	0.9995901155158834
DDX54	659.0	-0.12	0.09	-1.4	0.163	1.0	0.9995901155158834
DDX55	219.0	0.1	0.11	0.921	0.357	1.0	0.9995901155158834
DDX56	159.0	0.03	0.12	0.217	0.828	1.0	0.9995901155158834
DDX58	198.0	0.05	0.13	0.371	0.711	1.0	0.9995901155158834
DDX59	163.0	-0.11	0.11	-0.98	0.327	1.0	0.9995901155158834
DDX6	1490.0	0.07	0.08	0.901	0.368	1.0	0.9995901155158834
DDX60	42.6	0.18	0.21	0.872	0.383	1.0	0.9995901155158834
DDX60L	82.0	0.2	0.22	0.936	0.349	1.0	0.9995901155158834
DEAF1	183.0	-0.1	0.14	-0.705	0.481	1.0	0.9995901155158834
DECR1	238.0	-0.04	0.1	-0.351	0.726	1.0	0.9995901155158834
DECR2	15.4	-0.1	0.31	-0.322	0.747	1.0	0.9995901155158834
DEDD	272.0	0.03	0.1	0.306	0.76	1.0	0.9995901155158834
DEDD2	37.0	-0.14	0.22	-0.649	0.517	1.0	0.9995901155158834
DEF6	14.3	0.1	0.29	0.355	0.722	1.0	0.9995901155158834
DEF8	249.0	-0.09	0.13	-0.672	0.502	1.0	0.9995901155158834
DEFB105A	1.28	0.33	1.08	0.302	0.763	1.0	0.9995901155158834
DEFB131A	0.522	-0.7	1.77	-0.396	0.692	1.0	0.9995901155158834
DEGS1	899.0	-0.04	0.09	-0.431	0.666	1.0	0.9995901155158834
DEK	1080.0	0.02	0.08	0.286	0.775	1.0	0.9995901155158834
DELE1	127.0	-0.39	0.14	-2.72	0.00646	1.0	0.9995901155158834
DENND10	231.0	-0.05	0.1	-0.472	0.637	1.0	0.9995901155158834
DENND11	2100.0	0.03	0.1	0.344	0.731	1.0	0.9995901155158834
DENND1A	50.2	0.11	0.17	0.664	0.506	1.0	0.9995901155158834
DENND1B	40.4	0.01	0.22	0.0394	0.969	1.0	0.9995901155158834
DENND2A	346.0	-0.06	0.12	-0.469	0.639	1.0	0.9995901155158834
DENND2B	151.0	-0.04	0.12	-0.321	0.748	1.0	0.9995901155158834
DENND2C	68.3	0.12	0.13	0.887	0.375	1.0	0.9995901155158834
DENND3	130.0	0.02	0.15	0.104	0.917	1.0	0.9995901155158834
DENND4A	205.0	0.17	0.11	1.53	0.127	1.0	0.9995901155158834
DENND4B	194.0	0.04	0.12	0.317	0.751	1.0	0.9995901155158834
DENND4C	543.0	0.04	0.1	0.35	0.726	1.0	0.9995901155158834
DENND5A	819.0	-0.04	0.07	-0.522	0.602	1.0	0.9995901155158834
DENND5B	493.0	-0.08	0.14	-0.563	0.573	1.0	0.9995901155158834
DENND6A	423.0	0.03	0.09	0.363	0.717	1.0	0.9995901155158834
DENND6B	5.29	0.49	0.6	0.817	0.414	1.0	0.9995901155158834
DENR	1320.0	0.03	0.06	0.517	0.605	1.0	0.9995901155158834
DEPDC1	68.7	0.08	0.16	0.465	0.642	1.0	0.9995901155158834
DEPDC1B	69.0	-0.03	0.16	-0.179	0.858	1.0	0.9995901155158834
DEPDC4	15.9	0.45	0.3	1.47	0.141	1.0	0.9995901155158834
DEPDC5	127.0	-0.01	0.14	-0.0982	0.922	1.0	0.9995901155158834
DEPDC7	9.91	0.16	0.38	0.426	0.67	1.0	0.9995901155158834
DEPP1	195.0	0.15	0.3	0.503	0.615	1.0	0.9995901155158834
DEPTOR	52.2	0.06	0.19	0.298	0.766	1.0	0.9995901155158834
DERA	228.0	-0.0	0.13	-0.0223	0.982	1.0	0.9995901155158834
DERL1	766.0	-0.01	0.09	-0.0584	0.953	1.0	0.9995901155158834
DERL2	280.0	0.07	0.12	0.533	0.594	1.0	0.9995901155158834
DERL3	0.952	-2.69	1.72	-1.56	0.118	1.0	0.9995901155158834
DERPC	140.0	0.13	0.27	0.472	0.637	1.0	0.9995901155158834
DESI1	220.0	0.19	0.13	1.46	0.145	1.0	0.9995901155158834
DESI2	746.0	0.12	0.11	1.15	0.252	1.0	0.9995901155158834
DET1	23.4	-0.09	0.25	-0.347	0.729	1.0	0.9995901155158834
DEUP1	1.31	1.88	1.06	1.78	0.0743	1.0	0.9995901155158834
DEXI	64.9	-0.18	0.21	-0.836	0.403	1.0	0.9995901155158834
DFFA	744.0	0.08	0.07	1.21	0.228	1.0	0.9995901155158834
DFFB	49.1	0.21	0.2	1.09	0.274	1.0	0.9995901155158834
DGAT1	25.9	0.24	0.26	0.95	0.342	1.0	0.9995901155158834
DGAT2	0.64	1.68	1.43	1.18	0.239	1.0	0.9995901155158834
DGCR2	417.0	0.01	0.09	0.132	0.895	1.0	0.9995901155158834
DGCR6	8.85	0.38	0.48	0.804	0.421	1.0	0.9995901155158834
DGCR6L	103.0	-0.07	0.19	-0.341	0.733	1.0	0.9995901155158834
DGCR8	537.0	0.01	0.1	0.0942	0.925	1.0	0.9995901155158834
DGKA	65.5	-0.05	0.18	-0.274	0.784	1.0	0.9995901155158834
DGKB	7.61	0.13	0.43	0.295	0.768	1.0	0.9995901155158834
DGKD	162.0	0.15	0.13	1.16	0.245	1.0	0.9995901155158834
DGKE	44.7	-0.01	0.18	-0.0442	0.965	1.0	0.9995901155158834
DGKG	1.06	-0.86	1.22	-0.703	0.482	1.0	0.9995901155158834
DGKH	493.0	0.19	0.13	1.4	0.162	1.0	0.9995901155158834
DGKI	11.2	0.08	0.39	0.197	0.844	1.0	0.9995901155158834
DGKK	22.0	-0.19	0.3	-0.642	0.521	1.0	0.9995901155158834
DGKQ	76.3	0.12	0.15	0.753	0.452	1.0	0.9995901155158834
DGKZ	312.0	-0.16	0.15	-1.02	0.309	1.0	0.9995901155158834
DGLUCY	54.9	0.02	0.17	0.145	0.884	1.0	0.9995901155158834
DGUOK	128.0	0.06	0.14	0.456	0.648	1.0	0.9995901155158834
DHCR24	3370.0	-0.01	0.1	-0.104	0.918	1.0	0.9995901155158834
DHCR7	433.0	-0.1	0.13	-0.779	0.436	1.0	0.9995901155158834
DHDDS	403.0	0.01	0.09	0.163	0.871	1.0	0.9995901155158834
DHDH	0.645	-0.15	1.7	-0.0858	0.932	1.0	0.9995901155158834
DHFR	334.0	0.05	0.09	0.543	0.587	1.0	0.9995901155158834
DHFR2	82.5	0.16	0.14	1.11	0.268	1.0	0.9995901155158834
DHH	5.25	0.92	0.51	1.79	0.0736	1.0	0.9995901155158834
DHODH	96.9	-0.1	0.12	-0.839	0.401	1.0	0.9995901155158834
DHPS	94.5	-0.22	0.14	-1.58	0.114	1.0	0.9995901155158834
DHRS1	104.0	-0.13	0.13	-0.962	0.336	1.0	0.9995901155158834
DHRS11	4.26	-0.06	0.62	-0.0936	0.925	1.0	0.9995901155158834
DHRS12	52.7	-0.04	0.18	-0.19	0.849	1.0	0.9995901155158834
DHRS13	35.0	-0.0	0.23	-0.017	0.986	1.0	0.9995901155158834
DHRS3	120.0	0.15	0.21	0.709	0.478	1.0	0.9995901155158834
DHRS4	173.0	-0.05	0.12	-0.401	0.689	1.0	0.9995901155158834
DHRS4L2	101.0	0.38	0.17	2.18	0.0295	1.0	0.9995901155158834
DHRS7	601.0	0.06	0.06	1.05	0.295	1.0	0.9995901155158834
DHRS7B	81.9	-0.08	0.15	-0.558	0.577	1.0	0.9995901155158834
DHRSX	54.3	-0.07	0.15	-0.432	0.666	1.0	0.9995901155158834
DHTKD1	171.0	0.08	0.11	0.778	0.437	1.0	0.9995901155158834
DHX15	1390.0	-0.06	0.06	-1.03	0.301	1.0	0.9995901155158834
DHX16	574.0	-0.07	0.11	-0.594	0.552	1.0	0.9995901155158834
DHX29	372.0	0.08	0.1	0.821	0.412	1.0	0.9995901155158834
DHX30	390.0	-0.16	0.1	-1.51	0.13	1.0	0.9995901155158834
DHX32	219.0	0.05	0.11	0.422	0.673	1.0	0.9995901155158834
DHX33	257.0	-0.03	0.1	-0.289	0.773	1.0	0.9995901155158834
DHX34	165.0	0.13	0.11	1.15	0.251	1.0	0.9995901155158834
DHX35	101.0	0.09	0.12	0.766	0.444	1.0	0.9995901155158834
DHX36	613.0	-0.02	0.07	-0.216	0.829	1.0	0.9995901155158834
DHX37	298.0	-0.03	0.1	-0.263	0.793	1.0	0.9995901155158834
DHX38	1370.0	-0.06	0.11	-0.5	0.617	1.0	0.9995901155158834
DHX40	463.0	-0.04	0.09	-0.435	0.663	1.0	0.9995901155158834
DHX57	326.0	0.09	0.09	1.04	0.3	1.0	0.9995901155158834
DHX8	367.0	-0.06	0.09	-0.688	0.492	1.0	0.9995901155158834
DHX9	2440.0	-0.01	0.06	-0.213	0.831	1.0	0.9995901155158834
DIABLO	377.0	-0.02	0.09	-0.253	0.8	1.0	0.9995901155158834
DIAPH1	1910.0	-0.03	0.07	-0.412	0.681	1.0	0.9995901155158834
DIAPH2	111.0	0.29	0.15	1.89	0.059	1.0	0.9995901155158834
DIAPH3	140.0	-0.15	0.16	-0.935	0.35	1.0	0.9995901155158834
DICER1	1460.0	0.0	0.12	0.0202	0.984	1.0	0.9995901155158834
DIDO1	623.0	0.0	0.08	0.0206	0.984	1.0	0.9995901155158834
DIMT1	128.0	-0.04	0.14	-0.273	0.785	1.0	0.9995901155158834
DIO2	1.46	-0.39	0.98	-0.394	0.694	1.0	0.9995901155158834
DIO3	2.97	-0.22	0.68	-0.319	0.75	1.0	0.9995901155158834
DIP2A	396.0	0.04	0.09	0.443	0.658	1.0	0.9995901155158834
DIP2B	668.0	0.01	0.1	0.0761	0.939	1.0	0.9995901155158834
DIP2C	193.0	0.14	0.11	1.27	0.205	1.0	0.9995901155158834
DIPK1A	158.0	0.1	0.14	0.72	0.471	1.0	0.9995901155158834
DIPK1B	403.0	-0.18	0.13	-1.42	0.154	1.0	0.9995901155158834
DIPK1C	104.0	-0.04	0.19	-0.227	0.82	1.0	0.9995901155158834
DIPK2A	261.0	0.01	0.15	0.0399	0.968	1.0	0.9995901155158834
DIPK2B	352.0	-0.03	0.1	-0.317	0.751	1.0	0.9995901155158834
DIRAS1	6.77	0.13	0.48	0.268	0.789	1.0	0.9995901155158834
DIRAS3	3.51	0.21	0.64	0.322	0.747	1.0	0.9995901155158834
DIS3	659.0	0.03	0.1	0.342	0.732	1.0	0.9995901155158834
DIS3L	241.0	-0.05	0.09	-0.494	0.621	1.0	0.9995901155158834
DIS3L2	204.0	-0.0	0.15	-0.00432	0.997	1.0	0.9995901155158834
DISC1	251.0	-0.21	0.17	-1.23	0.219	1.0	0.9995901155158834
DISP1	60.4	-0.03	0.16	-0.169	0.866	1.0	0.9995901155158834
DISP2	8.75	-0.01	0.45	-0.0305	0.976	1.0	0.9995901155158834
DISP3	2.34	0.05	0.72	0.0686	0.945	1.0	0.9995901155158834
DIXDC1	95.2	0.05	0.13	0.373	0.709	1.0	0.9995901155158834
DKC1	912.0	-0.02	0.1	-0.23	0.818	1.0	0.9995901155158834
DKK1	241.0	-0.07	0.18	-0.424	0.671	1.0	0.9995901155158834
DKK2	206.0	-0.16	0.14	-1.13	0.258	1.0	0.9995901155158834
DKK3	327.0	-0.07	0.13	-0.565	0.572	1.0	0.9995901155158834
DKKL1	1.47	0.63	0.98	0.642	0.521	1.0	0.9995901155158834
DLAT	308.0	-0.1	0.09	-1.06	0.288	1.0	0.9995901155158834
DLC1	1310.0	0.08	0.09	0.941	0.347	1.0	0.9995901155158834
DLD	2210.0	-0.02	0.09	-0.172	0.863	1.0	0.9995901155158834
DLEC1	1.36	-0.64	0.95	-0.68	0.496	1.0	0.9995901155158834
DLEU7	1.41	0.29	1.01	0.288	0.773	1.0	0.9995901155158834
DLG1	482.0	0.01	0.07	0.114	0.909	1.0	0.9995901155158834
DLG2	12.8	-0.11	0.4	-0.271	0.787	1.0	0.9995901155158834
DLG3	94.5	-0.07	0.13	-0.487	0.627	1.0	0.9995901155158834
DLG4	185.0	-0.04	0.11	-0.321	0.748	1.0	0.9995901155158834
DLG5	391.0	-0.04	0.09	-0.469	0.639	1.0	0.9995901155158834
DLGAP1	13.7	-0.01	0.37	-0.0221	0.982	1.0	0.9995901155158834
DLGAP3	10.3	-0.1	0.48	-0.207	0.836	1.0	0.9995901155158834
DLGAP4	699.0	0.06	0.07	0.775	0.438	1.0	0.9995901155158834
DLGAP5	221.0	-0.14	0.11	-1.28	0.2	1.0	0.9995901155158834
DLK1	12.0	0.21	0.37	0.579	0.563	1.0	0.9995901155158834
DLK2	1.83	1.07	1.12	0.949	0.342	1.0	0.9995901155158834
DLL1	22.5	0.07	0.27	0.279	0.78	1.0	0.9995901155158834
DLL3	5.6	0.3	0.47	0.64	0.522	1.0	0.9995901155158834
DLL4	3940.0	-0.11	0.09	-1.21	0.227	1.0	0.9995901155158834
DLST	436.0	0.07	0.11	0.625	0.532	1.0	0.9995901155158834
DLX1	2.76	0.82	0.73	1.13	0.26	1.0	0.9995901155158834
DLX2	9.38	0.86	0.43	2.02	0.0434	1.0	0.9995901155158834
DMAC1	280.0	-0.04	0.13	-0.332	0.74	1.0	0.9995901155158834
DMAC2	234.0	0.07	0.12	0.538	0.591	1.0	0.9995901155158834
DMAC2L	33.5	0.58	0.22	2.62	0.00879	1.0	0.9995901155158834
DMAP1	137.0	-0.07	0.15	-0.449	0.654	1.0	0.9995901155158834
DMC1	12.5	0.01	0.38	0.0277	0.978	1.0	0.9995901155158834
DMD	49.5	-0.06	0.18	-0.337	0.736	1.0	0.9995901155158834
DMKN	4.18	-0.49	0.69	-0.71	0.478	1.0	0.9995901155158834
DMPK	150.0	0.04	0.17	0.249	0.803	1.0	0.9995901155158834
DMRTA1	35.5	0.34	0.21	1.66	0.0975	1.0	0.9995901155158834
DMRTC1	0.815	1.03	1.6	0.645	0.519	1.0	0.9995901155158834
DMRTC1B	4.99	-0.76	0.61	-1.25	0.212	1.0	0.9995901155158834
DMTF1	310.0	0.04	0.1	0.416	0.678	1.0	0.9995901155158834
DMTN	32.3	-0.45	0.23	-1.95	0.0514	1.0	0.9995901155158834
DMWD	93.2	-0.02	0.15	-0.116	0.907	1.0	0.9995901155158834
DMXL1	268.0	-0.06	0.12	-0.533	0.594	1.0	0.9995901155158834
DMXL2	273.0	-0.01	0.15	-0.0894	0.929	1.0	0.9995901155158834
DNA2	93.6	0.2	0.13	1.5	0.134	1.0	0.9995901155158834
DNAAF1	0.848	-0.61	1.2	-0.507	0.612	1.0	0.9995901155158834
DNAAF10	167.0	0.03	0.14	0.227	0.82	1.0	0.9995901155158834
DNAAF11	32.5	-0.25	0.25	-1.01	0.313	1.0	0.9995901155158834
DNAAF2	138.0	-0.17	0.14	-1.19	0.236	1.0	0.9995901155158834
DNAAF3	1.44	1.07	1.17	0.913	0.361	1.0	0.9995901155158834
DNAAF4	95.9	-0.17	0.17	-0.968	0.333	1.0	0.9995901155158834
DNAAF5	113.0	-0.13	0.15	-0.907	0.364	1.0	0.9995901155158834
DNAAF6	1.23	-1.2	1.16	-1.04	0.298	1.0	0.9995901155158834
DNAAF8	0.393	-1.46	1.85	-0.787	0.431	1.0	0.9995901155158834
DNAAF9	387.0	0.07	0.1	0.673	0.501	1.0	0.9995901155158834
DNAH1	18.0	-0.35	0.34	-1.03	0.305	1.0	0.9995901155158834
DNAH10	14.2	0.18	0.29	0.628	0.53	1.0	0.9995901155158834
DNAH11	4.02	-0.35	0.6	-0.586	0.558	1.0	0.9995901155158834
DNAH14	27.5	-0.04	0.38	-0.107	0.915	1.0	0.9995901155158834
DNAH17	2.53	-0.5	0.76	-0.658	0.51	1.0	0.9995901155158834
DNAH2	0.847	0.14	1.7	0.0836	0.933	1.0	0.9995901155158834
DNAH5	18.8	-0.11	0.25	-0.431	0.667	1.0	0.9995901155158834
DNAH6	3.53	0.39	0.66	0.583	0.56	1.0	0.9995901155158834
DNAH7	3.66	0.04	0.61	0.068	0.946	1.0	0.9995901155158834
DNAH9	1.71	0.61	1.3	0.47	0.639	1.0	0.9995901155158834
DNAI3	9.76	0.07	0.33	0.223	0.823	1.0	0.9995901155158834
DNAI4	17.2	-0.12	0.31	-0.393	0.694	1.0	0.9995901155158834
DNAJA1	6480.0	0.04	0.08	0.444	0.657	1.0	0.9995901155158834
DNAJA2	1480.0	-0.02	0.06	-0.383	0.701	1.0	0.9995901155158834
DNAJA3	245.0	0.06	0.1	0.656	0.512	1.0	0.9995901155158834
DNAJA4	1.0	-0.74	1.2	-0.615	0.539	1.0	0.9995901155158834
DNAJB1	395.0	-0.15	0.09	-1.69	0.0914	1.0	0.9995901155158834
DNAJB11	1740.0	0.04	0.07	0.573	0.567	1.0	0.9995901155158834
DNAJB12	172.0	-0.01	0.14	-0.0564	0.955	1.0	0.9995901155158834
DNAJB14	1150.0	-0.09	0.13	-0.67	0.503	1.0	0.9995901155158834
DNAJB2	383.0	0.05	0.09	0.604	0.546	1.0	0.9995901155158834
DNAJB4	402.0	0.01	0.11	0.0858	0.932	1.0	0.9995901155158834
DNAJB5	44.0	-0.13	0.19	-0.702	0.483	1.0	0.9995901155158834
DNAJB6	2060.0	-0.01	0.1	-0.0599	0.952	1.0	0.9995901155158834
DNAJB7	1.32	1.99	1.47	1.35	0.176	1.0	0.9995901155158834
DNAJB9	171.0	0.12	0.13	0.938	0.348	1.0	0.9995901155158834
DNAJC1	364.0	-0.03	0.09	-0.395	0.693	1.0	0.9995901155158834
DNAJC10	2390.0	-0.04	0.06	-0.584	0.559	1.0	0.9995901155158834
DNAJC11	648.0	-0.01	0.08	-0.102	0.919	1.0	0.9995901155158834
DNAJC12	0.617	2.86	1.75	1.63	0.102	1.0	0.9995901155158834
DNAJC13	1030.0	-0.08	0.1	-0.822	0.411	1.0	0.9995901155158834
DNAJC14	706.0	0.07	0.08	0.895	0.371	1.0	0.9995901155158834
DNAJC15	0.549	-1.4	1.63	-0.862	0.389	1.0	0.9995901155158834
DNAJC16	297.0	0.07	0.1	0.743	0.457	1.0	0.9995901155158834
DNAJC17	141.0	0.01	0.13	0.102	0.919	1.0	0.9995901155158834
DNAJC18	58.2	-0.03	0.14	-0.21	0.834	1.0	0.9995901155158834
DNAJC19	102.0	-0.14	0.13	-1.05	0.293	1.0	0.9995901155158834
DNAJC2	973.0	-0.02	0.08	-0.201	0.841	1.0	0.9995901155158834
DNAJC21	1050.0	-0.05	0.1	-0.485	0.628	1.0	0.9995901155158834
DNAJC22	12.0	0.65	0.35	1.84	0.0652	1.0	0.9995901155158834
DNAJC24	104.0	0.24	0.12	1.98	0.048	1.0	0.9995901155158834
DNAJC25	268.0	0.01	0.1	0.113	0.91	1.0	0.9995901155158834
DNAJC27	18.2	-0.02	0.27	-0.0878	0.93	1.0	0.9995901155158834
DNAJC28	12.2	0.14	0.31	0.444	0.657	1.0	0.9995901155158834
DNAJC3	1160.0	0.04	0.08	0.481	0.631	1.0	0.9995901155158834
DNAJC30	46.5	-0.02	0.18	-0.138	0.891	1.0	0.9995901155158834
DNAJC4	15.6	0.32	0.32	1.03	0.304	1.0	0.9995901155158834
DNAJC5	800.0	0.08	0.07	1.08	0.282	1.0	0.9995901155158834
DNAJC6	35.0	-0.0	0.21	-0.000574	1.0	1.0	1.0
DNAJC7	1290.0	-0.01	0.08	-0.101	0.919	1.0	0.9995901155158834
DNAJC8	1780.0	-0.04	0.07	-0.542	0.588	1.0	0.9995901155158834
DNAJC9	643.0	-0.1	0.08	-1.23	0.22	1.0	0.9995901155158834
DNAL1	113.0	0.28	0.14	1.96	0.0495	1.0	0.9995901155158834
DNAL4	88.0	0.05	0.14	0.339	0.735	1.0	0.9995901155158834
DNALI1	49.0	0.06	0.18	0.347	0.729	1.0	0.9995901155158834
DNASE1	29.9	-0.03	0.26	-0.102	0.919	1.0	0.9995901155158834
DNASE1L1	83.9	-0.16	0.14	-1.13	0.258	1.0	0.9995901155158834
DNASE1L3	5.56	-0.74	0.64	-1.16	0.248	1.0	0.9995901155158834
DNASE2	53.0	-0.27	0.22	-1.2	0.23	1.0	0.9995901155158834
DND1	6.68	0.71	0.6	1.19	0.235	1.0	0.9995901155158834
DNER	2.01	-0.31	1.04	-0.297	0.767	1.0	0.9995901155158834
DNHD1	13.7	0.3	0.34	0.884	0.377	1.0	0.9995901155158834
DNLZ	22.6	-0.12	0.24	-0.484	0.628	1.0	0.9995901155158834
DNM1	17.6	-0.41	0.33	-1.27	0.205	1.0	0.9995901155158834
DNM1L	709.0	0.05	0.07	0.716	0.474	1.0	0.9995901155158834
DNM2	719.0	-0.06	0.09	-0.643	0.52	1.0	0.9995901155158834
DNM3	13.4	-0.63	0.4	-1.59	0.112	1.0	0.9995901155158834
DNMBP	592.0	-0.04	0.1	-0.43	0.668	1.0	0.9995901155158834
DNMT1	897.0	-0.07	0.08	-0.905	0.365	1.0	0.9995901155158834
DNMT3A	1060.0	-0.06	0.08	-0.771	0.441	1.0	0.9995901155158834
DNMT3B	235.0	-0.05	0.11	-0.508	0.611	1.0	0.9995901155158834
DNPEP	113.0	0.02	0.13	0.124	0.901	1.0	0.9995901155158834
DNPH1	83.2	-0.09	0.18	-0.531	0.596	1.0	0.9995901155158834
DNTTIP1	113.0	-0.01	0.14	-0.0853	0.932	1.0	0.9995901155158834
DNTTIP2	894.0	0.02	0.07	0.344	0.731	1.0	0.9995901155158834
DOC2B	3.42	0.68	0.75	0.912	0.362	1.0	0.9995901155158834
DOCK1	1250.0	-0.03	0.09	-0.343	0.731	1.0	0.9995901155158834
DOCK10	155.0	0.0	0.16	0.0213	0.983	1.0	0.9995901155158834
DOCK11	149.0	-0.01	0.11	-0.0964	0.923	1.0	0.9995901155158834
DOCK2	30.2	-0.41	0.3	-1.37	0.169	1.0	0.9995901155158834
DOCK3	3.81	0.73	0.63	1.15	0.251	1.0	0.9995901155158834
DOCK4	849.0	0.05	0.1	0.519	0.604	1.0	0.9995901155158834
DOCK5	81.7	-0.02	0.18	-0.118	0.906	1.0	0.9995901155158834
DOCK6	629.0	-0.02	0.11	-0.163	0.871	1.0	0.9995901155158834
DOCK7	490.0	0.0	0.09	0.0144	0.988	1.0	0.9995901155158834
DOCK8	14.2	-0.26	0.38	-0.694	0.488	1.0	0.9995901155158834
DOCK9	1190.0	0.01	0.11	0.117	0.907	1.0	0.9995901155158834
DOHH	41.7	-0.08	0.23	-0.336	0.737	1.0	0.9995901155158834
DOK1	105.0	0.1	0.14	0.682	0.495	1.0	0.9995901155158834
DOK2	1.1	-1.36	1.18	-1.15	0.249	1.0	0.9995901155158834
DOK3	11.9	0.45	0.43	1.06	0.289	1.0	0.9995901155158834
DOK4	156.0	-0.07	0.14	-0.498	0.619	1.0	0.9995901155158834
DOK5	94.7	-0.13	0.18	-0.743	0.458	1.0	0.9995901155158834
DOK6	41.4	0.25	0.19	1.33	0.184	1.0	0.9995901155158834
DOLK	162.0	-0.07	0.12	-0.642	0.521	1.0	0.9995901155158834
DOLPP1	257.0	-0.01	0.14	-0.0446	0.964	1.0	0.9995901155158834
DONSON	315.0	-0.03	0.12	-0.285	0.775	1.0	0.9995901155158834
DOP1A	159.0	0.09	0.12	0.797	0.425	1.0	0.9995901155158834
DOP1B	76.3	0.08	0.16	0.499	0.618	1.0	0.9995901155158834
DOT1L	286.0	0.04	0.12	0.307	0.759	1.0	0.9995901155158834
DPAGT1	73.4	-0.04	0.15	-0.262	0.793	1.0	0.9995901155158834
DPCD	48.3	-0.09	0.17	-0.519	0.604	1.0	0.9995901155158834
DPEP1	2.02	0.02	0.87	0.0221	0.982	1.0	0.9995901155158834
DPEP2	1.76	-0.42	0.89	-0.467	0.641	1.0	0.9995901155158834
DPF1	12.1	0.07	0.38	0.178	0.859	1.0	0.9995901155158834
DPF2	293.0	-0.07	0.1	-0.719	0.472	1.0	0.9995901155158834
DPF3	18.7	0.02	0.3	0.0535	0.957	1.0	0.9995901155158834
DPH1	42.3	0.27	0.2	1.31	0.189	1.0	0.9995901155158834
DPH2	124.0	0.18	0.17	1.04	0.3	1.0	0.9995901155158834
DPH3	427.0	0.03	0.09	0.367	0.714	1.0	0.9995901155158834
DPH5	185.0	-0.1	0.13	-0.722	0.47	1.0	0.9995901155158834
DPH6	15.1	-0.04	0.33	-0.112	0.911	1.0	0.9995901155158834
DPH7	74.9	0.04	0.18	0.212	0.832	1.0	0.9995901155158834
DPM1	564.0	-0.04	0.1	-0.385	0.7	1.0	0.9995901155158834
DPM2	55.4	0.39	0.2	1.91	0.0559	1.0	0.9995901155158834
DPM3	11.6	-0.14	0.41	-0.342	0.732	1.0	0.9995901155158834
DPP10	9.99	-0.3	0.43	-0.694	0.488	1.0	0.9995901155158834
DPP3	231.0	-0.16	0.14	-1.14	0.255	1.0	0.9995901155158834
DPP4	3.64	1.03	0.67	1.54	0.124	1.0	0.9995901155158834
DPP6	3.27	-0.65	0.69	-0.93	0.353	1.0	0.9995901155158834
DPP7	25.3	0.31	0.27	1.16	0.247	1.0	0.9995901155158834
DPP8	455.0	0.1	0.07	1.37	0.171	1.0	0.9995901155158834
DPP9	216.0	-0.08	0.14	-0.536	0.592	1.0	0.9995901155158834
DPPA2	1.29	-0.68	0.98	-0.689	0.491	1.0	0.9995901155158834
DPPA4	560.0	0.03	0.11	0.281	0.779	1.0	0.9995901155158834
DPY19L1	1640.0	0.07	0.09	0.756	0.45	1.0	0.9995901155158834
DPY19L2	41.1	0.64	0.26	2.46	0.0139	1.0	0.9995901155158834
DPY19L3	560.0	0.07	0.09	0.806	0.42	1.0	0.9995901155158834
DPY19L4	709.0	0.07	0.09	0.759	0.448	1.0	0.9995901155158834
DPY30	165.0	0.03	0.1	0.311	0.756	1.0	0.9995901155158834
DPYD	20.7	0.51	0.31	1.63	0.103	1.0	0.9995901155158834
DPYSL2	1060.0	0.02	0.08	0.273	0.785	1.0	0.9995901155158834
DPYSL3	556.0	-0.0	0.1	-0.0294	0.977	1.0	0.9995901155158834
DPYSL4	80.6	-0.31	0.19	-1.65	0.0982	1.0	0.9995901155158834
DPYSL5	1.02	1.44	1.12	1.29	0.198	1.0	0.9995901155158834
DR1	409.0	0.02	0.09	0.228	0.82	1.0	0.9995901155158834
DRAM1	467.0	0.04	0.09	0.385	0.7	1.0	0.9995901155158834
DRAM2	165.0	-0.04	0.14	-0.285	0.776	1.0	0.9995901155158834
DRAP1	535.0	-0.08	0.14	-0.601	0.548	1.0	0.9995901155158834
DRAXIN	7.68	-0.07	0.5	-0.145	0.885	1.0	0.9995901155158834
DRC3	6.33	-0.74	0.47	-1.59	0.111	1.0	0.9995901155158834
DRC7	0.594	-1.07	1.6	-0.67	0.503	1.0	0.9995901155158834
DRG1	469.0	0.0	0.09	0.0085	0.993	1.0	0.9995901155158834
DRG2	93.6	-0.08	0.17	-0.502	0.616	1.0	0.9995901155158834
DRICH1	0.396	-0.88	2.03	-0.432	0.666	1.0	0.9995901155158834
DROSHA	599.0	-0.01	0.07	-0.133	0.894	1.0	0.9995901155158834
DRP2	9.66	-0.23	0.45	-0.52	0.603	1.0	0.9995901155158834
DSC1	0.989	0.94	1.19	0.785	0.432	1.0	0.9995901155158834
DSC2	971.0	0.0	0.09	0.0549	0.956	1.0	0.9995901155158834
DSC3	13.3	0.75	0.3	2.49	0.0126	1.0	0.9995901155158834
DSCAM	0.881	1.84	1.35	1.36	0.173	1.0	0.9995901155158834
DSCAML1	0.517	-0.14	2.13	-0.068	0.946	1.0	0.9995901155158834
DSCC1	73.8	0.15	0.16	0.913	0.361	1.0	0.9995901155158834
DSE	112.0	-0.03	0.13	-0.224	0.823	1.0	0.9995901155158834
DSEL	126.0	0.02	0.14	0.165	0.869	1.0	0.9995901155158834
DSG2	467.0	-0.07	0.08	-0.905	0.366	1.0	0.9995901155158834
DSG3	3.94	-1.4	0.84	-1.68	0.0937	1.0	0.9995901155158834
DSN1	224.0	-0.1	0.11	-0.925	0.355	1.0	0.9995901155158834
DSP	2440.0	-0.05	0.14	-0.38	0.704	1.0	0.9995901155158834
DST	2530.0	0.05	0.2	0.258	0.797	1.0	0.9995901155158834
DSTN	4130.0	0.05	0.1	0.52	0.603	1.0	0.9995901155158834
DSTYK	340.0	0.11	0.09	1.2	0.229	1.0	0.9995901155158834
DTD1	291.0	0.01	0.1	0.0971	0.923	1.0	0.9995901155158834
DTD2	88.5	0.29	0.13	2.22	0.0262	1.0	0.9995901155158834
DTL	191.0	0.06	0.13	0.488	0.626	1.0	0.9995901155158834
DTNA	261.0	0.06	0.14	0.412	0.68	1.0	0.9995901155158834
DTNB	31.8	0.04	0.26	0.159	0.873	1.0	0.9995901155158834
DTNBP1	220.0	-0.21	0.1	-2.21	0.0268	1.0	0.9995901155158834
DTWD1	74.7	0.11	0.17	0.642	0.521	1.0	0.9995901155158834
DTWD2	39.8	0.07	0.2	0.369	0.712	1.0	0.9995901155158834
DTX1	23.5	-0.04	0.28	-0.148	0.882	1.0	0.9995901155158834
DTX2	54.9	-0.22	0.16	-1.35	0.178	1.0	0.9995901155158834
DTX3	19.1	0.12	0.31	0.389	0.697	1.0	0.9995901155158834
DTX3L	151.0	0.06	0.18	0.308	0.758	1.0	0.9995901155158834
DTX4	233.0	0.1	0.13	0.781	0.435	1.0	0.9995901155158834
DTYMK	337.0	-0.06	0.1	-0.545	0.586	1.0	0.9995901155158834
DUOX1	1.83	0.79	0.85	0.925	0.355	1.0	0.9995901155158834
DUOXA1	0.541	-0.88	1.77	-0.496	0.62	1.0	0.9995901155158834
DUS1L	308.0	0.03	0.14	0.236	0.814	1.0	0.9995901155158834
DUS2	69.3	-0.17	0.17	-1.01	0.311	1.0	0.9995901155158834
DUS3L	81.4	-0.07	0.14	-0.535	0.592	1.0	0.9995901155158834
DUS4L	36.2	-0.01	0.2	-0.0383	0.969	1.0	0.9995901155158834
DUS4L-BCAP29	65.1	-0.1	0.2	-0.495	0.621	1.0	0.9995901155158834
DUSP1	64.8	-0.03	0.21	-0.134	0.893	1.0	0.9995901155158834
DUSP10	14.6	-0.19	0.34	-0.564	0.572	1.0	0.9995901155158834
DUSP11	228.0	-0.06	0.13	-0.48	0.631	1.0	0.9995901155158834
DUSP12	160.0	-0.08	0.13	-0.641	0.522	1.0	0.9995901155158834
DUSP14	65.2	0.08	0.2	0.399	0.69	1.0	0.9995901155158834
DUSP15	2.56	-0.89	0.8	-1.12	0.265	1.0	0.9995901155158834
DUSP16	238.0	-0.13	0.11	-1.26	0.209	1.0	0.9995901155158834
DUSP18	42.5	-0.06	0.23	-0.249	0.803	1.0	0.9995901155158834
DUSP19	50.1	0.17	0.18	0.933	0.351	1.0	0.9995901155158834
DUSP22	221.0	0.09	0.14	0.673	0.501	1.0	0.9995901155158834
DUSP23	40.5	0.13	0.2	0.651	0.515	1.0	0.9995901155158834
DUSP28	20.8	0.35	0.28	1.24	0.215	1.0	0.9995901155158834
DUSP3	1040.0	0.04	0.09	0.443	0.658	1.0	0.9995901155158834
DUSP4	517.0	0.04	0.25	0.159	0.873	1.0	0.9995901155158834
DUSP5	749.0	0.09	0.13	0.713	0.476	1.0	0.9995901155158834
DUSP6	1760.0	0.05	0.1	0.488	0.626	1.0	0.9995901155158834
DUSP7	138.0	-0.04	0.15	-0.288	0.774	1.0	0.9995901155158834
DUSP8	37.5	0.24	0.26	0.932	0.352	1.0	0.9995901155158834
DUT	333.0	0.02	0.13	0.17	0.865	1.0	0.9995901155158834
DVL1	126.0	0.1	0.15	0.65	0.516	1.0	0.9995901155158834
DVL2	94.9	-0.1	0.15	-0.66	0.509	1.0	0.9995901155158834
DVL3	294.0	-0.04	0.08	-0.519	0.604	1.0	0.9995901155158834
DXO	16.6	0.06	0.42	0.151	0.88	1.0	0.9995901155158834
DYDC1	1.23	0.79	1.08	0.736	0.462	1.0	0.9995901155158834
DYDC2	0.951	0.56	1.25	0.45	0.653	1.0	0.9995901155158834
DYM	151.0	-0.02	0.13	-0.131	0.896	1.0	0.9995901155158834
DYNAP	4.72	-0.51	0.6	-0.845	0.398	1.0	0.9995901155158834
DYNC1H1	7640.0	-0.06	0.13	-0.458	0.647	1.0	0.9995901155158834
DYNC1I1	24.9	0.39	0.27	1.44	0.149	1.0	0.9995901155158834
DYNC1I2	1350.0	-0.01	0.08	-0.125	0.901	1.0	0.9995901155158834
DYNC1LI1	1230.0	0.03	0.06	0.515	0.607	1.0	0.9995901155158834
DYNC1LI2	2430.0	0.1	0.07	1.51	0.132	1.0	0.9995901155158834
DYNC2H1	117.0	-0.08	0.15	-0.552	0.581	1.0	0.9995901155158834
DYNC2I1	408.0	-0.02	0.11	-0.191	0.848	1.0	0.9995901155158834
DYNC2I2	96.1	-0.08	0.18	-0.436	0.663	1.0	0.9995901155158834
DYNC2LI1	107.0	0.05	0.13	0.4	0.689	1.0	0.9995901155158834
DYNLL1	1430.0	-0.01	0.08	-0.0721	0.943	1.0	0.9995901155158834
DYNLL2	694.0	0.03	0.11	0.306	0.759	1.0	0.9995901155158834
DYNLRB1	339.0	-0.03	0.11	-0.255	0.798	1.0	0.9995901155158834
DYNLT1	407.0	-0.14	0.1	-1.51	0.132	1.0	0.9995901155158834
DYNLT2	2.15	0.26	0.77	0.342	0.733	1.0	0.9995901155158834
DYNLT2B	59.2	-0.08	0.16	-0.524	0.6	1.0	0.9995901155158834
DYNLT3	293.0	0.03	0.11	0.24	0.81	1.0	0.9995901155158834
DYNLT4	0.478	0.56	1.83	0.304	0.761	1.0	0.9995901155158834
DYNLT5	33.1	-0.05	0.2	-0.261	0.794	1.0	0.9995901155158834
DYRK1A	587.0	0.06	0.08	0.723	0.47	1.0	0.9995901155158834
DYRK1B	26.5	-0.36	0.29	-1.26	0.208	1.0	0.9995901155158834
DYRK2	245.0	0.03	0.12	0.283	0.777	1.0	0.9995901155158834
DYRK3	87.9	0.05	0.13	0.364	0.716	1.0	0.9995901155158834
DYRK4	53.6	0.18	0.23	0.78	0.435	1.0	0.9995901155158834
DYSF	2530.0	-0.08	0.1	-0.782	0.434	1.0	0.9995901155158834
DYTN	0.592	-1.57	1.69	-0.931	0.352	1.0	0.9995901155158834
DZANK1	11.1	0.37	0.42	0.885	0.376	1.0	0.9995901155158834
DZIP1	654.0	0.02	0.08	0.243	0.808	1.0	0.9995901155158834
DZIP1L	48.3	0.07	0.23	0.306	0.759	1.0	0.9995901155158834
DZIP3	184.0	0.0	0.16	0.0301	0.976	1.0	0.9995901155158834
E2F1	142.0	-0.02	0.15	-0.133	0.894	1.0	0.9995901155158834
E2F2	10.0	-0.38	0.38	-1.02	0.31	1.0	0.9995901155158834
E2F3	298.0	0.03	0.11	0.326	0.744	1.0	0.9995901155158834
E2F4	147.0	0.15	0.13	1.16	0.247	1.0	0.9995901155158834
E2F5	111.0	0.02	0.13	0.161	0.872	1.0	0.9995901155158834
E2F6	141.0	-0.08	0.11	-0.74	0.46	1.0	0.9995901155158834
E2F7	42.8	-0.43	0.23	-1.87	0.0618	1.0	0.9995901155158834
E2F8	20.2	0.1	0.24	0.392	0.695	1.0	0.9995901155158834
E4F1	76.2	-0.16	0.14	-1.11	0.268	1.0	0.9995901155158834
EAF1	717.0	0.13	0.11	1.19	0.234	1.0	0.9995901155158834
EAF2	6.31	-0.32	0.49	-0.661	0.508	1.0	0.9995901155158834
EAPP	191.0	0.09	0.1	0.88	0.379	1.0	0.9995901155158834
EARS2	167.0	-0.16	0.11	-1.44	0.151	1.0	0.9995901155158834
EBAG9	106.0	0.04	0.12	0.368	0.713	1.0	0.9995901155158834
EBF1	45.6	0.04	0.19	0.199	0.842	1.0	0.9995901155158834
EBF2	0.833	0.58	1.64	0.352	0.725	1.0	0.9995901155158834
EBF3	4.7	0.02	0.6	0.03	0.976	1.0	0.9995901155158834
EBF4	14.6	0.13	0.36	0.361	0.718	1.0	0.9995901155158834
EBI3	41.5	0.59	0.42	1.4	0.163	1.0	0.9995901155158834
EBLN2	2.02	-0.07	0.81	-0.0879	0.93	1.0	0.9995901155158834
EBNA1BP2	1170.0	0.02	0.1	0.167	0.868	1.0	0.9995901155158834
EBP	457.0	-0.07	0.1	-0.649	0.517	1.0	0.9995901155158834
EBPL	115.0	0.18	0.18	1.02	0.308	1.0	0.9995901155158834
ECD	237.0	-0.21	0.1	-2.17	0.0298	1.0	0.9995901155158834
ECE1	3120.0	0.01	0.06	0.105	0.917	1.0	0.9995901155158834
ECH1	181.0	-0.13	0.14	-0.882	0.378	1.0	0.9995901155158834
ECHDC1	564.0	-0.04	0.08	-0.512	0.609	1.0	0.9995901155158834
ECHDC2	6.02	0.34	0.5	0.68	0.497	1.0	0.9995901155158834
ECHDC3	1.07	-1.1	1.52	-0.721	0.471	1.0	0.9995901155158834
ECHS1	229.0	0.07	0.12	0.645	0.519	1.0	0.9995901155158834
ECI1	41.5	0.08	0.21	0.4	0.689	1.0	0.9995901155158834
ECI2	393.0	0.04	0.09	0.444	0.657	1.0	0.9995901155158834
ECM1	32.3	-0.18	0.46	-0.387	0.699	1.0	0.9995901155158834
ECPAS	1760.0	0.02	0.09	0.269	0.788	1.0	0.9995901155158834
ECSCR	2030.0	-0.06	0.08	-0.678	0.498	1.0	0.9995901155158834
ECSIT	42.5	-0.47	0.23	-2.0	0.0453	1.0	0.9995901155158834
ECT2	247.0	0.03	0.09	0.304	0.761	1.0	0.9995901155158834
ECT2L	0.935	-0.66	1.43	-0.466	0.641	1.0	0.9995901155158834
EDA	21.0	-0.16	0.27	-0.599	0.549	1.0	0.9995901155158834
EDA2R	55.9	0.16	0.17	0.994	0.32	1.0	0.9995901155158834
EDAR	0.395	-0.89	1.86	-0.482	0.63	1.0	0.9995901155158834
EDARADD	33.1	0.05	0.18	0.273	0.785	1.0	0.9995901155158834
EDC3	323.0	-0.07	0.07	-0.948	0.343	1.0	0.9995901155158834
EDC4	337.0	0.01	0.09	0.143	0.886	1.0	0.9995901155158834
EDEM1	520.0	0.05	0.09	0.572	0.567	1.0	0.9995901155158834
EDEM2	215.0	-0.04	0.16	-0.246	0.806	1.0	0.9995901155158834
EDEM3	591.0	-0.09	0.1	-0.845	0.398	1.0	0.9995901155158834
EDF1	1090.0	-0.18	0.09	-1.98	0.0477	1.0	0.9995901155158834
EDIL3	2570.0	0.04	0.09	0.394	0.693	1.0	0.9995901155158834
EDN1	486.0	-0.05	0.11	-0.434	0.665	1.0	0.9995901155158834
EDNRA	7.44	0.17	0.53	0.329	0.742	1.0	0.9995901155158834
EDNRB	17.3	0.2	0.28	0.709	0.478	1.0	0.9995901155158834
EDRF1	157.0	-0.13	0.11	-1.17	0.242	1.0	0.9995901155158834
EEA1	1320.0	0.0	0.11	0.0152	0.988	1.0	0.9995901155158834
EED	138.0	-0.06	0.12	-0.558	0.577	1.0	0.9995901155158834
EEF1A1	49200.0	0.02	0.09	0.189	0.85	1.0	0.9995901155158834
EEF1AKMT1	57.0	-0.14	0.19	-0.741	0.459	1.0	0.9995901155158834
EEF1AKMT2	121.0	0.09	0.11	0.802	0.423	1.0	0.9995901155158834
EEF1AKMT3	28.8	-0.27	0.22	-1.23	0.218	1.0	0.9995901155158834
EEF1AKMT4	12.1	0.73	0.37	1.98	0.0474	1.0	0.9995901155158834
EEF1AKNMT	305.0	-0.0	0.09	-0.00383	0.997	1.0	0.9995901155158834
EEF1B2	3250.0	-0.1	0.07	-1.32	0.188	1.0	0.9995901155158834
EEF1D	1530.0	0.01	0.08	0.0799	0.936	1.0	0.9995901155158834
EEF1E1	76.7	-0.42	0.16	-2.67	0.00758	1.0	0.9995901155158834
EEF1G	7460.0	-0.07	0.09	-0.843	0.399	1.0	0.9995901155158834
EEF2	7120.0	-0.1	0.09	-1.14	0.255	1.0	0.9995901155158834
EEF2K	323.0	0.07	0.1	0.698	0.485	1.0	0.9995901155158834
EEF2KMT	158.0	-0.14	0.12	-1.24	0.215	1.0	0.9995901155158834
EEFSEC	28.0	-0.35	0.3	-1.18	0.237	1.0	0.9995901155158834
EEPD1	45.1	-0.2	0.2	-1.03	0.303	1.0	0.9995901155158834
EFCAB1	3.47	-0.35	0.71	-0.497	0.619	1.0	0.9995901155158834
EFCAB10	6.19	0.74	0.53	1.41	0.159	1.0	0.9995901155158834
EFCAB11	70.1	0.11	0.16	0.667	0.505	1.0	0.9995901155158834
EFCAB13	4.19	-0.35	0.51	-0.681	0.496	1.0	0.9995901155158834
EFCAB14	1840.0	0.01	0.1	0.136	0.892	1.0	0.9995901155158834
EFCAB2	133.0	-0.05	0.14	-0.332	0.74	1.0	0.9995901155158834
EFCAB3	2.54	-0.56	0.79	-0.713	0.476	1.0	0.9995901155158834
EFCAB5	4.69	-0.11	0.55	-0.203	0.839	1.0	0.9995901155158834
EFCAB6	2.32	-0.19	0.84	-0.23	0.818	1.0	0.9995901155158834
EFCAB7	57.7	0.02	0.19	0.116	0.907	1.0	0.9995901155158834
EFCAB8	1.23	2.14	1.28	1.67	0.0939	1.0	0.9995901155158834
EFCC1	19.0	-0.29	0.33	-0.873	0.383	1.0	0.9995901155158834
EFEMP1	901.0	-0.03	0.13	-0.215	0.83	1.0	0.9995901155158834
EFEMP2	149.0	-0.14	0.15	-0.94	0.347	1.0	0.9995901155158834
EFHB	2.63	-0.03	0.64	-0.0452	0.964	1.0	0.9995901155158834
EFHC1	38.8	0.26	0.19	1.39	0.164	1.0	0.9995901155158834
EFHC2	4.19	-0.24	0.61	-0.386	0.699	1.0	0.9995901155158834
EFHD1	12.6	-0.31	0.32	-0.951	0.342	1.0	0.9995901155158834
EFHD2	604.0	0.06	0.12	0.471	0.638	1.0	0.9995901155158834
EFL1	244.0	-0.09	0.1	-0.847	0.397	1.0	0.9995901155158834
EFNA1	483.0	-0.01	0.13	-0.0879	0.93	1.0	0.9995901155158834
EFNA2	19.9	0.9	0.29	3.07	0.00214	1.0	0.9995901155158834
EFNA3	11.2	0.33	0.43	0.763	0.446	1.0	0.9995901155158834
EFNA4	43.3	-0.13	0.22	-0.579	0.563	1.0	0.9995901155158834
EFNA5	85.8	0.23	0.2	1.18	0.236	1.0	0.9995901155158834
EFNB1	91.0	0.26	0.18	1.44	0.15	1.0	0.9995901155158834
EFNB2	13900.0	-0.02	0.06	-0.287	0.774	1.0	0.9995901155158834
EFNB3	37.8	-0.07	0.19	-0.361	0.718	1.0	0.9995901155158834
EFR3A	775.0	0.06	0.08	0.789	0.43	1.0	0.9995901155158834
EFR3B	226.0	0.1	0.12	0.825	0.409	1.0	0.9995901155158834
EFS	21.5	0.27	0.24	1.11	0.267	1.0	0.9995901155158834
EFTUD2	870.0	-0.06	0.07	-0.865	0.387	1.0	0.9995901155158834
EGF	140.0	-0.13	0.13	-1.0	0.316	1.0	0.9995901155158834
EGFL7	1080.0	0.05	0.15	0.297	0.767	1.0	0.9995901155158834
EGFL8	39.3	-0.07	0.19	-0.398	0.691	1.0	0.9995901155158834
EGFLAM	59.8	-0.14	0.18	-0.762	0.446	1.0	0.9995901155158834
EGFR	36.5	-0.08	0.25	-0.305	0.76	1.0	0.9995901155158834
EGLN1	567.0	-0.0	0.08	-0.0197	0.984	1.0	0.9995901155158834
EGLN2	497.0	-0.08	0.15	-0.504	0.614	1.0	0.9995901155158834
EGLN3	117.0	-0.12	0.2	-0.594	0.552	1.0	0.9995901155158834
EGR1	13.0	-0.1	0.44	-0.224	0.822	1.0	0.9995901155158834
EGR2	0.967	0.91	1.15	0.788	0.431	1.0	0.9995901155158834
EGR3	3.94	-0.47	0.73	-0.635	0.526	1.0	0.9995901155158834
EHBP1	276.0	0.0	0.1	0.0176	0.986	1.0	0.9995901155158834
EHBP1L1	374.0	-0.12	0.17	-0.747	0.455	1.0	0.9995901155158834
EHD1	835.0	0.14	0.12	1.18	0.239	1.0	0.9995901155158834
EHD2	1130.0	-0.02	0.07	-0.226	0.821	1.0	0.9995901155158834
EHD3	377.0	0.04	0.13	0.311	0.756	1.0	0.9995901155158834
EHD4	1500.0	0.05	0.08	0.568	0.57	1.0	0.9995901155158834
EHHADH	5.51	0.38	0.52	0.731	0.465	1.0	0.9995901155158834
EHMT1	631.0	-0.13	0.12	-1.1	0.272	1.0	0.9995901155158834
EHMT2	456.0	-0.12	0.1	-1.18	0.239	1.0	0.9995901155158834
EI24	1220.0	-0.07	0.08	-0.838	0.402	1.0	0.9995901155158834
EID1	3550.0	-0.05	0.07	-0.666	0.505	1.0	0.9995901155158834
EID2	83.8	-0.22	0.16	-1.4	0.163	1.0	0.9995901155158834
EID2B	19.5	-0.28	0.31	-0.911	0.362	1.0	0.9995901155158834
EID3	3.26	0.49	0.63	0.78	0.436	1.0	0.9995901155158834
EIF1	915.0	-0.04	0.09	-0.421	0.674	1.0	0.9995901155158834
EIF1AD	267.0	0.01	0.14	0.0572	0.954	1.0	0.9995901155158834
EIF1AX	1090.0	-0.03	0.09	-0.293	0.769	1.0	0.9995901155158834
EIF1B	160.0	-0.02	0.13	-0.141	0.888	1.0	0.9995901155158834
EIF2A	322.0	0.07	0.09	0.724	0.469	1.0	0.9995901155158834
EIF2AK1	546.0	0.04	0.07	0.527	0.598	1.0	0.9995901155158834
EIF2AK2	614.0	0.02	0.12	0.193	0.847	1.0	0.9995901155158834
EIF2AK3	205.0	-0.04	0.11	-0.351	0.725	1.0	0.9995901155158834
EIF2AK4	586.0	-0.06	0.08	-0.737	0.461	1.0	0.9995901155158834
EIF2B1	258.0	-0.04	0.09	-0.434	0.664	1.0	0.9995901155158834
EIF2B2	101.0	-0.08	0.14	-0.621	0.534	1.0	0.9995901155158834
EIF2B3	206.0	0.07	0.1	0.694	0.488	1.0	0.9995901155158834
EIF2B4	244.0	-0.14	0.1	-1.41	0.159	1.0	0.9995901155158834
EIF2B5	497.0	-0.06	0.1	-0.635	0.526	1.0	0.9995901155158834
EIF2D	81.9	0.09	0.17	0.54	0.589	1.0	0.9995901155158834
EIF2S1	1120.0	-0.03	0.08	-0.375	0.708	1.0	0.9995901155158834
EIF2S2	1850.0	0.03	0.07	0.448	0.654	1.0	0.9995901155158834
EIF2S3	1620.0	0.08	0.07	1.14	0.255	1.0	0.9995901155158834
EIF2S3B	1.37	0.25	0.95	0.265	0.791	1.0	0.9995901155158834
EIF3A	10700.0	-0.07	0.14	-0.532	0.595	1.0	0.9995901155158834
EIF3B	1910.0	-0.02	0.07	-0.332	0.74	1.0	0.9995901155158834
EIF3C	6780.0	-0.07	0.07	-0.896	0.37	1.0	0.9995901155158834
EIF3CL	123.0	-3.2	1.85	-1.73	0.0844	1.0	0.9995901155158834
EIF3D	724.0	-0.04	0.07	-0.558	0.577	1.0	0.9995901155158834
EIF3E	1460.0	0.09	0.11	0.786	0.432	1.0	0.9995901155158834
EIF3F	539.0	-0.06	0.08	-0.699	0.484	1.0	0.9995901155158834
EIF3G	653.0	-0.13	0.08	-1.67	0.0944	1.0	0.9995901155158834
EIF3H	1150.0	-0.05	0.08	-0.642	0.521	1.0	0.9995901155158834
EIF3I	590.0	-0.06	0.07	-0.967	0.333	1.0	0.9995901155158834
EIF3J	1970.0	0.07	0.07	0.916	0.36	1.0	0.9995901155158834
EIF3K	341.0	-0.03	0.12	-0.231	0.817	1.0	0.9995901155158834
EIF3L	612.0	-0.05	0.11	-0.486	0.627	1.0	0.9995901155158834
EIF3M	1080.0	0.06	0.06	0.885	0.376	1.0	0.9995901155158834
EIF4A1	4710.0	-0.0	0.09	-0.0487	0.961	1.0	0.9995901155158834
EIF4A2	3690.0	0.01	0.08	0.157	0.875	1.0	0.9995901155158834
EIF4A3	540.0	-0.07	0.1	-0.667	0.505	1.0	0.9995901155158834
EIF4B	3380.0	-0.01	0.06	-0.178	0.859	1.0	0.9995901155158834
EIF4E	1110.0	0.06	0.08	0.832	0.405	1.0	0.9995901155158834
EIF4E2	782.0	-0.03	0.07	-0.372	0.71	1.0	0.9995901155158834
EIF4E3	188.0	0.07	0.11	0.656	0.512	1.0	0.9995901155158834
EIF4EBP1	86.4	0.0	0.19	0.000311	1.0	1.0	1.0
EIF4EBP2	1960.0	0.13	0.09	1.35	0.177	1.0	0.9995901155158834
EIF4ENIF1	508.0	-0.04	0.06	-0.7	0.484	1.0	0.9995901155158834
EIF4G1	5710.0	-0.05	0.07	-0.747	0.455	1.0	0.9995901155158834
EIF4G2	7230.0	0.04	0.07	0.559	0.576	1.0	0.9995901155158834
EIF4G3	1500.0	-0.03	0.11	-0.261	0.794	1.0	0.9995901155158834
EIF4H	2060.0	-0.05	0.06	-0.757	0.449	1.0	0.9995901155158834
EIF5	4910.0	0.06	0.09	0.635	0.525	1.0	0.9995901155158834
EIF5A	4210.0	0.12	0.12	1.01	0.313	1.0	0.9995901155158834
EIF5A2	54.0	0.09	0.23	0.386	0.699	1.0	0.9995901155158834
EIF5AL1	2.45	-0.33	1.06	-0.316	0.752	1.0	0.9995901155158834
EIF5B	4550.0	0.03	0.11	0.232	0.816	1.0	0.9995901155158834
EIF6	306.0	-0.02	0.11	-0.174	0.862	1.0	0.9995901155158834
EIPR1	167.0	-0.2	0.14	-1.42	0.154	1.0	0.9995901155158834
ELAC1	57.1	-0.12	0.16	-0.757	0.449	1.0	0.9995901155158834
ELAC2	452.0	0.0	0.08	0.0229	0.982	1.0	0.9995901155158834
ELAPOR1	4.77	-0.11	0.58	-0.194	0.846	1.0	0.9995901155158834
ELAPOR2	651.0	-0.08	0.07	-1.14	0.254	1.0	0.9995901155158834
ELAVL1	479.0	-0.02	0.07	-0.243	0.808	1.0	0.9995901155158834
ELAVL2	55.7	-0.01	0.2	-0.032	0.974	1.0	0.9995901155158834
ELAVL4	0.83	-3.08	3.02	-1.02	0.307	1.0	0.9995901155158834
ELF1	554.0	0.13	0.09	1.51	0.131	1.0	0.9995901155158834
ELF2	184.0	0.03	0.12	0.229	0.819	1.0	0.9995901155158834
ELF4	276.0	0.0	0.13	0.00686	0.995	1.0	0.9995901155158834
ELFN1	123.0	-0.07	0.15	-0.455	0.649	1.0	0.9995901155158834
ELFN2	0.574	1.48	2.06	0.719	0.472	1.0	0.9995901155158834
ELK1	139.0	0.21	0.16	1.32	0.186	1.0	0.9995901155158834
ELK3	859.0	-0.05	0.07	-0.766	0.444	1.0	0.9995901155158834
ELK4	527.0	0.14	0.1	1.46	0.145	1.0	0.9995901155158834
ELL	93.4	0.08	0.17	0.489	0.625	1.0	0.9995901155158834
ELL2	272.0	0.15	0.17	0.866	0.386	1.0	0.9995901155158834
ELL3	2.48	0.38	0.8	0.481	0.63	1.0	0.9995901155158834
ELMO1	206.0	-0.05	0.1	-0.464	0.642	1.0	0.9995901155158834
ELMO2	312.0	-0.11	0.09	-1.25	0.213	1.0	0.9995901155158834
ELMO3	4.56	-0.41	0.61	-0.672	0.501	1.0	0.9995901155158834
ELMOD1	9.76	-0.24	0.39	-0.61	0.542	1.0	0.9995901155158834
ELMOD2	446.0	-0.04	0.1	-0.358	0.72	1.0	0.9995901155158834
ELMOD3	41.0	-0.38	0.21	-1.8	0.0713	1.0	0.9995901155158834
ELN	9.34	-0.54	0.46	-1.17	0.243	1.0	0.9995901155158834
ELOA	961.0	0.04	0.06	0.662	0.508	1.0	0.9995901155158834
ELOB	179.0	-0.05	0.15	-0.322	0.747	1.0	0.9995901155158834
ELOC	154.0	0.04	0.12	0.357	0.721	1.0	0.9995901155158834
ELOF1	223.0	0.15	0.12	1.27	0.204	1.0	0.9995901155158834
ELOVL1	200.0	0.04	0.16	0.241	0.809	1.0	0.9995901155158834
ELOVL2	15.9	0.02	0.34	0.0665	0.947	1.0	0.9995901155158834
ELOVL4	188.0	0.13	0.13	1.04	0.3	1.0	0.9995901155158834
ELOVL5	3700.0	-0.0	0.08	-0.00546	0.996	1.0	0.9995901155158834
ELOVL6	336.0	-0.09	0.08	-1.09	0.277	1.0	0.9995901155158834
ELOVL7	88.9	0.23	0.16	1.43	0.152	1.0	0.9995901155158834
ELP1	412.0	-0.01	0.09	-0.152	0.879	1.0	0.9995901155158834
ELP2	523.0	0.1	0.07	1.49	0.138	1.0	0.9995901155158834
ELP3	300.0	-0.06	0.11	-0.6	0.549	1.0	0.9995901155158834
ELP4	34.3	0.4	0.21	1.93	0.0542	1.0	0.9995901155158834
ELP5	123.0	-0.38	0.14	-2.67	0.00755	1.0	0.9995901155158834
ELP6	204.0	0.19	0.1	1.97	0.0487	1.0	0.9995901155158834
EMB	221.0	-0.06	0.1	-0.618	0.537	1.0	0.9995901155158834
EMC1	973.0	0.1	0.06	1.6	0.109	1.0	0.9995901155158834
EMC10	347.0	0.01	0.11	0.0964	0.923	1.0	0.9995901155158834
EMC2	260.0	-0.16	0.13	-1.21	0.227	1.0	0.9995901155158834
EMC3	292.0	-0.12	0.09	-1.39	0.164	1.0	0.9995901155158834
EMC4	239.0	-0.18	0.11	-1.6	0.11	1.0	0.9995901155158834
EMC6	74.4	-0.14	0.17	-0.851	0.395	1.0	0.9995901155158834
EMC7	347.0	0.06	0.08	0.65	0.515	1.0	0.9995901155158834
EMC8	138.0	-0.01	0.15	-0.0836	0.933	1.0	0.9995901155158834
EMC9	39.5	0.02	0.26	0.0948	0.924	1.0	0.9995901155158834
EMCN	278.0	-0.05	0.11	-0.435	0.663	1.0	0.9995901155158834
EMD	81.2	-0.12	0.16	-0.784	0.433	1.0	0.9995901155158834
EME1	39.3	-0.15	0.2	-0.724	0.469	1.0	0.9995901155158834
EME2	35.0	-0.05	0.3	-0.177	0.86	1.0	0.9995901155158834
EMG1	284.0	0.05	0.11	0.446	0.656	1.0	0.9995901155158834
EMID1	11.8	0.0	0.38	0.00799	0.994	1.0	0.9995901155158834
EMILIN1	67.9	-0.11	0.16	-0.653	0.513	1.0	0.9995901155158834
EMILIN2	351.0	-0.03	0.11	-0.269	0.788	1.0	0.9995901155158834
EMILIN3	1.28	2.16	1.22	1.77	0.076	1.0	0.9995901155158834
EML1	151.0	-0.22	0.12	-1.79	0.0728	1.0	0.9995901155158834
EML2	48.4	0.11	0.26	0.416	0.677	1.0	0.9995901155158834
EML3	436.0	-0.04	0.12	-0.298	0.766	1.0	0.9995901155158834
EML4	787.0	0.08	0.09	0.85	0.395	1.0	0.9995901155158834
EML5	4.76	-0.38	0.62	-0.608	0.543	1.0	0.9995901155158834
EML6	17.2	0.54	0.38	1.42	0.157	1.0	0.9995901155158834
EMP1	5170.0	-0.01	0.17	-0.0815	0.935	1.0	0.9995901155158834
EMP2	65.4	-0.15	0.17	-0.878	0.38	1.0	0.9995901155158834
EMP3	38.7	0.14	0.19	0.732	0.464	1.0	0.9995901155158834
EMSY	95.9	-0.14	0.13	-1.14	0.253	1.0	0.9995901155158834
EN2	0.994	-0.82	1.04	-0.786	0.432	1.0	0.9995901155158834
ENAH	2250.0	0.05	0.12	0.423	0.673	1.0	0.9995901155158834
ENAM	6.21	0.4	0.55	0.729	0.466	1.0	0.9995901155158834
ENC1	1110.0	0.05	0.1	0.545	0.585	1.0	0.9995901155158834
ENDOD1	914.0	0.11	0.11	1.02	0.306	1.0	0.9995901155158834
ENDOG	7.24	-0.21	0.62	-0.337	0.736	1.0	0.9995901155158834
ENDOU	0.592	-1.98	1.66	-1.2	0.232	1.0	0.9995901155158834
ENDOV	51.1	0.11	0.21	0.555	0.579	1.0	0.9995901155158834
ENG	779.0	-0.14	0.13	-1.09	0.277	1.0	0.9995901155158834
ENGASE	87.9	0.06	0.17	0.345	0.73	1.0	0.9995901155158834
ENHO	0.676	2.24	1.77	1.27	0.205	1.0	0.9995901155158834
ENKD1	24.0	0.24	0.25	0.96	0.337	1.0	0.9995901155158834
ENKUR	6.04	-0.73	0.49	-1.47	0.141	1.0	0.9995901155158834
ENO1	6940.0	-0.09	0.07	-1.23	0.219	1.0	0.9995901155158834
ENO2	204.0	-0.15	0.11	-1.33	0.185	1.0	0.9995901155158834
ENO3	2.91	0.2	0.68	0.3	0.764	1.0	0.9995901155158834
ENO4	12.5	0.5	0.43	1.18	0.239	1.0	0.9995901155158834
ENOPH1	588.0	-0.04	0.1	-0.405	0.686	1.0	0.9995901155158834
ENOSF1	137.0	0.04	0.13	0.304	0.761	1.0	0.9995901155158834
ENOX1	6.04	-0.1	0.45	-0.23	0.818	1.0	0.9995901155158834
ENOX2	97.5	-0.2	0.15	-1.33	0.185	1.0	0.9995901155158834
ENPEP	50.6	0.1	0.21	0.485	0.628	1.0	0.9995901155158834
ENPP1	468.0	0.03	0.09	0.389	0.697	1.0	0.9995901155158834
ENPP2	229.0	0.04	0.12	0.343	0.732	1.0	0.9995901155158834
ENPP4	120.0	0.1	0.15	0.69	0.49	1.0	0.9995901155158834
ENPP5	6.28	0.24	0.46	0.513	0.608	1.0	0.9995901155158834
ENPP6	1.03	0.88	1.34	0.651	0.515	1.0	0.9995901155158834
ENSA	827.0	-0.02	0.08	-0.242	0.809	1.0	0.9995901155158834
ENTPD1	1610.0	-0.02	0.13	-0.167	0.867	1.0	0.9995901155158834
ENTPD3	0.451	1.63	1.93	0.844	0.398	1.0	0.9995901155158834
ENTPD4	703.0	-0.02	0.07	-0.357	0.721	1.0	0.9995901155158834
ENTPD5	127.0	0.08	0.17	0.467	0.641	1.0	0.9995901155158834
ENTPD6	329.0	-0.04	0.1	-0.426	0.67	1.0	0.9995901155158834
ENTPD7	657.0	0.07	0.09	0.825	0.409	1.0	0.9995901155158834
ENTR1	149.0	-0.21	0.11	-1.85	0.0638	1.0	0.9995901155158834
ENY2	436.0	-0.17	0.13	-1.33	0.184	1.0	0.9995901155158834
EOGT	1040.0	0.05	0.09	0.536	0.592	1.0	0.9995901155158834
EOLA1	86.9	0.2	0.17	1.21	0.227	1.0	0.9995901155158834
EOLA2	151.0	0.03	0.11	0.241	0.81	1.0	0.9995901155158834
EP300	658.0	0.09	0.12	0.793	0.428	1.0	0.9995901155158834
EP400	811.0	-0.07	0.12	-0.543	0.587	1.0	0.9995901155158834
EPAS1	3050.0	0.01	0.06	0.201	0.841	1.0	0.9995901155158834
EPB41	435.0	-0.02	0.09	-0.229	0.819	1.0	0.9995901155158834
EPB41L1	192.0	-0.24	0.1	-2.43	0.0153	1.0	0.9995901155158834
EPB41L2	3810.0	-0.09	0.12	-0.739	0.46	1.0	0.9995901155158834
EPB41L3	369.0	-0.06	0.1	-0.576	0.565	1.0	0.9995901155158834
EPB41L4A	271.0	0.08	0.1	0.89	0.374	1.0	0.9995901155158834
EPB41L4B	8.77	-0.26	0.48	-0.534	0.593	1.0	0.9995901155158834
EPB41L5	516.0	-0.02	0.08	-0.28	0.78	1.0	0.9995901155158834
EPC1	343.0	0.07	0.08	0.806	0.42	1.0	0.9995901155158834
EPC2	209.0	0.06	0.12	0.508	0.611	1.0	0.9995901155158834
EPCAM	211.0	-0.07	0.12	-0.601	0.548	1.0	0.9995901155158834
EPDR1	114.0	-0.1	0.16	-0.668	0.504	1.0	0.9995901155158834
EPG5	228.0	-0.02	0.11	-0.22	0.826	1.0	0.9995901155158834
EPGN	0.699	1.49	1.36	1.09	0.275	1.0	0.9995901155158834
EPHA1	2.0	0.51	0.93	0.55	0.582	1.0	0.9995901155158834
EPHA10	2.18	0.53	0.93	0.565	0.572	1.0	0.9995901155158834
EPHA2	356.0	0.07	0.13	0.557	0.578	1.0	0.9995901155158834
EPHA3	1.27	0.32	1.15	0.281	0.779	1.0	0.9995901155158834
EPHA4	222.0	-0.13	0.11	-1.14	0.254	1.0	0.9995901155158834
EPHA5	0.645	0.04	1.61	0.0263	0.979	1.0	0.9995901155158834
EPHA6	8.31	-0.35	0.62	-0.565	0.572	1.0	0.9995901155158834
EPHA7	49.2	0.04	0.22	0.192	0.848	1.0	0.9995901155158834
EPHB1	57.4	-0.07	0.19	-0.394	0.694	1.0	0.9995901155158834
EPHB2	73.9	0.22	0.21	1.05	0.293	1.0	0.9995901155158834
EPHB3	20.0	0.05	0.33	0.153	0.879	1.0	0.9995901155158834
EPHB4	2140.0	0.02	0.06	0.322	0.748	1.0	0.9995901155158834
EPHB6	8.26	-0.13	0.37	-0.343	0.732	1.0	0.9995901155158834
EPHX1	35.7	-0.02	0.23	-0.0812	0.935	1.0	0.9995901155158834
EPHX2	14.8	0.68	0.35	1.93	0.0534	1.0	0.9995901155158834
EPHX3	0.547	-0.58	1.77	-0.327	0.744	1.0	0.9995901155158834
EPHX4	20.0	-0.15	0.27	-0.58	0.562	1.0	0.9995901155158834
EPM2A	68.6	0.11	0.14	0.746	0.456	1.0	0.9995901155158834
EPM2AIP1	234.0	0.12	0.09	1.28	0.202	1.0	0.9995901155158834
EPN1	515.0	-0.14	0.1	-1.33	0.184	1.0	0.9995901155158834
EPN2	198.0	-0.15	0.09	-1.64	0.101	1.0	0.9995901155158834
EPOP	3.41	-0.02	0.66	-0.0303	0.976	1.0	0.9995901155158834
EPOR	26.5	0.36	0.28	1.26	0.208	1.0	0.9995901155158834
EPPIN	5.16	0.36	0.55	0.668	0.504	1.0	0.9995901155158834
EPPK1	5.38	0.37	0.57	0.643	0.52	1.0	0.9995901155158834
EPRS1	1080.0	-0.07	0.09	-0.793	0.428	1.0	0.9995901155158834
EPS15	543.0	0.07	0.08	0.902	0.367	1.0	0.9995901155158834
EPS15L1	143.0	-0.14	0.11	-1.26	0.209	1.0	0.9995901155158834
EPS8	83.5	-0.05	0.14	-0.383	0.702	1.0	0.9995901155158834
EPS8L1	16.9	0.19	0.3	0.651	0.515	1.0	0.9995901155158834
EPS8L2	2.7	0.42	0.88	0.474	0.635	1.0	0.9995901155158834
EPSTI1	10.8	-0.03	0.54	-0.051	0.959	1.0	0.9995901155158834
ERAL1	131.0	-0.04	0.15	-0.27	0.787	1.0	0.9995901155158834
ERAP1	423.0	-0.02	0.1	-0.169	0.866	1.0	0.9995901155158834
ERAP2	5.38	0.39	0.51	0.767	0.443	1.0	0.9995901155158834
ERBB2	188.0	-0.04	0.11	-0.367	0.714	1.0	0.9995901155158834
ERBB3	5.73	-1.34	0.68	-1.97	0.049	1.0	0.9995901155158834
ERBB4	0.408	0.3	1.86	0.163	0.871	1.0	0.9995901155158834
ERBIN	1270.0	0.04	0.07	0.61	0.542	1.0	0.9995901155158834
ERC1	1190.0	-0.01	0.13	-0.0447	0.964	1.0	0.9995901155158834
ERC2	27.7	-0.21	0.22	-0.956	0.339	1.0	0.9995901155158834
ERCC1	328.0	0.08	0.17	0.477	0.633	1.0	0.9995901155158834
ERCC2	109.0	-0.1	0.16	-0.625	0.532	1.0	0.9995901155158834
ERCC3	705.0	0.03	0.06	0.527	0.598	1.0	0.9995901155158834
ERCC4	200.0	-0.02	0.11	-0.176	0.861	1.0	0.9995901155158834
ERCC5	324.0	0.08	0.15	0.575	0.565	1.0	0.9995901155158834
ERCC6	370.0	-0.1	0.13	-0.797	0.425	1.0	0.9995901155158834
ERCC6L	59.7	-0.08	0.16	-0.504	0.615	1.0	0.9995901155158834
ERCC6L2	175.0	0.09	0.13	0.72	0.472	1.0	0.9995901155158834
ERCC8	86.8	0.24	0.22	1.05	0.293	1.0	0.9995901155158834
EREG	1.28	0.58	1.13	0.51	0.61	1.0	0.9995901155158834
ERF	264.0	0.04	0.11	0.345	0.73	1.0	0.9995901155158834
ERFE	1.46	-0.81	1.0	-0.814	0.415	1.0	0.9995901155158834
ERG	1710.0	-0.03	0.07	-0.442	0.659	1.0	0.9995901155158834
ERG28	418.0	0.02	0.09	0.263	0.792	1.0	0.9995901155158834
ERGIC1	788.0	0.08	0.16	0.501	0.617	1.0	0.9995901155158834
ERGIC2	420.0	0.03	0.08	0.415	0.678	1.0	0.9995901155158834
ERGIC3	538.0	-0.13	0.09	-1.53	0.126	1.0	0.9995901155158834
ERH	868.0	0.02	0.12	0.146	0.884	1.0	0.9995901155158834
ERI1	105.0	-0.11	0.14	-0.796	0.426	1.0	0.9995901155158834
ERI2	52.3	0.06	0.22	0.266	0.79	1.0	0.9995901155158834
ERI3	69.3	-0.18	0.17	-1.07	0.284	1.0	0.9995901155158834
ERICH1	225.0	0.05	0.18	0.281	0.779	1.0	0.9995901155158834
ERICH2	14.2	0.1	0.35	0.287	0.774	1.0	0.9995901155158834
ERICH4	0.661	-0.21	1.59	-0.134	0.893	1.0	0.9995901155158834
ERICH5	3.23	-1.72	0.76	-2.25	0.0247	1.0	0.9995901155158834
ERICH6	1.46	-0.5	0.93	-0.542	0.588	1.0	0.9995901155158834
ERLEC1	452.0	-0.03	0.08	-0.351	0.726	1.0	0.9995901155158834
ERLIN1	431.0	-0.04	0.08	-0.487	0.626	1.0	0.9995901155158834
ERLIN2	778.0	0.06	0.07	0.947	0.344	1.0	0.9995901155158834
ERMAP	42.6	-0.11	0.22	-0.478	0.633	1.0	0.9995901155158834
ERMARD	91.2	0.12	0.13	0.88	0.379	1.0	0.9995901155158834
ERMP1	385.0	-0.08	0.09	-0.926	0.355	1.0	0.9995901155158834
ERN1	50.0	-0.01	0.18	-0.0419	0.967	1.0	0.9995901155158834
ERN2	1.35	-0.6	1.17	-0.515	0.607	1.0	0.9995901155158834
ERO1A	711.0	0.12	0.08	1.48	0.138	1.0	0.9995901155158834
ERO1B	21.3	0.07	0.29	0.226	0.821	1.0	0.9995901155158834
ERP27	0.984	-0.98	1.37	-0.714	0.475	1.0	0.9995901155158834
ERP29	1170.0	-0.14	0.1	-1.38	0.166	1.0	0.9995901155158834
ERP44	416.0	-0.01	0.09	-0.0846	0.933	1.0	0.9995901155158834
ERRFI1	1090.0	0.17	0.13	1.33	0.184	1.0	0.9995901155158834
ERV3-1	14.1	0.06	0.3	0.208	0.835	1.0	0.9995901155158834
ERV3-1-ZNF117	58.3	0.35	0.48	0.724	0.469	1.0	0.9995901155158834
ERVFRD-1	1.86	1.26	1.01	1.24	0.216	1.0	0.9995901155158834
ERVH48-1	6.79	0.75	0.46	1.62	0.106	1.0	0.9995901155158834
ERVMER34-1	1.44	0.96	0.85	1.12	0.264	1.0	0.9995901155158834
ERVV-2	0.591	1.15	1.58	0.725	0.469	1.0	0.9995901155158834
ERVW-1	7.84	0.29	0.48	0.588	0.557	1.0	0.9995901155158834
ESAM	1550.0	-0.04	0.1	-0.357	0.721	1.0	0.9995901155158834
ESCO1	404.0	-0.01	0.1	-0.0667	0.947	1.0	0.9995901155158834
ESCO2	45.1	-0.18	0.21	-0.846	0.397	1.0	0.9995901155158834
ESD	179.0	0.03	0.11	0.306	0.76	1.0	0.9995901155158834
ESF1	1040.0	0.0	0.1	0.0193	0.985	1.0	0.9995901155158834
ESM1	721.0	-0.09	0.28	-0.317	0.751	1.0	0.9995901155158834
ESPL1	41.7	-0.38	0.24	-1.6	0.111	1.0	0.9995901155158834
ESPN	0.61	2.04	1.65	1.24	0.216	1.0	0.9995901155158834
ESR1	1.71	-0.08	0.94	-0.0838	0.933	1.0	0.9995901155158834
ESR2	3.78	-0.06	0.66	-0.0961	0.923	1.0	0.9995901155158834
ESRP2	1.59	-0.39	1.03	-0.376	0.707	1.0	0.9995901155158834
ESRRA	79.6	0.14	0.17	0.846	0.397	1.0	0.9995901155158834
ESRRB	4.53	0.11	0.65	0.174	0.862	1.0	0.9995901155158834
ESRRG	2.27	-0.91	0.81	-1.12	0.262	1.0	0.9995901155158834
ESS2	96.4	-0.27	0.17	-1.59	0.113	1.0	0.9995901155158834
ESYT1	1070.0	-0.08	0.07	-1.18	0.237	1.0	0.9995901155158834
ESYT2	624.0	0.05	0.11	0.498	0.619	1.0	0.9995901155158834
ESYT3	2.57	0.48	0.76	0.634	0.526	1.0	0.9995901155158834
ETAA1	147.0	-0.13	0.12	-1.07	0.283	1.0	0.9995901155158834
ETF1	1750.0	0.05	0.07	0.69	0.49	1.0	0.9995901155158834
ETFA	601.0	-0.06	0.09	-0.654	0.513	1.0	0.9995901155158834
ETFB	236.0	-0.17	0.12	-1.36	0.175	1.0	0.9995901155158834
ETFBKMT	58.6	0.23	0.2	1.15	0.251	1.0	0.9995901155158834
ETFDH	163.0	-0.22	0.09	-2.32	0.0206	1.0	0.9995901155158834
ETFRF1	26.4	-0.39	0.24	-1.64	0.101	1.0	0.9995901155158834
ETHE1	20.2	0.15	0.26	0.563	0.573	1.0	0.9995901155158834
ETNK1	749.0	0.07	0.11	0.656	0.512	1.0	0.9995901155158834
ETNK2	32.8	0.04	0.22	0.168	0.866	1.0	0.9995901155158834
ETS1	12000.0	0.07	0.07	1.02	0.309	1.0	0.9995901155158834
ETS2	819.0	0.22	0.1	2.26	0.0238	1.0	0.9995901155158834
ETV1	64.3	0.04	0.15	0.269	0.788	1.0	0.9995901155158834
ETV2	2.68	-0.35	0.95	-0.371	0.711	1.0	0.9995901155158834
ETV3	469.0	0.12	0.07	1.76	0.0789	1.0	0.9995901155158834
ETV4	53.6	-0.14	0.2	-0.694	0.488	1.0	0.9995901155158834
ETV5	475.0	0.03	0.1	0.251	0.802	1.0	0.9995901155158834
ETV6	259.0	0.12	0.09	1.32	0.188	1.0	0.9995901155158834
ETV7	0.608	-1.54	1.41	-1.1	0.272	1.0	0.9995901155158834
EVA1A	96.4	-0.11	0.16	-0.699	0.485	1.0	0.9995901155158834
EVA1B	31.4	-0.25	0.31	-0.784	0.433	1.0	0.9995901155158834
EVA1C	130.0	-0.05	0.15	-0.342	0.732	1.0	0.9995901155158834
EVC	202.0	-0.01	0.14	-0.0628	0.95	1.0	0.9995901155158834
EVC2	94.1	-0.31	0.13	-2.41	0.0158	1.0	0.9995901155158834
EVI2A	1.17	0.21	0.98	0.214	0.831	1.0	0.9995901155158834
EVI2B	5.63	0.35	0.53	0.661	0.509	1.0	0.9995901155158834
EVI5	282.0	0.08	0.1	0.757	0.449	1.0	0.9995901155158834
EVI5L	148.0	-0.11	0.11	-0.965	0.334	1.0	0.9995901155158834
EVL	196.0	0.15	0.11	1.3	0.193	1.0	0.9995901155158834
EWSR1	2600.0	-0.03	0.1	-0.293	0.77	1.0	0.9995901155158834
EXD1	1.64	-1.21	0.98	-1.25	0.213	1.0	0.9995901155158834
EXD2	236.0	0.06	0.1	0.572	0.567	1.0	0.9995901155158834
EXD3	8.5	0.5	0.49	1.03	0.301	1.0	0.9995901155158834
EXO1	103.0	0.07	0.14	0.509	0.611	1.0	0.9995901155158834
EXO5	126.0	0.04	0.13	0.312	0.755	1.0	0.9995901155158834
EXOC1	404.0	0.03	0.08	0.424	0.671	1.0	0.9995901155158834
EXOC2	486.0	0.08	0.08	0.916	0.36	1.0	0.9995901155158834
EXOC3	365.0	0.01	0.12	0.074	0.941	1.0	0.9995901155158834
EXOC3L1	180.0	0.02	0.14	0.118	0.906	1.0	0.9995901155158834
EXOC3L2	179.0	-0.22	0.18	-1.23	0.219	1.0	0.9995901155158834
EXOC4	481.0	-0.07	0.12	-0.574	0.566	1.0	0.9995901155158834
EXOC5	1830.0	-0.01	0.06	-0.177	0.859	1.0	0.9995901155158834
EXOC6	442.0	0.08	0.09	0.867	0.386	1.0	0.9995901155158834
EXOC6B	425.0	0.01	0.09	0.109	0.913	1.0	0.9995901155158834
EXOC7	664.0	-0.17	0.13	-1.29	0.196	1.0	0.9995901155158834
EXOC8	163.0	0.02	0.1	0.166	0.868	1.0	0.9995901155158834
EXOG	128.0	-0.1	0.11	-0.951	0.342	1.0	0.9995901155158834
EXOSC1	48.2	-0.18	0.19	-0.943	0.346	1.0	0.9995901155158834
EXOSC10	570.0	-0.12	0.06	-2.02	0.0435	1.0	0.9995901155158834
EXOSC2	267.0	-0.13	0.09	-1.43	0.152	1.0	0.9995901155158834
EXOSC3	387.0	-0.02	0.08	-0.213	0.831	1.0	0.9995901155158834
EXOSC4	72.5	-0.09	0.16	-0.546	0.585	1.0	0.9995901155158834
EXOSC5	21.7	-0.09	0.3	-0.299	0.765	1.0	0.9995901155158834
EXOSC6	646.0	0.16	0.14	1.14	0.255	1.0	0.9995901155158834
EXOSC7	344.0	-0.02	0.09	-0.176	0.861	1.0	0.9995901155158834
EXOSC8	95.3	-0.15	0.17	-0.889	0.374	1.0	0.9995901155158834
EXOSC9	601.0	0.03	0.08	0.37	0.711	1.0	0.9995901155158834
EXPH5	7.93	-0.36	0.42	-0.864	0.388	1.0	0.9995901155158834
EXT1	792.0	0.0	0.12	0.012	0.99	1.0	0.9995901155158834
EXT2	1110.0	-0.08	0.1	-0.765	0.444	1.0	0.9995901155158834
EXTL1	0.843	-1.73	1.34	-1.29	0.198	1.0	0.9995901155158834
EXTL2	163.0	-0.01	0.11	-0.0833	0.934	1.0	0.9995901155158834
EXTL3	1350.0	0.01	0.07	0.208	0.835	1.0	0.9995901155158834
EYA1	1.77	1.35	0.83	1.63	0.104	1.0	0.9995901155158834
EYA3	242.0	0.15	0.12	1.24	0.215	1.0	0.9995901155158834
EYA4	3.98	-0.11	0.7	-0.162	0.872	1.0	0.9995901155158834
EYS	0.277	0.16	2.06	0.079	0.937	1.0	0.9995901155158834
EZH1	84.7	0.13	0.17	0.773	0.44	1.0	0.9995901155158834
EZH2	360.0	-0.04	0.09	-0.431	0.666	1.0	0.9995901155158834
EZR	2950.0	-0.11	0.08	-1.28	0.201	1.0	0.9995901155158834
F10	0.55	-0.9	1.62	-0.554	0.58	1.0	0.9995901155158834
F11R	4050.0	0.07	0.09	0.764	0.445	1.0	0.9995901155158834
F2R	3490.0	0.05	0.06	0.768	0.443	1.0	0.9995901155158834
F2RL1	168.0	0.04	0.18	0.245	0.807	1.0	0.9995901155158834
F2RL2	4210.0	0.07	0.09	0.782	0.434	1.0	0.9995901155158834
F2RL3	4.9	0.51	0.54	0.941	0.347	1.0	0.9995901155158834
F3	20.8	-0.24	0.28	-0.852	0.394	1.0	0.9995901155158834
F5	35.3	0.21	0.29	0.719	0.472	1.0	0.9995901155158834
F7	1.87	0.37	1.0	0.376	0.707	1.0	0.9995901155158834
F8	14.6	-0.0	0.35	-0.0037	0.997	1.0	0.9995901155158834
F8A1	28.7	0.24	0.28	0.852	0.394	1.0	0.9995901155158834
F8A2	4.79	-0.54	1.42	-0.38	0.704	1.0	0.9995901155158834
F8A3	4.79	-0.54	1.42	-0.38	0.704	1.0	0.9995901155158834
FAAH	2.42	-0.92	0.84	-1.09	0.274	1.0	0.9995901155158834
FAAH2	2.56	0.18	0.75	0.236	0.814	1.0	0.9995901155158834
FAAP100	108.0	-0.04	0.21	-0.215	0.83	1.0	0.9995901155158834
FAAP20	54.4	-0.13	0.26	-0.491	0.624	1.0	0.9995901155158834
FAAP24	31.4	0.07	0.23	0.3	0.765	1.0	0.9995901155158834
FABP2	0.49	-1.72	1.79	-0.963	0.336	1.0	0.9995901155158834
FABP3	52.5	-0.15	0.19	-0.791	0.429	1.0	0.9995901155158834
FABP4	270.0	0.02	0.15	0.117	0.907	1.0	0.9995901155158834
FABP5	808.0	0.01	0.09	0.0993	0.921	1.0	0.9995901155158834
FABP7	2.59	0.11	1.01	0.113	0.91	1.0	0.9995901155158834
FADD	87.5	-0.04	0.19	-0.222	0.824	1.0	0.9995901155158834
FADS1	931.0	-0.08	0.07	-1.15	0.25	1.0	0.9995901155158834
FADS2	998.0	-0.12	0.15	-0.805	0.421	1.0	0.9995901155158834
FADS3	36.0	-0.27	0.35	-0.792	0.428	1.0	0.9995901155158834
FADS6	0.653	1.74	1.64	1.06	0.289	1.0	0.9995901155158834
FAF1	183.0	-0.01	0.1	-0.113	0.91	1.0	0.9995901155158834
FAF2	663.0	0.01	0.08	0.124	0.901	1.0	0.9995901155158834
FAH	22.2	0.17	0.28	0.622	0.534	1.0	0.9995901155158834
FAHD1	255.0	0.01	0.09	0.157	0.875	1.0	0.9995901155158834
FAHD2A	175.0	-0.09	0.11	-0.799	0.424	1.0	0.9995901155158834
FAHD2B	165.0	0.16	0.14	1.15	0.25	1.0	0.9995901155158834
FAIM	239.0	0.01	0.09	0.121	0.903	1.0	0.9995901155158834
FAM102A	156.0	0.02	0.12	0.139	0.889	1.0	0.9995901155158834
FAM102B	270.0	0.11	0.13	0.831	0.406	1.0	0.9995901155158834
FAM104A	327.0	-0.0	0.1	-0.0143	0.989	1.0	0.9995901155158834
FAM104B	21.4	0.28	0.32	0.866	0.387	1.0	0.9995901155158834
FAM107A	2.88	0.74	0.67	1.1	0.273	1.0	0.9995901155158834
FAM107B	2920.0	0.07	0.1	0.735	0.462	1.0	0.9995901155158834
FAM110A	51.0	0.26	0.22	1.19	0.235	1.0	0.9995901155158834
FAM110B	25.0	0.07	0.26	0.264	0.792	1.0	0.9995901155158834
FAM110D	12.2	0.5	0.42	1.18	0.237	1.0	0.9995901155158834
FAM111A	168.0	0.0	0.17	0.0106	0.992	1.0	0.9995901155158834
FAM111B	34.7	-0.08	0.22	-0.369	0.712	1.0	0.9995901155158834
FAM114A1	377.0	-0.13	0.1	-1.38	0.168	1.0	0.9995901155158834
FAM114A2	211.0	-0.0	0.11	-0.0206	0.984	1.0	0.9995901155158834
FAM117A	7.46	0.24	0.47	0.514	0.607	1.0	0.9995901155158834
FAM117B	56.4	-0.07	0.18	-0.371	0.711	1.0	0.9995901155158834
FAM118A	93.2	0.23	0.17	1.38	0.167	1.0	0.9995901155158834
FAM118B	253.0	-0.05	0.12	-0.445	0.656	1.0	0.9995901155158834
FAM120A	546.0	0.02	0.07	0.265	0.791	1.0	0.9995901155158834
FAM120AOS	322.0	0.14	0.09	1.6	0.11	1.0	0.9995901155158834
FAM120B	280.0	-0.19	0.1	-1.88	0.0606	1.0	0.9995901155158834
FAM120C	52.3	-0.14	0.17	-0.865	0.387	1.0	0.9995901155158834
FAM124A	30.7	-0.25	0.24	-1.04	0.297	1.0	0.9995901155158834
FAM124B	1460.0	-0.01	0.11	-0.12	0.904	1.0	0.9995901155158834
FAM126A	1020.0	0.07	0.08	0.872	0.383	1.0	0.9995901155158834
FAM126B	407.0	0.28	0.12	2.32	0.0206	1.0	0.9995901155158834
FAM131A	34.7	-0.08	0.2	-0.401	0.688	1.0	0.9995901155158834
FAM131B	17.3	0.5	0.37	1.35	0.177	1.0	0.9995901155158834
FAM133A	2.99	0.01	0.67	0.0209	0.983	1.0	0.9995901155158834
FAM133B	307.0	0.12	0.11	1.13	0.258	1.0	0.9995901155158834
FAM135A	136.0	0.18	0.11	1.55	0.121	1.0	0.9995901155158834
FAM135B	0.533	-1.44	1.71	-0.842	0.4	1.0	0.9995901155158834
FAM136A	804.0	0.1	0.11	0.906	0.365	1.0	0.9995901155158834
FAM13A	81.1	-0.11	0.12	-0.896	0.37	1.0	0.9995901155158834
FAM13B	455.0	-0.01	0.09	-0.158	0.874	1.0	0.9995901155158834
FAM13C	115.0	0.04	0.19	0.215	0.83	1.0	0.9995901155158834
FAM149A	24.3	0.23	0.34	0.676	0.499	1.0	0.9995901155158834
FAM149B1	90.1	-0.01	0.14	-0.0525	0.958	1.0	0.9995901155158834
FAM151A	2.62	1.08	2.03	0.532	0.594	1.0	0.9995901155158834
FAM151B	5.61	0.16	0.59	0.28	0.779	1.0	0.9995901155158834
FAM156A	60.4	-0.34	0.41	-0.844	0.398	1.0	0.9995901155158834
FAM156B	113.0	0.19	0.22	0.87	0.384	1.0	0.9995901155158834
FAM161A	102.0	0.29	0.14	2.13	0.0331	1.0	0.9995901155158834
FAM161B	66.6	-0.1	0.18	-0.594	0.553	1.0	0.9995901155158834
FAM162A	61.8	-0.28	0.17	-1.64	0.101	1.0	0.9995901155158834
FAM162B	31.0	0.18	0.25	0.732	0.464	1.0	0.9995901155158834
FAM163A	9.96	-0.08	0.5	-0.156	0.876	1.0	0.9995901155158834
FAM167A	11.9	0.05	0.35	0.13	0.897	1.0	0.9995901155158834
FAM167B	0.399	1.36	1.84	0.742	0.458	1.0	0.9995901155158834
FAM168A	287.0	0.02	0.1	0.211	0.833	1.0	0.9995901155158834
FAM168B	1650.0	-0.01	0.05	-0.165	0.869	1.0	0.9995901155158834
FAM169A	149.0	0.03	0.12	0.252	0.801	1.0	0.9995901155158834
FAM170B	0.391	-0.37	2.06	-0.179	0.858	1.0	0.9995901155158834
FAM171A1	1240.0	0.05	0.07	0.765	0.445	1.0	0.9995901155158834
FAM171A2	25.4	0.12	0.23	0.534	0.594	1.0	0.9995901155158834
FAM171B	248.0	-0.04	0.11	-0.37	0.712	1.0	0.9995901155158834
FAM172A	196.0	-0.01	0.09	-0.15	0.881	1.0	0.9995901155158834
FAM174A	195.0	-0.05	0.09	-0.557	0.578	1.0	0.9995901155158834
FAM174B	105.0	0.08	0.14	0.614	0.539	1.0	0.9995901155158834
FAM174C	46.0	-0.05	0.25	-0.199	0.842	1.0	0.9995901155158834
FAM177A1	384.0	0.01	0.11	0.0652	0.948	1.0	0.9995901155158834
FAM180A	1.95	1.4	0.75	1.86	0.0631	1.0	0.9995901155158834
FAM180B	0.487	1.19	1.92	0.622	0.534	1.0	0.9995901155158834
FAM181B	2.62	1.23	0.69	1.77	0.0773	1.0	0.9995901155158834
FAM184A	317.0	-0.04	0.13	-0.299	0.765	1.0	0.9995901155158834
FAM184B	0.525	-1.23	1.75	-0.706	0.48	1.0	0.9995901155158834
FAM185A	48.2	0.15	0.26	0.568	0.57	1.0	0.9995901155158834
FAM186B	3.0	-0.27	0.79	-0.344	0.731	1.0	0.9995901155158834
FAM189A1	95.9	-0.03	0.14	-0.208	0.835	1.0	0.9995901155158834
FAM189A2	24.8	-0.05	0.28	-0.166	0.868	1.0	0.9995901155158834
FAM189B	96.2	-0.12	0.14	-0.863	0.388	1.0	0.9995901155158834
FAM193A	277.0	-0.09	0.11	-0.851	0.395	1.0	0.9995901155158834
FAM193B	116.0	0.17	0.14	1.15	0.249	1.0	0.9995901155158834
FAM199X	644.0	0.14	0.1	1.38	0.169	1.0	0.9995901155158834
FAM200A	47.4	-0.19	0.2	-0.949	0.343	1.0	0.9995901155158834
FAM200B	92.3	0.07	0.18	0.369	0.712	1.0	0.9995901155158834
FAM204A	373.0	0.08	0.07	1.23	0.219	1.0	0.9995901155158834
FAM207A	50.6	0.08	0.23	0.36	0.719	1.0	0.9995901155158834
FAM209B	0.891	-0.76	1.24	-0.611	0.541	1.0	0.9995901155158834
FAM20A	9.08	-0.47	0.42	-1.11	0.265	1.0	0.9995901155158834
FAM20B	621.0	-0.09	0.07	-1.33	0.183	1.0	0.9995901155158834
FAM20C	96.4	-0.07	0.16	-0.426	0.67	1.0	0.9995901155158834
FAM210A	218.0	-0.02	0.1	-0.173	0.863	1.0	0.9995901155158834
FAM210B	183.0	0.06	0.12	0.496	0.62	1.0	0.9995901155158834
FAM214A	74.8	0.02	0.21	0.0976	0.922	1.0	0.9995901155158834
FAM214B	51.7	0.03	0.19	0.162	0.871	1.0	0.9995901155158834
FAM216A	53.5	-0.02	0.19	-0.0923	0.926	1.0	0.9995901155158834
FAM217B	155.0	0.07	0.1	0.679	0.497	1.0	0.9995901155158834
FAM219A	403.0	-0.1	0.11	-0.924	0.355	1.0	0.9995901155158834
FAM219B	301.0	-0.09	0.08	-1.15	0.248	1.0	0.9995901155158834
FAM220A	104.0	0.01	0.12	0.101	0.92	1.0	0.9995901155158834
FAM221A	6.52	-0.6	0.44	-1.35	0.176	1.0	0.9995901155158834
FAM222A	7.74	0.45	0.49	0.92	0.358	1.0	0.9995901155158834
FAM222B	134.0	0.1	0.15	0.642	0.521	1.0	0.9995901155158834
FAM227A	8.72	-0.22	0.45	-0.496	0.62	1.0	0.9995901155158834
FAM227B	4.67	-0.3	0.57	-0.52	0.603	1.0	0.9995901155158834
FAM228B	19.3	0.4	0.25	1.6	0.11	1.0	0.9995901155158834
FAM229B	26.8	-0.36	0.23	-1.56	0.118	1.0	0.9995901155158834
FAM234A	314.0	0.05	0.1	0.474	0.636	1.0	0.9995901155158834
FAM234B	339.0	0.02	0.08	0.222	0.825	1.0	0.9995901155158834
FAM241A	925.0	0.18	0.1	1.77	0.0762	1.0	0.9995901155158834
FAM241B	4.4	0.41	0.64	0.646	0.519	1.0	0.9995901155158834
FAM243A	1.68	0.49	0.89	0.552	0.581	1.0	0.9995901155158834
FAM243B	1.68	0.49	0.89	0.552	0.581	1.0	0.9995901155158834
FAM32A	1100.0	-0.06	0.1	-0.601	0.548	1.0	0.9995901155158834
FAM3A	65.2	-0.23	0.18	-1.26	0.208	1.0	0.9995901155158834
FAM3C	1500.0	-0.02	0.06	-0.439	0.661	1.0	0.9995901155158834
FAM3D	0.494	0.35	1.78	0.198	0.843	1.0	0.9995901155158834
FAM43A	408.0	0.01	0.13	0.0787	0.937	1.0	0.9995901155158834
FAM47E	1.37	-0.61	1.22	-0.498	0.619	1.0	0.9995901155158834
FAM47E-STBD1	9.34	-0.8	0.92	-0.878	0.38	1.0	0.9995901155158834
FAM50A	1040.0	-0.14	0.11	-1.27	0.204	1.0	0.9995901155158834
FAM50B	6.19	0.35	0.47	0.738	0.461	1.0	0.9995901155158834
FAM53A	3.93	-0.65	0.65	-0.995	0.32	1.0	0.9995901155158834
FAM53B	142.0	0.19	0.14	1.37	0.17	1.0	0.9995901155158834
FAM53C	368.0	-0.05	0.08	-0.578	0.563	1.0	0.9995901155158834
FAM71E1	4.11	-0.28	0.63	-0.448	0.654	1.0	0.9995901155158834
FAM71F1	2.12	0.48	0.92	0.522	0.601	1.0	0.9995901155158834
FAM71F2	9.52	-0.12	0.4	-0.293	0.769	1.0	0.9995901155158834
FAM72A	42.8	-0.12	0.31	-0.385	0.7	1.0	0.9995901155158834
FAM72B	14.8	0.53	1.04	0.516	0.606	1.0	0.9995901155158834
FAM72C	19.7	0.08	0.67	0.114	0.909	1.0	0.9995901155158834
FAM72D	16.6	-0.4	0.69	-0.578	0.563	1.0	0.9995901155158834
FAM76A	120.0	0.01	0.15	0.0525	0.958	1.0	0.9995901155158834
FAM76B	183.0	-0.04	0.12	-0.333	0.739	1.0	0.9995901155158834
FAM78A	322.0	-0.03	0.1	-0.325	0.745	1.0	0.9995901155158834
FAM78B	10.8	0.06	0.46	0.124	0.902	1.0	0.9995901155158834
FAM81A	9.7	-0.6	0.37	-1.62	0.105	1.0	0.9995901155158834
FAM81B	4.85	0.27	0.56	0.478	0.633	1.0	0.9995901155158834
FAM83B	2.85	-0.09	0.81	-0.108	0.914	1.0	0.9995901155158834
FAM83D	26.9	0.15	0.24	0.62	0.535	1.0	0.9995901155158834
FAM83E	3.23	0.86	0.65	1.32	0.186	1.0	0.9995901155158834
FAM83F	5.53	0.03	0.58	0.0536	0.957	1.0	0.9995901155158834
FAM83G	7.93	0.16	0.47	0.345	0.73	1.0	0.9995901155158834
FAM83H	49.0	-0.21	0.25	-0.851	0.395	1.0	0.9995901155158834
FAM86B1	78.6	-0.2	0.14	-1.4	0.16	1.0	0.9995901155158834
FAM86B2	17.1	0.8	0.99	0.808	0.419	1.0	0.9995901155158834
FAM89A	114.0	-0.23	0.13	-1.85	0.0644	1.0	0.9995901155158834
FAM89B	45.8	-0.1	0.26	-0.386	0.7	1.0	0.9995901155158834
FAM8A1	279.0	0.11	0.12	0.917	0.359	1.0	0.9995901155158834
FAM90A1	0.436	-0.52	1.71	-0.301	0.763	1.0	0.9995901155158834
FAM91A1	364.0	0.08	0.12	0.654	0.513	1.0	0.9995901155158834
FAM98A	304.0	-0.07	0.1	-0.744	0.457	1.0	0.9995901155158834
FAM98B	412.0	0.0	0.1	0.00994	0.992	1.0	0.9995901155158834
FAM98C	8.01	-0.54	0.55	-0.979	0.328	1.0	0.9995901155158834
FAM9B	0.938	-1.23	1.4	-0.878	0.38	1.0	0.9995901155158834
FAM9C	0.791	0.23	1.42	0.159	0.874	1.0	0.9995901155158834
FAN1	190.0	-0.02	0.13	-0.182	0.856	1.0	0.9995901155158834
FANCA	70.0	-0.03	0.15	-0.2	0.842	1.0	0.9995901155158834
FANCB	31.3	0.47	0.22	2.17	0.0302	1.0	0.9995901155158834
FANCC	74.0	0.06	0.15	0.403	0.687	1.0	0.9995901155158834
FANCD2	107.0	0.12	0.15	0.806	0.42	1.0	0.9995901155158834
FANCE	102.0	-0.11	0.15	-0.734	0.463	1.0	0.9995901155158834
FANCF	129.0	0.18	0.14	1.31	0.19	1.0	0.9995901155158834
FANCG	71.2	0.09	0.19	0.508	0.611	1.0	0.9995901155158834
FANCI	265.0	0.05	0.12	0.439	0.661	1.0	0.9995901155158834
FANCL	98.5	0.1	0.13	0.733	0.463	1.0	0.9995901155158834
FANCM	133.0	0.15	0.16	0.889	0.374	1.0	0.9995901155158834
FANK1	31.5	-0.06	0.28	-0.22	0.826	1.0	0.9995901155158834
FAR1	963.0	0.11	0.09	1.22	0.221	1.0	0.9995901155158834
FAR2	488.0	-0.03	0.1	-0.286	0.775	1.0	0.9995901155158834
FARP1	894.0	-0.01	0.09	-0.122	0.903	1.0	0.9995901155158834
FARP2	55.4	-0.09	0.18	-0.518	0.605	1.0	0.9995901155158834
FARS2	45.8	-0.03	0.19	-0.131	0.895	1.0	0.9995901155158834
FARSA	688.0	-0.05	0.11	-0.496	0.62	1.0	0.9995901155158834
FARSB	185.0	-0.1	0.1	-0.99	0.322	1.0	0.9995901155158834
FAS	129.0	0.06	0.14	0.407	0.684	1.0	0.9995901155158834
FASN	1580.0	-0.06	0.1	-0.559	0.576	1.0	0.9995901155158834
FASTK	82.4	0.03	0.16	0.157	0.875	1.0	0.9995901155158834
FASTKD1	153.0	-0.06	0.1	-0.604	0.546	1.0	0.9995901155158834
FASTKD2	290.0	0.03	0.11	0.311	0.756	1.0	0.9995901155158834
FASTKD3	60.9	-0.03	0.16	-0.169	0.865	1.0	0.9995901155158834
FASTKD5	110.0	0.01	0.11	0.105	0.917	1.0	0.9995901155158834
FAT1	2500.0	0.01	0.15	0.0449	0.964	1.0	0.9995901155158834
FAT2	1.27	0.55	1.12	0.495	0.621	1.0	0.9995901155158834
FAT3	65.3	-0.26	0.26	-1.0	0.315	1.0	0.9995901155158834
FAT4	573.0	-0.08	0.12	-0.641	0.521	1.0	0.9995901155158834
FAU	771.0	0.01	0.08	0.0894	0.929	1.0	0.9995901155158834
FAXC	25.3	0.44	0.27	1.61	0.107	1.0	0.9995901155158834
FAXDC2	14.9	0.37	0.38	0.977	0.328	1.0	0.9995901155158834
FBF1	22.4	-0.31	0.29	-1.06	0.29	1.0	0.9995901155158834
FBH1	893.0	-0.11	0.07	-1.5	0.135	1.0	0.9995901155158834
FBL	249.0	-0.14	0.12	-1.16	0.248	1.0	0.9995901155158834
FBLIM1	579.0	0.02	0.1	0.245	0.807	1.0	0.9995901155158834
FBLL1	5.6	-0.46	0.47	-0.989	0.322	1.0	0.9995901155158834
FBLN1	458.0	-0.04	0.09	-0.443	0.658	1.0	0.9995901155158834
FBLN2	17.3	-0.19	0.29	-0.674	0.5	1.0	0.9995901155158834
FBLN5	6.75	-0.29	0.49	-0.594	0.552	1.0	0.9995901155158834
FBN1	1800.0	-0.02	0.11	-0.216	0.829	1.0	0.9995901155158834
FBN2	2580.0	-0.06	0.12	-0.5	0.617	1.0	0.9995901155158834
FBN3	16.3	0.12	0.3	0.394	0.694	1.0	0.9995901155158834
FBP1	4.61	-0.09	0.58	-0.149	0.881	1.0	0.9995901155158834
FBP2	2.36	-0.48	0.94	-0.508	0.612	1.0	0.9995901155158834
FBRS	150.0	-0.13	0.13	-1.02	0.306	1.0	0.9995901155158834
FBRSL1	101.0	0.11	0.14	0.767	0.443	1.0	0.9995901155158834
FBXL12	76.9	-0.06	0.17	-0.382	0.702	1.0	0.9995901155158834
FBXL13	6.29	0.1	0.47	0.214	0.831	1.0	0.9995901155158834
FBXL14	23.4	-0.01	0.29	-0.0438	0.965	1.0	0.9995901155158834
FBXL15	27.0	-0.16	0.25	-0.643	0.52	1.0	0.9995901155158834
FBXL16	0.581	-0.44	1.53	-0.287	0.774	1.0	0.9995901155158834
FBXL17	196.0	-0.01	0.1	-0.0574	0.954	1.0	0.9995901155158834
FBXL18	182.0	0.16	0.14	1.16	0.248	1.0	0.9995901155158834
FBXL19	184.0	0.09	0.1	0.874	0.382	1.0	0.9995901155158834
FBXL2	114.0	-0.14	0.14	-1.03	0.305	1.0	0.9995901155158834
FBXL20	160.0	0.05	0.11	0.42	0.674	1.0	0.9995901155158834
FBXL22	3.61	0.33	0.61	0.54	0.589	1.0	0.9995901155158834
FBXL3	328.0	0.09	0.08	1.11	0.268	1.0	0.9995901155158834
FBXL4	160.0	0.13	0.11	1.11	0.265	1.0	0.9995901155158834
FBXL5	988.0	-0.01	0.07	-0.0906	0.928	1.0	0.9995901155158834
FBXL6	10.6	-0.13	0.38	-0.349	0.727	1.0	0.9995901155158834
FBXL7	294.0	0.12	0.11	1.06	0.288	1.0	0.9995901155158834
FBXL8	1.78	-0.01	1.23	-0.00535	0.996	1.0	0.9995901155158834
FBXO10	180.0	0.0	0.14	0.00269	0.998	1.0	0.9995901155158834
FBXO11	1530.0	-0.01	0.07	-0.22	0.826	1.0	0.9995901155158834
FBXO15	0.676	0.58	1.36	0.425	0.671	1.0	0.9995901155158834
FBXO16	4.89	-0.32	0.52	-0.623	0.534	1.0	0.9995901155158834
FBXO17	33.9	-0.36	0.21	-1.69	0.0906	1.0	0.9995901155158834
FBXO21	556.0	0.06	0.1	0.597	0.551	1.0	0.9995901155158834
FBXO22	501.0	-0.14	0.13	-1.13	0.257	1.0	0.9995901155158834
FBXO24	0.707	1.83	1.65	1.11	0.266	1.0	0.9995901155158834
FBXO25	95.6	0.17	0.13	1.31	0.189	1.0	0.9995901155158834
FBXO27	7.21	-0.01	0.46	-0.027	0.978	1.0	0.9995901155158834
FBXO28	250.0	0.07	0.1	0.766	0.444	1.0	0.9995901155158834
FBXO3	486.0	-0.05	0.1	-0.497	0.619	1.0	0.9995901155158834
FBXO30	396.0	0.05	0.08	0.586	0.558	1.0	0.9995901155158834
FBXO31	79.8	-0.28	0.16	-1.68	0.0923	1.0	0.9995901155158834
FBXO32	4.62	-0.34	0.52	-0.665	0.506	1.0	0.9995901155158834
FBXO33	61.3	0.27	0.17	1.6	0.109	1.0	0.9995901155158834
FBXO34	142.0	-0.08	0.12	-0.689	0.491	1.0	0.9995901155158834
FBXO36	11.8	0.47	0.32	1.47	0.14	1.0	0.9995901155158834
FBXO38	311.0	-0.04	0.1	-0.432	0.666	1.0	0.9995901155158834
FBXO39	2.34	0.02	0.79	0.0272	0.978	1.0	0.9995901155158834
FBXO4	28.1	-0.17	0.25	-0.679	0.497	1.0	0.9995901155158834
FBXO41	13.4	0.45	0.3	1.5	0.135	1.0	0.9995901155158834
FBXO42	117.0	0.02	0.14	0.152	0.879	1.0	0.9995901155158834
FBXO43	2.93	-0.9	0.77	-1.17	0.241	1.0	0.9995901155158834
FBXO44	13.1	-0.2	0.36	-0.549	0.583	1.0	0.9995901155158834
FBXO45	380.0	-0.03	0.11	-0.242	0.809	1.0	0.9995901155158834
FBXO46	54.2	0.05	0.21	0.233	0.816	1.0	0.9995901155158834
FBXO48	26.5	0.08	0.25	0.309	0.757	1.0	0.9995901155158834
FBXO5	81.5	0.13	0.2	0.648	0.517	1.0	0.9995901155158834
FBXO6	7.91	0.47	0.5	0.94	0.347	1.0	0.9995901155158834
FBXO7	417.0	0.08	0.09	0.901	0.367	1.0	0.9995901155158834
FBXO8	82.7	-0.25	0.16	-1.62	0.105	1.0	0.9995901155158834
FBXO9	211.0	0.07	0.09	0.717	0.473	1.0	0.9995901155158834
FBXW11	458.0	0.02	0.08	0.244	0.807	1.0	0.9995901155158834
FBXW2	726.0	0.02	0.06	0.327	0.744	1.0	0.9995901155158834
FBXW4	46.6	-0.09	0.22	-0.408	0.683	1.0	0.9995901155158834
FBXW5	238.0	-0.21	0.17	-1.23	0.218	1.0	0.9995901155158834
FBXW7	340.0	-0.01	0.13	-0.102	0.919	1.0	0.9995901155158834
FBXW8	218.0	0.03	0.14	0.246	0.806	1.0	0.9995901155158834
FBXW9	22.3	0.1	0.26	0.4	0.689	1.0	0.9995901155158834
FCAR	4.11	0.32	0.68	0.476	0.634	1.0	0.9995901155158834
FCER1G	3.23	-0.47	0.75	-0.627	0.531	1.0	0.9995901155158834
FCF1	456.0	0.08	0.09	0.868	0.385	1.0	0.9995901155158834
FCGBP	2.04	0.61	0.91	0.673	0.501	1.0	0.9995901155158834
FCGR1A	0.492	-1.81	1.91	-0.948	0.343	1.0	0.9995901155158834
FCGRT	765.0	-0.03	0.12	-0.281	0.778	1.0	0.9995901155158834
FCHO1	1.0	0.04	1.3	0.0316	0.975	1.0	0.9995901155158834
FCHO2	242.0	0.1	0.09	1.12	0.261	1.0	0.9995901155158834
FCHSD1	139.0	0.14	0.13	1.11	0.268	1.0	0.9995901155158834
FCHSD2	408.0	0.02	0.1	0.191	0.848	1.0	0.9995901155158834
FCMR	1.13	0.31	1.2	0.26	0.795	1.0	0.9995901155158834
FCN1	40.4	-0.13	0.31	-0.412	0.68	1.0	0.9995901155158834
FCN3	12.8	0.06	0.33	0.186	0.852	1.0	0.9995901155158834
FCRLB	3.8	0.34	0.6	0.561	0.575	1.0	0.9995901155158834
FCSK	33.9	-0.19	0.26	-0.737	0.461	1.0	0.9995901155158834
FDFT1	1570.0	-0.0	0.09	-0.000789	0.999	1.0	0.9995901155158834
FDPS	3130.0	-0.06	0.09	-0.635	0.525	1.0	0.9995901155158834
FDX1	638.0	0.16	0.11	1.37	0.171	1.0	0.9995901155158834
FDX2	48.2	0.05	0.2	0.232	0.817	1.0	0.9995901155158834
FDXACB1	23.8	0.22	0.26	0.853	0.394	1.0	0.9995901155158834
FDXR	74.9	-0.38	0.17	-2.21	0.0272	1.0	0.9995901155158834
FECH	188.0	0.04	0.12	0.346	0.729	1.0	0.9995901155158834
FEM1A	375.0	0.1	0.11	0.918	0.359	1.0	0.9995901155158834
FEM1B	809.0	0.05	0.08	0.59	0.555	1.0	0.9995901155158834
FEM1C	230.0	-0.09	0.1	-0.874	0.382	1.0	0.9995901155158834
FEN1	391.0	0.0	0.11	0.00991	0.992	1.0	0.9995901155158834
FER	448.0	-0.16	0.11	-1.46	0.145	1.0	0.9995901155158834
FER1L5	1.14	-1.47	1.13	-1.3	0.194	1.0	0.9995901155158834
FER1L6	1.07	1.98	1.21	1.64	0.102	1.0	0.9995901155158834
FERMT1	1.68	0.08	1.1	0.0738	0.941	1.0	0.9995901155158834
FERMT2	1110.0	-0.17	0.08	-2.25	0.0246	1.0	0.9995901155158834
FERMT3	89.3	-0.1	0.18	-0.527	0.598	1.0	0.9995901155158834
FES	241.0	0.05	0.15	0.335	0.737	1.0	0.9995901155158834
FEV	0.834	0.34	1.23	0.276	0.782	1.0	0.9995901155158834
FEZ1	287.0	-0.11	0.11	-0.998	0.318	1.0	0.9995901155158834
FEZ2	540.0	0.01	0.07	0.0988	0.921	1.0	0.9995901155158834
FFAR2	2.23	-0.56	0.88	-0.633	0.527	1.0	0.9995901155158834
FFAR3	2.14	0.22	1.03	0.219	0.827	1.0	0.9995901155158834
FFAR4	0.616	0.41	1.56	0.26	0.795	1.0	0.9995901155158834
FGB	0.495	0.29	1.82	0.157	0.875	1.0	0.9995901155158834
FGD1	69.4	0.08	0.18	0.445	0.656	1.0	0.9995901155158834
FGD2	0.451	0.37	1.85	0.2	0.841	1.0	0.9995901155158834
FGD3	1.75	-1.82	1.05	-1.73	0.0831	1.0	0.9995901155158834
FGD4	39.5	0.17	0.2	0.85	0.395	1.0	0.9995901155158834
FGD5	2160.0	-0.12	0.09	-1.26	0.208	1.0	0.9995901155158834
FGD6	226.0	-0.02	0.15	-0.13	0.897	1.0	0.9995901155158834
FGF1	3.64	0.14	0.85	0.17	0.865	1.0	0.9995901155158834
FGF10	119.0	0.0	0.14	0.0293	0.977	1.0	0.9995901155158834
FGF11	25.3	-0.22	0.28	-0.79	0.43	1.0	0.9995901155158834
FGF12	218.0	0.04	0.11	0.346	0.73	1.0	0.9995901155158834
FGF13	87.7	0.23	0.17	1.37	0.171	1.0	0.9995901155158834
FGF2	49.5	0.02	0.25	0.0776	0.938	1.0	0.9995901155158834
FGF23	0.542	1.29	1.74	0.738	0.461	1.0	0.9995901155158834
FGF5	2.23	1.04	0.85	1.22	0.222	1.0	0.9995901155158834
FGF7	0.697	-0.62	1.49	-0.416	0.677	1.0	0.9995901155158834
FGF9	1.77	-1.03	0.96	-1.08	0.282	1.0	0.9995901155158834
FGFBP3	65.5	-0.0	0.19	-0.0206	0.984	1.0	0.9995901155158834
FGFR1	1070.0	-0.02	0.08	-0.269	0.788	1.0	0.9995901155158834
FGFR1OP2	329.0	0.09	0.12	0.781	0.435	1.0	0.9995901155158834
FGFR2	35.4	-0.18	0.29	-0.616	0.538	1.0	0.9995901155158834
FGFR3	21.7	0.09	0.38	0.241	0.809	1.0	0.9995901155158834
FGFR4	5.6	0.43	0.56	0.771	0.441	1.0	0.9995901155158834
FGFRL1	44.8	0.06	0.23	0.263	0.793	1.0	0.9995901155158834
FGGY	12.3	-0.34	0.33	-1.02	0.307	1.0	0.9995901155158834
FGL2	0.546	-1.94	1.92	-1.01	0.311	1.0	0.9995901155158834
FGR	3.44	-0.96	0.63	-1.52	0.129	1.0	0.9995901155158834
FH	256.0	-0.11	0.1	-1.13	0.257	1.0	0.9995901155158834
FHAD1	11.6	0.4	0.34	1.17	0.242	1.0	0.9995901155158834
FHDC1	38.6	-0.37	0.23	-1.63	0.103	1.0	0.9995901155158834
FHIP1A	3.12	0.13	0.69	0.185	0.853	1.0	0.9995901155158834
FHIP1B	41.3	-0.07	0.24	-0.29	0.772	1.0	0.9995901155158834
FHIP2A	483.0	0.07	0.11	0.69	0.49	1.0	0.9995901155158834
FHIP2B	98.3	-0.17	0.17	-0.972	0.331	1.0	0.9995901155158834
FHIT	10.5	-0.38	0.36	-1.07	0.284	1.0	0.9995901155158834
FHL1	123.0	-0.08	0.12	-0.641	0.521	1.0	0.9995901155158834
FHL2	65.5	0.3	0.21	1.43	0.152	1.0	0.9995901155158834
FHL3	136.0	-0.09	0.18	-0.498	0.619	1.0	0.9995901155158834
FHOD1	234.0	0.08	0.16	0.535	0.593	1.0	0.9995901155158834
FHOD3	15.9	0.29	0.29	0.997	0.319	1.0	0.9995901155158834
FIBCD1	0.438	-1.59	1.96	-0.809	0.418	1.0	0.9995901155158834
FIBP	305.0	-0.03	0.17	-0.189	0.85	1.0	0.9995901155158834
FICD	20.9	-0.09	0.24	-0.376	0.707	1.0	0.9995901155158834
FIG4	175.0	-0.14	0.12	-1.16	0.244	1.0	0.9995901155158834
FIGN	82.9	0.08	0.15	0.507	0.612	1.0	0.9995901155158834
FIGNL1	437.0	0.02	0.13	0.17	0.865	1.0	0.9995901155158834
FIGNL2	251.0	-0.02	0.11	-0.182	0.856	1.0	0.9995901155158834
FILIP1	1870.0	-0.07	0.13	-0.585	0.559	1.0	0.9995901155158834
FILIP1L	475.0	-0.1	0.13	-0.798	0.425	1.0	0.9995901155158834
FIP1L1	603.0	-0.02	0.09	-0.248	0.804	1.0	0.9995901155158834
FIS1	604.0	-0.07	0.09	-0.828	0.408	1.0	0.9995901155158834
FITM2	66.7	-0.01	0.16	-0.032	0.974	1.0	0.9995901155158834
FIZ1	20.5	-0.04	0.27	-0.138	0.89	1.0	0.9995901155158834
FJX1	113.0	-0.06	0.14	-0.407	0.684	1.0	0.9995901155158834
FKBP10	584.0	-0.01	0.1	-0.073	0.942	1.0	0.9995901155158834
FKBP11	6.29	-0.4	0.53	-0.747	0.455	1.0	0.9995901155158834
FKBP14	212.0	-0.1	0.11	-0.875	0.382	1.0	0.9995901155158834
FKBP15	371.0	-0.1	0.09	-1.19	0.235	1.0	0.9995901155158834
FKBP1A	4840.0	0.04	0.08	0.508	0.611	1.0	0.9995901155158834
FKBP1B	18.8	-0.17	0.38	-0.446	0.656	1.0	0.9995901155158834
FKBP2	206.0	-0.03	0.27	-0.111	0.912	1.0	0.9995901155158834
FKBP3	625.0	-0.02	0.1	-0.186	0.852	1.0	0.9995901155158834
FKBP4	865.0	0.01	0.1	0.0607	0.952	1.0	0.9995901155158834
FKBP5	1080.0	0.2	0.14	1.44	0.149	1.0	0.9995901155158834
FKBP6	2.12	1.14	1.06	1.07	0.283	1.0	0.9995901155158834
FKBP7	142.0	-0.06	0.13	-0.438	0.662	1.0	0.9995901155158834
FKBP8	1470.0	0.01	0.12	0.102	0.919	1.0	0.9995901155158834
FKBP9	2060.0	-0.02	0.06	-0.366	0.715	1.0	0.9995901155158834
FKBPL	25.0	-0.28	0.3	-0.945	0.345	1.0	0.9995901155158834
FKRP	147.0	-0.2	0.15	-1.37	0.172	1.0	0.9995901155158834
FKTN	151.0	0.11	0.13	0.845	0.398	1.0	0.9995901155158834
FLACC1	2.28	-2.35	0.95	-2.48	0.0132	1.0	0.9995901155158834
FLAD1	117.0	-0.13	0.11	-1.19	0.234	1.0	0.9995901155158834
FLCN	308.0	0.02	0.09	0.257	0.797	1.0	0.9995901155158834
FLG2	0.832	2.14	1.37	1.56	0.118	1.0	0.9995901155158834
FLI1	4650.0	0.09	0.11	0.762	0.446	1.0	0.9995901155158834
FLII	1480.0	-0.06	0.08	-0.807	0.42	1.0	0.9995901155158834
FLJ44635	1.81	-0.85	1.11	-0.77	0.441	1.0	0.9995901155158834
FLNA	7750.0	-0.09	0.1	-0.927	0.354	1.0	0.9995901155158834
FLNB	2500.0	-0.06	0.1	-0.579	0.563	1.0	0.9995901155158834
FLNC	867.0	-0.01	0.33	-0.0302	0.976	1.0	0.9995901155158834
FLOT1	1270.0	-0.12	0.07	-1.66	0.097	1.0	0.9995901155158834
FLOT2	1270.0	-0.02	0.06	-0.378	0.706	1.0	0.9995901155158834
FLRT1	3.1	-0.68	0.75	-0.909	0.363	1.0	0.9995901155158834
FLRT2	539.0	0.04	0.15	0.293	0.769	1.0	0.9995901155158834
FLRT3	37.9	-0.26	0.25	-1.04	0.298	1.0	0.9995901155158834
FLT1	18900.0	0.02	0.04	0.384	0.701	1.0	0.9995901155158834
FLT4	484.0	-0.17	0.12	-1.42	0.157	1.0	0.9995901155158834
FLVCR1	137.0	0.06	0.16	0.357	0.721	1.0	0.9995901155158834
FLVCR2	27.9	0.35	0.22	1.59	0.112	1.0	0.9995901155158834
FLYWCH1	91.5	0.03	0.2	0.166	0.868	1.0	0.9995901155158834
FLYWCH2	107.0	-0.22	0.19	-1.13	0.26	1.0	0.9995901155158834
FMC1	6.29	-0.22	0.46	-0.481	0.631	1.0	0.9995901155158834
FMC1-LUC7L2	199.0	-0.09	0.37	-0.235	0.814	1.0	0.9995901155158834
FMN1	4.84	0.1	0.52	0.191	0.849	1.0	0.9995901155158834
FMN2	3.61	0.53	0.72	0.731	0.465	1.0	0.9995901155158834
FMNL1	23.9	-0.23	0.29	-0.806	0.42	1.0	0.9995901155158834
FMNL2	666.0	0.01	0.11	0.0962	0.923	1.0	0.9995901155158834
FMNL3	1060.0	-0.03	0.09	-0.396	0.692	1.0	0.9995901155158834
FMO4	15.6	0.15	0.27	0.535	0.592	1.0	0.9995901155158834
FMO5	5.93	-0.36	0.45	-0.808	0.419	1.0	0.9995901155158834
FMOD	2.79	0.35	0.74	0.48	0.631	1.0	0.9995901155158834
FMR1	501.0	-0.02	0.09	-0.238	0.812	1.0	0.9995901155158834
FN1	15200.0	-0.04	0.15	-0.271	0.786	1.0	0.9995901155158834
FN3K	34.4	0.06	0.3	0.192	0.848	1.0	0.9995901155158834
FN3KRP	184.0	-0.11	0.13	-0.886	0.376	1.0	0.9995901155158834
FNBP1	662.0	-0.1	0.16	-0.646	0.518	1.0	0.9995901155158834
FNBP1L	2190.0	0.03	0.08	0.438	0.661	1.0	0.9995901155158834
FNBP4	399.0	0.02	0.1	0.238	0.812	1.0	0.9995901155158834
FNDC1	5.44	-0.19	0.53	-0.359	0.719	1.0	0.9995901155158834
FNDC10	7.36	-0.5	0.5	-0.999	0.318	1.0	0.9995901155158834
FNDC11	0.893	0.2	1.53	0.13	0.897	1.0	0.9995901155158834
FNDC3A	934.0	0.06	0.09	0.632	0.527	1.0	0.9995901155158834
FNDC3B	2210.0	-0.02	0.09	-0.161	0.872	1.0	0.9995901155158834
FNDC4	72.6	0.01	0.21	0.0416	0.967	1.0	0.9995901155158834
FNDC5	2.49	-1.2	0.78	-1.55	0.122	1.0	0.9995901155158834
FNIP1	362.0	0.01	0.08	0.162	0.871	1.0	0.9995901155158834
FNIP2	663.0	-0.01	0.08	-0.122	0.903	1.0	0.9995901155158834
FNTA	368.0	-0.06	0.1	-0.619	0.536	1.0	0.9995901155158834
FNTB	23.0	-1.25	0.54	-2.31	0.0211	1.0	0.9995901155158834
FOCAD	329.0	-0.02	0.09	-0.222	0.824	1.0	0.9995901155158834
FOLH1	31.0	-0.28	0.25	-1.16	0.247	1.0	0.9995901155158834
FOLH1B	0.636	-2.1	1.65	-1.27	0.204	1.0	0.9995901155158834
FOS	4.15	0.41	0.52	0.793	0.428	1.0	0.9995901155158834
FOSB	4.76	1.29	0.69	1.88	0.0599	1.0	0.9995901155158834
FOSL1	65.9	-0.09	0.21	-0.442	0.658	1.0	0.9995901155158834
FOSL2	574.0	0.01	0.12	0.0481	0.962	1.0	0.9995901155158834
FOXA1	49.0	0.49	0.19	2.53	0.0112	1.0	0.9995901155158834
FOXC1	1030.0	0.15	0.11	1.42	0.155	1.0	0.9995901155158834
FOXC2	35.6	0.23	0.29	0.814	0.416	1.0	0.9995901155158834
FOXD1	5.54	0.35	0.6	0.592	0.554	1.0	0.9995901155158834
FOXD4L4	0.652	1.26	1.86	0.677	0.498	1.0	0.9995901155158834
FOXD4L5	0.904	-0.19	1.45	-0.133	0.894	1.0	0.9995901155158834
FOXF1	18.7	0.16	0.31	0.512	0.609	1.0	0.9995901155158834
FOXF2	0.555	-0.23	1.74	-0.132	0.895	1.0	0.9995901155158834
FOXH1	0.869	-2.66	1.75	-1.52	0.129	1.0	0.9995901155158834
FOXI3	0.542	-1.92	1.72	-1.11	0.265	1.0	0.9995901155158834
FOXJ2	245.0	0.06	0.1	0.541	0.589	1.0	0.9995901155158834
FOXJ3	508.0	0.06	0.11	0.594	0.553	1.0	0.9995901155158834
FOXK1	1560.0	0.09	0.07	1.31	0.19	1.0	0.9995901155158834
FOXK2	587.0	0.05	0.08	0.628	0.53	1.0	0.9995901155158834
FOXL1	84.5	-0.19	0.17	-1.14	0.255	1.0	0.9995901155158834
FOXL2	6.33	0.5	0.55	0.918	0.359	1.0	0.9995901155158834
FOXL2NB	9.6	0.07	0.33	0.216	0.829	1.0	0.9995901155158834
FOXM1	97.7	-0.06	0.14	-0.45	0.653	1.0	0.9995901155158834
FOXN2	213.0	-0.06	0.1	-0.616	0.538	1.0	0.9995901155158834
FOXN3	407.0	0.04	0.11	0.396	0.692	1.0	0.9995901155158834
FOXO1	648.0	0.03	0.08	0.392	0.695	1.0	0.9995901155158834
FOXO3	270.0	0.05	0.13	0.378	0.706	1.0	0.9995901155158834
FOXO3B	135.0	-0.09	0.12	-0.702	0.483	1.0	0.9995901155158834
FOXO4	80.1	0.12	0.15	0.821	0.412	1.0	0.9995901155158834
FOXP1	134.0	0.06	0.12	0.508	0.611	1.0	0.9995901155158834
FOXP2	9.95	-0.31	0.44	-0.709	0.478	1.0	0.9995901155158834
FOXP3	1.53	0.56	1.0	0.561	0.575	1.0	0.9995901155158834
FOXP4	41.7	0.24	0.21	1.12	0.261	1.0	0.9995901155158834
FOXRED1	122.0	0.07	0.14	0.52	0.603	1.0	0.9995901155158834
FOXRED2	62.4	-0.01	0.14	-0.0787	0.937	1.0	0.9995901155158834
FOXS1	3.22	0.41	0.74	0.553	0.581	1.0	0.9995901155158834
FPGS	73.4	0.02	0.19	0.0994	0.921	1.0	0.9995901155158834
FPGT	113.0	0.01	0.13	0.0642	0.949	1.0	0.9995901155158834
FPGT-TNNI3K	3.45	-0.92	1.56	-0.59	0.555	1.0	0.9995901155158834
FRA10AC1	252.0	0.08	0.09	0.963	0.335	1.0	0.9995901155158834
FRAS1	234.0	-0.2	0.16	-1.19	0.235	1.0	0.9995901155158834
FRAT1	30.4	-0.03	0.21	-0.146	0.884	1.0	0.9995901155158834
FRAT2	247.0	-0.04	0.1	-0.375	0.708	1.0	0.9995901155158834
FREM1	32.3	0.42	0.25	1.67	0.094	1.0	0.9995901155158834
FREM2	75.8	0.17	0.23	0.754	0.451	1.0	0.9995901155158834
FREM3	0.853	0.48	1.32	0.361	0.718	1.0	0.9995901155158834
FRG1	227.0	0.1	0.1	1.07	0.284	1.0	0.9995901155158834
FRG2C	4.99	-0.03	0.54	-0.0603	0.952	1.0	0.9995901155158834
FRK	159.0	0.21	0.17	1.25	0.212	1.0	0.9995901155158834
FRMD3	233.0	0.11	0.31	0.366	0.714	1.0	0.9995901155158834
FRMD4A	818.0	-0.01	0.1	-0.0539	0.957	1.0	0.9995901155158834
FRMD4B	866.0	0.02	0.07	0.295	0.768	1.0	0.9995901155158834
FRMD5	14.3	0.12	0.36	0.334	0.738	1.0	0.9995901155158834
FRMD6	202.0	-0.07	0.11	-0.671	0.502	1.0	0.9995901155158834
FRMD8	756.0	-0.06	0.11	-0.519	0.604	1.0	0.9995901155158834
FRMPD2	2.01	-0.35	0.96	-0.363	0.716	1.0	0.9995901155158834
FRMPD3	0.629	0.75	1.69	0.442	0.658	1.0	0.9995901155158834
FRRS1	61.8	0.07	0.16	0.46	0.645	1.0	0.9995901155158834
FRRS1L	4.88	0.09	0.55	0.166	0.868	1.0	0.9995901155158834
FRS2	115.0	0.09	0.13	0.723	0.469	1.0	0.9995901155158834
FRS3	33.7	0.08	0.26	0.3	0.764	1.0	0.9995901155158834
FRY	19.3	0.07	0.25	0.301	0.763	1.0	0.9995901155158834
FRYL	842.0	0.12	0.11	1.06	0.29	1.0	0.9995901155158834
FRZB	161.0	0.0	0.13	0.0335	0.973	1.0	0.9995901155158834
FSBP	76.0	-0.26	0.54	-0.48	0.631	1.0	0.9995901155158834
FSCN1	4400.0	0.06	0.1	0.672	0.502	1.0	0.9995901155158834
FSD1	8.81	0.18	0.41	0.44	0.66	1.0	0.9995901155158834
FSD1L	31.5	0.26	0.24	1.05	0.293	1.0	0.9995901155158834
FSD2	7.6	0.34	0.38	0.892	0.373	1.0	0.9995901155158834
FSIP1	6.97	-0.16	0.48	-0.341	0.733	1.0	0.9995901155158834
FSIP2	12.6	-0.04	0.32	-0.109	0.913	1.0	0.9995901155158834
FST	11.7	-0.89	0.38	-2.37	0.0177	1.0	0.9995901155158834
FSTL1	5020.0	0.02	0.05	0.418	0.676	1.0	0.9995901155158834
FSTL3	23.6	-0.04	0.28	-0.155	0.877	1.0	0.9995901155158834
FSTL4	1.08	0.23	1.14	0.204	0.839	1.0	0.9995901155158834
FSTL5	5.61	0.84	0.5	1.67	0.0946	1.0	0.9995901155158834
FTCDNL1	4.29	0.82	0.64	1.28	0.2	1.0	0.9995901155158834
FTH1	1580.0	-0.08	0.1	-0.844	0.399	1.0	0.9995901155158834
FTL	2290.0	-0.05	0.14	-0.335	0.738	1.0	0.9995901155158834
FTO	449.0	-0.04	0.09	-0.437	0.662	1.0	0.9995901155158834
FTSJ1	152.0	0.04	0.13	0.31	0.757	1.0	0.9995901155158834
FTSJ3	1060.0	-0.05	0.11	-0.413	0.68	1.0	0.9995901155158834
FUBP1	1550.0	-0.03	0.08	-0.45	0.653	1.0	0.9995901155158834
FUBP3	1640.0	0.08	0.08	1.05	0.294	1.0	0.9995901155158834
FUCA1	76.1	-0.22	0.15	-1.43	0.154	1.0	0.9995901155158834
FUCA2	942.0	-0.05	0.07	-0.76	0.447	1.0	0.9995901155158834
FUNDC1	76.6	-0.03	0.16	-0.164	0.87	1.0	0.9995901155158834
FUNDC2	331.0	-0.04	0.09	-0.5	0.617	1.0	0.9995901155158834
FUOM	29.0	-0.17	0.24	-0.712	0.477	1.0	0.9995901155158834
FURIN	2760.0	-0.03	0.07	-0.448	0.654	1.0	0.9995901155158834
FUS	1740.0	-0.02	0.12	-0.146	0.884	1.0	0.9995901155158834
FUT1	77.7	-0.02	0.18	-0.0914	0.927	1.0	0.9995901155158834
FUT10	80.6	0.12	0.17	0.707	0.48	1.0	0.9995901155158834
FUT11	206.0	-0.02	0.14	-0.133	0.894	1.0	0.9995901155158834
FUT2	5.99	-0.0	0.67	-0.00704	0.994	1.0	0.9995901155158834
FUT3	0.763	-0.5	1.52	-0.328	0.743	1.0	0.9995901155158834
FUT4	242.0	-0.05	0.13	-0.349	0.727	1.0	0.9995901155158834
FUT6	3.21	1.52	0.72	2.11	0.0345	1.0	0.9995901155158834
FUT8	314.0	-0.11	0.08	-1.25	0.21	1.0	0.9995901155158834
FUT9	2.97	1.98	0.79	2.51	0.0122	1.0	0.9995901155158834
FUZ	9.84	-0.52	0.4	-1.32	0.188	1.0	0.9995901155158834
FXN	120.0	0.17	0.15	1.18	0.24	1.0	0.9995901155158834
FXR1	1430.0	-0.0	0.1	-0.0301	0.976	1.0	0.9995901155158834
FXR2	234.0	-0.1	0.09	-1.13	0.259	1.0	0.9995901155158834
FXYD5	105.0	-0.1	0.19	-0.514	0.607	1.0	0.9995901155158834
FXYD6	97.7	-0.06	0.15	-0.429	0.668	1.0	0.9995901155158834
FYB1	1.0	1.17	1.17	0.998	0.318	1.0	0.9995901155158834
FYCO1	261.0	-0.04	0.12	-0.369	0.712	1.0	0.9995901155158834
FYN	1780.0	-0.02	0.09	-0.256	0.798	1.0	0.9995901155158834
FYTTD1	980.0	0.04	0.07	0.633	0.527	1.0	0.9995901155158834
FZD1	186.0	0.01	0.12	0.0715	0.943	1.0	0.9995901155158834
FZD10	0.673	1.32	1.52	0.868	0.385	1.0	0.9995901155158834
FZD2	36.7	-0.0	0.25	-0.0128	0.99	1.0	0.9995901155158834
FZD3	205.0	0.18	0.11	1.53	0.125	1.0	0.9995901155158834
FZD4	1780.0	0.07	0.06	1.18	0.237	1.0	0.9995901155158834
FZD5	41.4	-0.04	0.19	-0.212	0.832	1.0	0.9995901155158834
FZD6	498.0	-0.09	0.1	-0.89	0.374	1.0	0.9995901155158834
FZD7	153.0	-0.07	0.12	-0.548	0.584	1.0	0.9995901155158834
FZD8	54.5	0.1	0.24	0.42	0.674	1.0	0.9995901155158834
FZD9	3.96	-0.5	0.71	-0.701	0.483	1.0	0.9995901155158834
FZR1	87.4	-0.11	0.16	-0.702	0.483	1.0	0.9995901155158834
G0S2	1.24	-0.07	1.23	-0.0567	0.955	1.0	0.9995901155158834
G2E3	151.0	0.03	0.11	0.282	0.778	1.0	0.9995901155158834
G3BP1	3200.0	0.07	0.09	0.785	0.433	1.0	0.9995901155158834
G3BP2	4490.0	0.01	0.06	0.142	0.887	1.0	0.9995901155158834
G6PC1	1.8	-0.48	0.98	-0.491	0.623	1.0	0.9995901155158834
G6PC3	100.0	-0.23	0.17	-1.39	0.163	1.0	0.9995901155158834
G6PD	194.0	-0.23	0.14	-1.64	0.101	1.0	0.9995901155158834
GAA	147.0	0.04	0.13	0.304	0.761	1.0	0.9995901155158834
GAB1	193.0	-0.14	0.12	-1.21	0.225	1.0	0.9995901155158834
GAB2	430.0	0.06	0.1	0.643	0.52	1.0	0.9995901155158834
GAB3	47.2	0.01	0.22	0.0552	0.956	1.0	0.9995901155158834
GABARAP	720.0	-0.03	0.07	-0.394	0.694	1.0	0.9995901155158834
GABARAPL1	351.0	-0.02	0.08	-0.197	0.844	1.0	0.9995901155158834
GABARAPL2	793.0	0.07	0.09	0.803	0.422	1.0	0.9995901155158834
GABBR1	87.1	0.29	0.23	1.31	0.192	1.0	0.9995901155158834
GABBR2	1.87	-1.11	1.19	-0.939	0.347	1.0	0.9995901155158834
GABPA	427.0	0.03	0.08	0.43	0.668	1.0	0.9995901155158834
GABPB1	624.0	-0.1	0.1	-0.967	0.333	1.0	0.9995901155158834
GABPB2	122.0	0.06	0.15	0.36	0.719	1.0	0.9995901155158834
GABRA2	2.74	-0.0	0.94	-0.00524	0.996	1.0	0.9995901155158834
GABRA6	0.92	-0.62	1.53	-0.405	0.685	1.0	0.9995901155158834
GABRB2	7.67	-0.27	0.43	-0.641	0.522	1.0	0.9995901155158834
GABRB3	91.9	-0.01	0.16	-0.0474	0.962	1.0	0.9995901155158834
GABRE	1.95	0.43	0.91	0.478	0.633	1.0	0.9995901155158834
GABRG3	1.65	1.21	1.0	1.2	0.228	1.0	0.9995901155158834
GABRP	0.949	-0.15	1.21	-0.12	0.904	1.0	0.9995901155158834
GABRQ	2.81	-0.02	0.71	-0.0257	0.98	1.0	0.9995901155158834
GABRR1	1.74	-1.78	1.06	-1.68	0.0931	1.0	0.9995901155158834
GABRR2	8.98	0.3	0.37	0.805	0.421	1.0	0.9995901155158834
GAD1	13.6	0.02	0.4	0.0561	0.955	1.0	0.9995901155158834
GADD45A	403.0	-0.09	0.1	-0.949	0.343	1.0	0.9995901155158834
GADD45B	25.3	-0.33	0.28	-1.19	0.234	1.0	0.9995901155158834
GADD45G	4.28	-0.35	0.55	-0.632	0.527	1.0	0.9995901155158834
GADD45GIP1	485.0	-0.22	0.1	-2.07	0.0386	1.0	0.9995901155158834
GADL1	0.627	-1.69	1.39	-1.21	0.226	1.0	0.9995901155158834
GAK	674.0	-0.05	0.07	-0.755	0.45	1.0	0.9995901155158834
GAL	1.92	0.59	0.84	0.705	0.481	1.0	0.9995901155158834
GAL3ST1	0.634	2.11	1.77	1.19	0.233	1.0	0.9995901155158834
GAL3ST4	2.95	0.14	0.68	0.205	0.837	1.0	0.9995901155158834
GALC	677.0	0.03	0.09	0.31	0.757	1.0	0.9995901155158834
GALE	191.0	-0.14	0.17	-0.814	0.416	1.0	0.9995901155158834
GALK1	58.0	-0.15	0.2	-0.785	0.433	1.0	0.9995901155158834
GALK2	108.0	-0.14	0.13	-1.06	0.291	1.0	0.9995901155158834
GALM	60.2	-0.18	0.15	-1.16	0.245	1.0	0.9995901155158834
GALNS	61.3	0.02	0.21	0.0731	0.942	1.0	0.9995901155158834
GALNT1	2600.0	-0.0	0.07	-0.025	0.98	1.0	0.9995901155158834
GALNT10	197.0	0.05	0.1	0.48	0.631	1.0	0.9995901155158834
GALNT11	679.0	-0.02	0.09	-0.211	0.833	1.0	0.9995901155158834
GALNT12	23.9	-0.09	0.22	-0.424	0.672	1.0	0.9995901155158834
GALNT13	87.5	-0.08	0.15	-0.562	0.574	1.0	0.9995901155158834
GALNT14	67.6	-0.02	0.19	-0.115	0.909	1.0	0.9995901155158834
GALNT15	1.0	1.75	1.17	1.49	0.136	1.0	0.9995901155158834
GALNT16	12.7	0.18	0.32	0.573	0.567	1.0	0.9995901155158834
GALNT17	50.7	0.04	0.2	0.22	0.826	1.0	0.9995901155158834
GALNT18	818.0	0.01	0.12	0.0456	0.964	1.0	0.9995901155158834
GALNT2	1320.0	-0.02	0.08	-0.259	0.796	1.0	0.9995901155158834
GALNT3	7.15	0.45	0.43	1.03	0.303	1.0	0.9995901155158834
GALNT4	268.0	-0.07	0.14	-0.465	0.642	1.0	0.9995901155158834
GALNT5	15.1	0.22	0.26	0.821	0.412	1.0	0.9995901155158834
GALNT6	27.3	-0.23	0.28	-0.842	0.4	1.0	0.9995901155158834
GALNT7	582.0	-0.07	0.08	-0.868	0.385	1.0	0.9995901155158834
GALNT8	1.98	0.01	0.85	0.00789	0.994	1.0	0.9995901155158834
GALNT9	16.3	0.32	0.39	0.834	0.404	1.0	0.9995901155158834
GALNTL6	0.835	-0.98	1.52	-0.645	0.519	1.0	0.9995901155158834
GALR1	2.98	-0.55	0.79	-0.695	0.487	1.0	0.9995901155158834
GALT	23.5	0.0	0.28	0.0109	0.991	1.0	0.9995901155158834
GAMT	12.0	-0.09	0.5	-0.171	0.864	1.0	0.9995901155158834
GAN	204.0	0.08	0.1	0.809	0.419	1.0	0.9995901155158834
GANAB	2160.0	0.0	0.06	0.013	0.99	1.0	0.9995901155158834
GANC	48.3	0.09	0.23	0.38	0.704	1.0	0.9995901155158834
GAP43	400.0	-0.11	0.11	-1.03	0.303	1.0	0.9995901155158834
GAPDH	6190.0	-0.14	0.12	-1.18	0.237	1.0	0.9995901155158834
GAPDHS	2.82	0.25	0.72	0.352	0.725	1.0	0.9995901155158834
GAPT	1.69	0.83	0.99	0.833	0.405	1.0	0.9995901155158834
GAPVD1	497.0	-0.07	0.07	-1.02	0.31	1.0	0.9995901155158834
GAR1	241.0	0.11	0.11	1.0	0.317	1.0	0.9995901155158834
GAREM1	24.2	0.3	0.23	1.34	0.181	1.0	0.9995901155158834
GAREM2	21.9	-0.05	0.27	-0.172	0.863	1.0	0.9995901155158834
GARNL3	5.44	0.43	0.52	0.824	0.41	1.0	0.9995901155158834
GARRE1	486.0	-0.03	0.08	-0.401	0.688	1.0	0.9995901155158834
GARS1	687.0	-0.06	0.08	-0.809	0.418	1.0	0.9995901155158834
GART	622.0	-0.1	0.07	-1.36	0.174	1.0	0.9995901155158834
GAS1	17.8	-0.22	0.29	-0.745	0.456	1.0	0.9995901155158834
GAS2	1.62	0.06	0.92	0.0644	0.949	1.0	0.9995901155158834
GAS2L1	58.4	0.06	0.22	0.263	0.793	1.0	0.9995901155158834
GAS2L3	30.6	0.34	0.23	1.49	0.136	1.0	0.9995901155158834
GAS6	15.8	-0.07	0.29	-0.256	0.798	1.0	0.9995901155158834
GAS7	16.3	-0.3	0.34	-0.879	0.379	1.0	0.9995901155158834
GAS8	1.95	-0.06	0.89	-0.0657	0.948	1.0	0.9995901155158834
GASK1A	1.15	-0.7	1.12	-0.622	0.534	1.0	0.9995901155158834
GASK1B	5860.0	0.04	0.08	0.454	0.65	1.0	0.9995901155158834
GATA2	219.0	-0.09	0.12	-0.799	0.424	1.0	0.9995901155158834
GATA3	466.0	-0.03	0.08	-0.413	0.68	1.0	0.9995901155158834
GATA4	8.53	0.33	0.42	0.778	0.437	1.0	0.9995901155158834
GATA5	7.57	0.06	0.42	0.14	0.889	1.0	0.9995901155158834
GATA6	316.0	0.12	0.1	1.21	0.227	1.0	0.9995901155158834
GATAD1	143.0	0.01	0.12	0.0584	0.953	1.0	0.9995901155158834
GATAD2A	1140.0	0.04	0.08	0.566	0.571	1.0	0.9995901155158834
GATAD2B	161.0	0.16	0.14	1.15	0.251	1.0	0.9995901155158834
GATB	127.0	-0.13	0.14	-0.937	0.349	1.0	0.9995901155158834
GATC	286.0	0.03	0.09	0.266	0.79	1.0	0.9995901155158834
GATD1	235.0	0.22	0.12	1.87	0.0612	1.0	0.9995901155158834
GATD3A	3.3	0.06	2.61	0.0236	0.981	1.0	0.9995901155158834
GATD3B	630.0	-0.08	0.09	-0.856	0.392	1.0	0.9995901155158834
GATM	4.84	-0.41	0.51	-0.797	0.425	1.0	0.9995901155158834
GBA	191.0	0.02	0.14	0.181	0.856	1.0	0.9995901155158834
GBA2	459.0	-0.08	0.09	-0.813	0.416	1.0	0.9995901155158834
GBE1	711.0	-0.09	0.08	-1.11	0.268	1.0	0.9995901155158834
GBF1	281.0	-0.18	0.13	-1.44	0.15	1.0	0.9995901155158834
GBGT1	6.29	-1.01	0.51	-2.0	0.0456	1.0	0.9995901155158834
GBP2	189.0	-0.04	0.12	-0.3	0.764	1.0	0.9995901155158834
GBP3	16.6	-0.12	0.42	-0.283	0.777	1.0	0.9995901155158834
GBP4	568.0	0.11	0.16	0.665	0.506	1.0	0.9995901155158834
GBP5	15.1	0.41	0.37	1.13	0.258	1.0	0.9995901155158834
GBP6	1.82	-0.17	1.08	-0.162	0.872	1.0	0.9995901155158834
GBP7	5.96	0.02	0.54	0.0324	0.974	1.0	0.9995901155158834
GBX2	4.11	-1.06	0.7	-1.52	0.129	1.0	0.9995901155158834
GCA	444.0	0.1	0.09	1.1	0.273	1.0	0.9995901155158834
GCAT	24.2	-0.08	0.3	-0.281	0.779	1.0	0.9995901155158834
GCC1	298.0	0.04	0.09	0.485	0.628	1.0	0.9995901155158834
GCC2	528.0	-0.11	0.11	-1.01	0.314	1.0	0.9995901155158834
GCDH	132.0	0.07	0.13	0.559	0.576	1.0	0.9995901155158834
GCFC2	73.3	-0.42	0.18	-2.33	0.0198	1.0	0.9995901155158834
GCH1	70.6	0.02	0.19	0.0981	0.922	1.0	0.9995901155158834
GCHFR	11.3	-0.06	0.38	-0.154	0.878	1.0	0.9995901155158834
GCLC	198.0	0.05	0.12	0.433	0.665	1.0	0.9995901155158834
GCLM	268.0	0.17	0.13	1.31	0.189	1.0	0.9995901155158834
GCM1	0.912	0.33	1.26	0.264	0.792	1.0	0.9995901155158834
GCN1	923.0	-0.04	0.1	-0.427	0.669	1.0	0.9995901155158834
GCNA	14.8	0.2	0.35	0.588	0.557	1.0	0.9995901155158834
GCNT1	55.4	-0.21	0.15	-1.4	0.163	1.0	0.9995901155158834
GCNT2	286.0	-0.13	0.12	-1.05	0.295	1.0	0.9995901155158834
GCNT3	2.16	0.43	0.89	0.484	0.629	1.0	0.9995901155158834
GCNT4	44.3	0.13	0.19	0.678	0.497	1.0	0.9995901155158834
GCOM1	512.0	0.28	0.27	1.02	0.306	1.0	0.9995901155158834
GCSAM	0.979	0.25	1.24	0.204	0.838	1.0	0.9995901155158834
GCSAML	0.782	-0.01	1.33	-0.00689	0.995	1.0	0.9995901155158834
GCSH	166.0	0.12	0.14	0.856	0.392	1.0	0.9995901155158834
GDA	13.6	0.38	0.43	0.881	0.378	1.0	0.9995901155158834
GDAP1	110.0	0.05	0.15	0.34	0.734	1.0	0.9995901155158834
GDAP1L1	0.805	0.11	1.24	0.0897	0.929	1.0	0.9995901155158834
GDAP2	125.0	-0.11	0.13	-0.893	0.372	1.0	0.9995901155158834
GDE1	279.0	-0.05	0.1	-0.496	0.62	1.0	0.9995901155158834
GDF10	0.765	0.08	1.67	0.0493	0.961	1.0	0.9995901155158834
GDF11	154.0	-0.07	0.13	-0.561	0.575	1.0	0.9995901155158834
GDF15	14.5	-0.29	0.37	-0.785	0.432	1.0	0.9995901155158834
GDF3	9.39	-0.47	0.41	-1.14	0.254	1.0	0.9995901155158834
GDF6	1.56	-0.63	1.26	-0.501	0.616	1.0	0.9995901155158834
GDF7	185.0	0.11	0.13	0.836	0.403	1.0	0.9995901155158834
GDF9	0.952	0.71	1.06	0.665	0.506	1.0	0.9995901155158834
GDI1	641.0	-0.01	0.06	-0.2	0.842	1.0	0.9995901155158834
GDI2	4910.0	0.04	0.06	0.582	0.561	1.0	0.9995901155158834
GDPD1	23.8	0.19	0.28	0.67	0.503	1.0	0.9995901155158834
GDPD2	0.381	-1.41	2.06	-0.684	0.494	1.0	0.9995901155158834
GDPD3	4.04	-0.55	0.6	-0.915	0.36	1.0	0.9995901155158834
GDPD5	329.0	-0.01	0.13	-0.0652	0.948	1.0	0.9995901155158834
GDPGP1	14.7	0.61	0.29	2.12	0.034	1.0	0.9995901155158834
GEM	1.72	-0.22	0.79	-0.273	0.785	1.0	0.9995901155158834
GEMIN2	102.0	-0.11	0.13	-0.866	0.386	1.0	0.9995901155158834
GEMIN4	124.0	-0.07	0.11	-0.602	0.547	1.0	0.9995901155158834
GEMIN5	323.0	0.01	0.08	0.106	0.916	1.0	0.9995901155158834
GEMIN6	203.0	0.13	0.15	0.889	0.374	1.0	0.9995901155158834
GEMIN7	30.0	-0.13	0.24	-0.56	0.575	1.0	0.9995901155158834
GEMIN8	46.9	-0.05	0.17	-0.315	0.753	1.0	0.9995901155158834
GEN1	137.0	0.11	0.12	0.919	0.358	1.0	0.9995901155158834
GET1	240.0	0.04	0.12	0.319	0.749	1.0	0.9995901155158834
GET1-SH3BGR	46.9	-0.35	0.29	-1.21	0.225	1.0	0.9995901155158834
GET3	160.0	-0.16	0.12	-1.28	0.199	1.0	0.9995901155158834
GET4	296.0	0.02	0.1	0.149	0.881	1.0	0.9995901155158834
GFER	91.9	0.12	0.19	0.647	0.517	1.0	0.9995901155158834
GFI1	3.21	-0.06	0.63	-0.102	0.919	1.0	0.9995901155158834
GFI1B	2.62	-0.5	0.76	-0.655	0.512	1.0	0.9995901155158834
GFM1	590.0	-0.07	0.09	-0.735	0.463	1.0	0.9995901155158834
GFM2	261.0	-0.06	0.1	-0.572	0.567	1.0	0.9995901155158834
GFOD1	291.0	0.09	0.1	0.837	0.403	1.0	0.9995901155158834
GFOD2	260.0	0.06	0.13	0.485	0.628	1.0	0.9995901155158834
GFPT1	989.0	0.1	0.08	1.35	0.176	1.0	0.9995901155158834
GFPT2	88.2	0.06	0.25	0.245	0.807	1.0	0.9995901155158834
GFRA1	15.4	0.07	0.34	0.217	0.829	1.0	0.9995901155158834
GFRA2	2.14	0.72	0.81	0.892	0.373	1.0	0.9995901155158834
GFRA3	0.514	-1.27	1.78	-0.713	0.476	1.0	0.9995901155158834
GFRAL	1.25	1.67	1.11	1.5	0.135	1.0	0.9995901155158834
GFUS	85.6	-0.09	0.18	-0.478	0.633	1.0	0.9995901155158834
GGA1	107.0	-0.05	0.13	-0.392	0.695	1.0	0.9995901155158834
GGA2	408.0	0.07	0.08	0.883	0.377	1.0	0.9995901155158834
GGA3	161.0	-0.2	0.12	-1.7	0.0884	1.0	0.9995901155158834
GGACT	11.9	-0.47	0.34	-1.4	0.161	1.0	0.9995901155158834
GGCT	468.0	0.11	0.08	1.33	0.183	1.0	0.9995901155158834
GGCX	1030.0	0.07	0.09	0.721	0.471	1.0	0.9995901155158834
GGH	284.0	-0.09	0.11	-0.806	0.42	1.0	0.9995901155158834
GGN	0.72	1.04	1.43	0.723	0.47	1.0	0.9995901155158834
GGNBP2	1020.0	0.02	0.07	0.257	0.797	1.0	0.9995901155158834
GGPS1	381.0	0.0	0.07	0.0426	0.966	1.0	0.9995901155158834
GGT1	0.715	0.15	1.34	0.111	0.912	1.0	0.9995901155158834
GGT5	2.0	-1.52	0.88	-1.73	0.0842	1.0	0.9995901155158834
GGT6	1.41	0.86	1.31	0.659	0.51	1.0	0.9995901155158834
GGT7	14.2	-0.37	0.34	-1.09	0.274	1.0	0.9995901155158834
GGTA1	23.1	0.17	0.27	0.638	0.524	1.0	0.9995901155158834
GHDC	29.7	0.25	0.23	1.11	0.266	1.0	0.9995901155158834
GHITM	1700.0	-0.05	0.08	-0.603	0.547	1.0	0.9995901155158834
GHR	21.7	0.29	0.23	1.23	0.217	1.0	0.9995901155158834
GHRL	0.589	2.13	1.68	1.27	0.205	1.0	0.9995901155158834
GID4	133.0	0.03	0.12	0.25	0.803	1.0	0.9995901155158834
GID8	978.0	0.14	0.1	1.51	0.13	1.0	0.9995901155158834
GIGYF1	315.0	0.1	0.11	0.886	0.376	1.0	0.9995901155158834
GIGYF2	1580.0	-0.07	0.11	-0.649	0.516	1.0	0.9995901155158834
GIMAP1	375.0	-0.16	0.14	-1.13	0.257	1.0	0.9995901155158834
GIMAP1-GIMAP5	261.0	-0.11	0.17	-0.67	0.503	1.0	0.9995901155158834
GIMAP2	28.1	0.12	0.24	0.488	0.626	1.0	0.9995901155158834
GIMAP4	7190.0	-0.03	0.11	-0.311	0.756	1.0	0.9995901155158834
GIMAP5	276.0	0.03	0.22	0.113	0.91	1.0	0.9995901155158834
GIMAP6	224.0	-0.16	0.12	-1.32	0.187	1.0	0.9995901155158834
GIMAP7	299.0	-0.02	0.14	-0.16	0.873	1.0	0.9995901155158834
GIMAP8	2690.0	-0.05	0.12	-0.405	0.685	1.0	0.9995901155158834
GIN1	34.6	0.22	0.2	1.09	0.277	1.0	0.9995901155158834
GINM1	646.0	-0.01	0.07	-0.142	0.887	1.0	0.9995901155158834
GINS1	161.0	0.03	0.12	0.245	0.806	1.0	0.9995901155158834
GINS2	121.0	-0.04	0.14	-0.284	0.776	1.0	0.9995901155158834
GINS3	64.1	0.05	0.19	0.269	0.788	1.0	0.9995901155158834
GINS4	77.0	-0.11	0.15	-0.763	0.445	1.0	0.9995901155158834
GIPC1	407.0	-0.0	0.12	-0.00248	0.998	1.0	0.9995901155158834
GIPC2	1.73	0.1	0.83	0.123	0.902	1.0	0.9995901155158834
GIPC3	60.7	-0.12	0.2	-0.569	0.569	1.0	0.9995901155158834
GIPR	3.13	0.63	0.81	0.782	0.434	1.0	0.9995901155158834
GIT1	360.0	-0.05	0.1	-0.509	0.611	1.0	0.9995901155158834
GIT2	708.0	0.03	0.08	0.326	0.745	1.0	0.9995901155158834
GJA1	8970.0	0.02	0.07	0.303	0.762	1.0	0.9995901155158834
GJA3	8.46	-0.07	0.43	-0.171	0.865	1.0	0.9995901155158834
GJA4	3140.0	-0.0	0.1	-0.021	0.983	1.0	0.9995901155158834
GJA5	8560.0	-0.02	0.08	-0.299	0.765	1.0	0.9995901155158834
GJA9	1.8	0.76	0.95	0.808	0.419	1.0	0.9995901155158834
GJB3	3.21	-0.78	0.68	-1.15	0.25	1.0	0.9995901155158834
GJB4	0.555	-1.2	1.9	-0.632	0.528	1.0	0.9995901155158834
GJB5	5.71	0.76	0.52	1.46	0.144	1.0	0.9995901155158834
GJB7	3.95	-0.08	0.62	-0.126	0.9	1.0	0.9995901155158834
GJC1	460.0	0.01	0.09	0.0934	0.926	1.0	0.9995901155158834
GJC2	0.526	-1.88	1.73	-1.09	0.277	1.0	0.9995901155158834
GJC3	2.35	0.91	0.79	1.16	0.247	1.0	0.9995901155158834
GJD3	20.7	-0.05	0.32	-0.171	0.864	1.0	0.9995901155158834
GJD4	0.417	0.44	2.24	0.197	0.844	1.0	0.9995901155158834
GK	38.7	0.05	0.23	0.239	0.811	1.0	0.9995901155158834
GK5	93.5	0.17	0.16	1.05	0.293	1.0	0.9995901155158834
GKAP1	49.0	-0.14	0.21	-0.67	0.503	1.0	0.9995901155158834
GLA	83.8	-0.15	0.16	-0.945	0.345	1.0	0.9995901155158834
GLB1	609.0	-0.03	0.11	-0.249	0.803	1.0	0.9995901155158834
GLB1L	22.7	-0.06	0.27	-0.226	0.821	1.0	0.9995901155158834
GLB1L2	4.18	1.7	0.8	2.12	0.034	1.0	0.9995901155158834
GLB1L3	3.42	0.32	0.69	0.473	0.636	1.0	0.9995901155158834
GLCCI1	43.3	0.19	0.19	0.987	0.324	1.0	0.9995901155158834
GLCE	203.0	0.1	0.12	0.817	0.414	1.0	0.9995901155158834
GLDC	15.8	-0.13	0.29	-0.451	0.652	1.0	0.9995901155158834
GLDN	1.2	1.77	1.06	1.67	0.0946	1.0	0.9995901155158834
GLE1	202.0	-0.06	0.12	-0.527	0.598	1.0	0.9995901155158834
GLG1	2290.0	-0.1	0.08	-1.21	0.226	1.0	0.9995901155158834
GLI1	0.539	-1.89	1.72	-1.1	0.273	1.0	0.9995901155158834
GLI2	2.32	1.63	0.74	2.21	0.0272	1.0	0.9995901155158834
GLI3	138.0	0.22	0.12	1.88	0.0595	1.0	0.9995901155158834
GLI4	6.94	0.25	0.53	0.47	0.638	1.0	0.9995901155158834
GLIPR1	8.93	0.56	0.85	0.662	0.508	1.0	0.9995901155158834
GLIPR1L2	8.98	0.2	0.42	0.473	0.636	1.0	0.9995901155158834
GLIPR2	78.1	-0.2	0.15	-1.36	0.174	1.0	0.9995901155158834
GLIS2	18.9	-0.19	0.29	-0.65	0.516	1.0	0.9995901155158834
GLIS3	110.0	0.06	0.18	0.365	0.715	1.0	0.9995901155158834
GLMN	132.0	0.06	0.14	0.445	0.656	1.0	0.9995901155158834
GLMP	123.0	-0.14	0.16	-0.863	0.388	1.0	0.9995901155158834
GLO1	660.0	0.04	0.08	0.448	0.654	1.0	0.9995901155158834
GLOD4	995.0	-0.1	0.07	-1.36	0.174	1.0	0.9995901155158834
GLP1R	1.21	0.17	1.08	0.162	0.871	1.0	0.9995901155158834
GLRA2	2.3	2.17	0.76	2.85	0.00439	1.0	0.9995901155158834
GLRA3	0.449	-0.48	1.85	-0.261	0.794	1.0	0.9995901155158834
GLRB	5.04	0.32	0.56	0.57	0.569	1.0	0.9995901155158834
GLRX	70.0	0.0	0.14	0.0128	0.99	1.0	0.9995901155158834
GLRX2	49.8	-0.15	0.18	-0.82	0.412	1.0	0.9995901155158834
GLRX3	821.0	-0.01	0.08	-0.0966	0.923	1.0	0.9995901155158834
GLRX5	394.0	0.17	0.09	1.78	0.0753	1.0	0.9995901155158834
GLS	1430.0	0.05	0.12	0.442	0.659	1.0	0.9995901155158834
GLT1D1	4.73	0.75	0.57	1.32	0.185	1.0	0.9995901155158834
GLT8D1	209.0	-0.17	0.12	-1.37	0.171	1.0	0.9995901155158834
GLT8D2	21.5	-0.31	0.25	-1.22	0.224	1.0	0.9995901155158834
GLTP	269.0	0.09	0.1	0.908	0.364	1.0	0.9995901155158834
GLTPD2	5.79	0.03	0.44	0.062	0.951	1.0	0.9995901155158834
GLUD1	1060.0	-0.03	0.06	-0.561	0.575	1.0	0.9995901155158834
GLUD2	107.0	0.13	0.15	0.851	0.395	1.0	0.9995901155158834
GLUL	1430.0	-0.0	0.07	-0.0384	0.969	1.0	0.9995901155158834
GLYCTK	47.2	0.07	0.18	0.363	0.716	1.0	0.9995901155158834
GLYR1	1250.0	-0.03	0.07	-0.384	0.701	1.0	0.9995901155158834
GM2A	397.0	0.01	0.1	0.0647	0.948	1.0	0.9995901155158834
GMCL1	160.0	0.14	0.12	1.17	0.242	1.0	0.9995901155158834
GMDS	196.0	0.07	0.13	0.555	0.579	1.0	0.9995901155158834
GMEB1	231.0	0.05	0.1	0.525	0.599	1.0	0.9995901155158834
GMEB2	154.0	-0.06	0.14	-0.44	0.66	1.0	0.9995901155158834
GMFB	381.0	0.06	0.12	0.512	0.609	1.0	0.9995901155158834
GMFG	129.0	-0.14	0.13	-1.04	0.297	1.0	0.9995901155158834
GMIP	51.4	-0.21	0.19	-1.12	0.264	1.0	0.9995901155158834
GMNN	224.0	0.09	0.12	0.735	0.462	1.0	0.9995901155158834
GMPPA	37.7	-0.15	0.26	-0.575	0.566	1.0	0.9995901155158834
GMPPB	161.0	-0.23	0.17	-1.31	0.191	1.0	0.9995901155158834
GMPR	200.0	-0.1	0.1	-0.993	0.32	1.0	0.9995901155158834
GMPR2	232.0	-0.09	0.1	-0.934	0.35	1.0	0.9995901155158834
GMPS	676.0	0.01	0.08	0.143	0.886	1.0	0.9995901155158834
GNA11	646.0	0.13	0.1	1.31	0.191	1.0	0.9995901155158834
GNA12	559.0	0.05	0.06	0.736	0.462	1.0	0.9995901155158834
GNA13	651.0	0.06	0.08	0.864	0.387	1.0	0.9995901155158834
GNA14	704.0	-0.01	0.1	-0.065	0.948	1.0	0.9995901155158834
GNAI1	1200.0	-0.02	0.09	-0.206	0.837	1.0	0.9995901155158834
GNAI2	2000.0	-0.12	0.09	-1.34	0.182	1.0	0.9995901155158834
GNAI3	1860.0	-0.03	0.07	-0.431	0.666	1.0	0.9995901155158834
GNAL	100.0	0.23	0.17	1.35	0.177	1.0	0.9995901155158834
GNAO1	10.6	-0.18	0.34	-0.51	0.61	1.0	0.9995901155158834
GNAQ	1390.0	0.11	0.08	1.38	0.167	1.0	0.9995901155158834
GNAS	6340.0	-0.08	0.06	-1.39	0.166	1.0	0.9995901155158834
GNAT1	1.14	-0.95	1.23	-0.77	0.441	1.0	0.9995901155158834
GNAT2	5.0	0.81	0.49	1.67	0.0946	1.0	0.9995901155158834
GNAZ	1.24	-0.72	1.42	-0.509	0.611	1.0	0.9995901155158834
GNB1	2810.0	0.03	0.07	0.392	0.695	1.0	0.9995901155158834
GNB1L	20.0	0.1	0.27	0.386	0.699	1.0	0.9995901155158834
GNB2	546.0	-0.03	0.14	-0.195	0.845	1.0	0.9995901155158834
GNB3	4.1	-0.48	0.72	-0.667	0.505	1.0	0.9995901155158834
GNB4	1270.0	0.06	0.07	0.845	0.398	1.0	0.9995901155158834
GNB5	85.4	0.02	0.14	0.116	0.907	1.0	0.9995901155158834
GNE	98.0	-0.05	0.13	-0.407	0.684	1.0	0.9995901155158834
GNG10	671.0	0.11	0.11	1.02	0.309	1.0	0.9995901155158834
GNG11	1940.0	-0.03	0.06	-0.463	0.643	1.0	0.9995901155158834
GNG12	430.0	0.06	0.11	0.588	0.556	1.0	0.9995901155158834
GNG13	0.759	-0.45	1.28	-0.355	0.723	1.0	0.9995901155158834
GNG2	262.0	0.01	0.13	0.0777	0.938	1.0	0.9995901155158834
GNG4	27.9	0.05	0.33	0.136	0.891	1.0	0.9995901155158834
GNG5	243.0	-0.15	0.19	-0.801	0.423	1.0	0.9995901155158834
GNG7	29.2	-0.31	0.22	-1.4	0.162	1.0	0.9995901155158834
GNGT2	10.6	0.15	0.4	0.36	0.719	1.0	0.9995901155158834
GNL1	858.0	-0.06	0.11	-0.541	0.588	1.0	0.9995901155158834
GNL2	803.0	-0.07	0.1	-0.679	0.497	1.0	0.9995901155158834
GNL3	1000.0	-0.04	0.1	-0.372	0.71	1.0	0.9995901155158834
GNL3L	404.0	0.07	0.12	0.566	0.571	1.0	0.9995901155158834
GNPAT	529.0	0.16	0.1	1.67	0.0955	1.0	0.9995901155158834
GNPDA1	344.0	-0.1	0.09	-1.18	0.239	1.0	0.9995901155158834
GNPDA2	121.0	0.08	0.11	0.749	0.454	1.0	0.9995901155158834
GNPNAT1	559.0	0.16	0.11	1.52	0.129	1.0	0.9995901155158834
GNPTAB	685.0	0.06	0.08	0.739	0.46	1.0	0.9995901155158834
GNPTG	155.0	0.15	0.11	1.38	0.168	1.0	0.9995901155158834
GNRH1	1.49	-0.03	0.96	-0.0355	0.972	1.0	0.9995901155158834
GNRHR	2.33	0.06	0.78	0.0776	0.938	1.0	0.9995901155158834
GNS	2730.0	-0.02	0.07	-0.323	0.747	1.0	0.9995901155158834
GOLGA1	248.0	-0.13	0.12	-1.09	0.278	1.0	0.9995901155158834
GOLGA2	541.0	-0.03	0.13	-0.217	0.829	1.0	0.9995901155158834
GOLGA3	1460.0	0.01	0.1	0.11	0.912	1.0	0.9995901155158834
GOLGA4	2040.0	-0.02	0.12	-0.18	0.857	1.0	0.9995901155158834
GOLGA5	393.0	-0.08	0.09	-0.91	0.363	1.0	0.9995901155158834
GOLGA6A	0.914	1.05	1.33	0.79	0.429	1.0	0.9995901155158834
GOLGA6B	2.09	0.76	1.01	0.759	0.448	1.0	0.9995901155158834
GOLGA6C	0.549	-1.46	1.89	-0.774	0.439	1.0	0.9995901155158834
GOLGA6L10	20.8	0.35	0.73	0.481	0.63	1.0	0.9995901155158834
GOLGA6L4	177.0	0.03	0.27	0.127	0.899	1.0	0.9995901155158834
GOLGA6L7	5.0	0.76	0.6	1.27	0.203	1.0	0.9995901155158834
GOLGA6L9	43.8	0.05	0.41	0.12	0.905	1.0	0.9995901155158834
GOLGA7	497.0	-0.02	0.09	-0.173	0.863	1.0	0.9995901155158834
GOLGA7B	76.8	-0.01	0.17	-0.0654	0.948	1.0	0.9995901155158834
GOLGA8A	183.0	0.13	0.29	0.424	0.671	1.0	0.9995901155158834
GOLGA8B	60.0	0.07	0.54	0.136	0.892	1.0	0.9995901155158834
GOLGA8H	3.41	-0.49	1.33	-0.368	0.713	1.0	0.9995901155158834
GOLGA8J	0.448	2.46	2.35	1.05	0.294	1.0	0.9995901155158834
GOLGA8M	17.5	-0.16	0.29	-0.57	0.569	1.0	0.9995901155158834
GOLGA8N	2.18	-1.25	2.0	-0.628	0.53	1.0	0.9995901155158834
GOLGA8O	7.91	0.53	1.57	0.338	0.736	1.0	0.9995901155158834
GOLGA8Q	4.79	-0.91	2.69	-0.34	0.734	1.0	0.9995901155158834
GOLGA8R	9.9	-0.06	1.4	-0.0433	0.965	1.0	0.9995901155158834
GOLGA8S	2.03	0.21	1.04	0.204	0.839	1.0	0.9995901155158834
GOLGA8T	1.07	-1.77	2.6	-0.68	0.496	1.0	0.9995901155158834
GOLGB1	1540.0	-0.05	0.18	-0.27	0.787	1.0	0.9995901155158834
GOLIM4	2060.0	-0.02	0.11	-0.2	0.842	1.0	0.9995901155158834
GOLM1	1830.0	-0.1	0.09	-1.09	0.277	1.0	0.9995901155158834
GOLM2	609.0	0.08	0.07	1.1	0.271	1.0	0.9995901155158834
GOLPH3	882.0	-0.02	0.07	-0.355	0.723	1.0	0.9995901155158834
GOLPH3L	214.0	-0.06	0.13	-0.503	0.615	1.0	0.9995901155158834
GOLT1B	725.0	0.06	0.12	0.502	0.616	1.0	0.9995901155158834
GON4L	448.0	0.04	0.13	0.334	0.738	1.0	0.9995901155158834
GON7	79.9	0.06	0.16	0.39	0.696	1.0	0.9995901155158834
GOPC	597.0	0.04	0.09	0.497	0.619	1.0	0.9995901155158834
GORAB	101.0	-0.15	0.13	-1.15	0.249	1.0	0.9995901155158834
GORASP1	156.0	0.04	0.13	0.282	0.778	1.0	0.9995901155158834
GORASP2	518.0	-0.07	0.09	-0.78	0.435	1.0	0.9995901155158834
GOSR1	505.0	0.14	0.1	1.39	0.165	1.0	0.9995901155158834
GOSR2	457.0	-0.09	0.09	-0.957	0.339	1.0	0.9995901155158834
GOT1	189.0	0.0	0.15	0.0211	0.983	1.0	0.9995901155158834
GOT2	500.0	-0.06	0.08	-0.721	0.471	1.0	0.9995901155158834
GP1BA	9.69	0.06	0.41	0.159	0.874	1.0	0.9995901155158834
GP2	1.3	0.98	1.0	0.982	0.326	1.0	0.9995901155158834
GP6	9.47	-0.16	0.43	-0.374	0.709	1.0	0.9995901155158834
GPAA1	90.7	-0.14	0.2	-0.679	0.497	1.0	0.9995901155158834
GPALPP1	342.0	-0.07	0.07	-1.06	0.291	1.0	0.9995901155158834
GPAM	141.0	-0.1	0.12	-0.834	0.404	1.0	0.9995901155158834
GPANK1	93.1	0.16	0.16	1.0	0.315	1.0	0.9995901155158834
GPAT2	0.737	-1.91	1.54	-1.24	0.215	1.0	0.9995901155158834
GPAT3	52.4	-0.12	0.19	-0.647	0.517	1.0	0.9995901155158834
GPAT4	1200.0	-0.07	0.06	-1.23	0.22	1.0	0.9995901155158834
GPATCH1	99.7	-0.0	0.15	-0.00105	0.999	1.0	0.9995901155158834
GPATCH11	384.0	0.13	0.08	1.5	0.133	1.0	0.9995901155158834
GPATCH2	194.0	0.13	0.09	1.47	0.142	1.0	0.9995901155158834
GPATCH2L	757.0	0.01	0.09	0.103	0.918	1.0	0.9995901155158834
GPATCH3	258.0	-0.08	0.09	-0.872	0.383	1.0	0.9995901155158834
GPATCH4	1060.0	-0.07	0.16	-0.468	0.64	1.0	0.9995901155158834
GPATCH8	408.0	-0.06	0.11	-0.599	0.549	1.0	0.9995901155158834
GPBAR1	1.03	0.45	1.25	0.358	0.72	1.0	0.9995901155158834
GPBP1	1200.0	0.03	0.11	0.3	0.764	1.0	0.9995901155158834
GPBP1L1	490.0	0.11	0.09	1.19	0.234	1.0	0.9995901155158834
GPC1	598.0	0.01	0.13	0.0748	0.94	1.0	0.9995901155158834
GPC2	8.67	-0.06	0.48	-0.131	0.896	1.0	0.9995901155158834
GPC3	15.3	0.07	0.33	0.228	0.82	1.0	0.9995901155158834
GPC4	186.0	-0.05	0.12	-0.371	0.711	1.0	0.9995901155158834
GPC5	6.36	-0.16	0.46	-0.348	0.727	1.0	0.9995901155158834
GPC6	479.0	-0.05	0.1	-0.548	0.584	1.0	0.9995901155158834
GPCPD1	881.0	0.04	0.07	0.517	0.605	1.0	0.9995901155158834
GPD1L	116.0	0.25	0.15	1.68	0.092	1.0	0.9995901155158834
GPD2	624.0	-0.0	0.08	-0.0323	0.974	1.0	0.9995901155158834
GPER1	5.41	-0.19	0.49	-0.392	0.695	1.0	0.9995901155158834
GPHN	75.5	-0.08	0.16	-0.535	0.593	1.0	0.9995901155158834
GPI	629.0	-0.04	0.1	-0.386	0.7	1.0	0.9995901155158834
GPIHBP1	3.55	0.43	0.81	0.524	0.6	1.0	0.9995901155158834
GPKOW	192.0	-0.02	0.13	-0.124	0.901	1.0	0.9995901155158834
GPLD1	27.2	0.06	0.23	0.263	0.793	1.0	0.9995901155158834
GPM6A	1.08	-1.1	1.36	-0.807	0.42	1.0	0.9995901155158834
GPM6B	216.0	0.15	0.15	0.995	0.32	1.0	0.9995901155158834
GPN1	225.0	-0.08	0.1	-0.813	0.416	1.0	0.9995901155158834
GPN2	93.3	0.17	0.17	1.0	0.316	1.0	0.9995901155158834
GPN3	138.0	-0.07	0.12	-0.598	0.55	1.0	0.9995901155158834
GPR107	1530.0	-0.07	0.07	-0.929	0.353	1.0	0.9995901155158834
GPR108	97.1	-0.18	0.18	-0.993	0.321	1.0	0.9995901155158834
GPR132	1.48	0.02	1.3	0.0136	0.989	1.0	0.9995901155158834
GPR135	14.2	0.02	0.36	0.0446	0.964	1.0	0.9995901155158834
GPR137	67.6	-0.06	0.17	-0.333	0.739	1.0	0.9995901155158834
GPR137B	78.2	0.16	0.16	1.05	0.295	1.0	0.9995901155158834
GPR137C	53.4	-0.03	0.21	-0.15	0.88	1.0	0.9995901155158834
GPR141	3.64	0.65	0.61	1.06	0.291	1.0	0.9995901155158834
GPR143	96.8	0.12	0.16	0.787	0.432	1.0	0.9995901155158834
GPR146	2.82	-0.84	0.72	-1.16	0.245	1.0	0.9995901155158834
GPR153	6.32	-0.25	0.46	-0.538	0.591	1.0	0.9995901155158834
GPR155	26.0	0.36	0.23	1.58	0.114	1.0	0.9995901155158834
GPR156	1.06	-0.5	1.29	-0.39	0.697	1.0	0.9995901155158834
GPR157	13.0	0.19	0.36	0.544	0.586	1.0	0.9995901155158834
GPR158	2.45	-0.21	0.75	-0.273	0.785	1.0	0.9995901155158834
GPR160	20.9	0.12	0.24	0.493	0.622	1.0	0.9995901155158834
GPR161	1170.0	0.02	0.06	0.326	0.744	1.0	0.9995901155158834
GPR162	6.96	0.07	0.43	0.172	0.863	1.0	0.9995901155158834
GPR173	22.8	0.31	0.28	1.1	0.273	1.0	0.9995901155158834
GPR174	3.32	-0.16	0.61	-0.259	0.796	1.0	0.9995901155158834
GPR176	73.6	-0.01	0.13	-0.0914	0.927	1.0	0.9995901155158834
GPR179	0.48	-0.24	1.98	-0.123	0.902	1.0	0.9995901155158834
GPR180	202.0	-0.04	0.15	-0.234	0.815	1.0	0.9995901155158834
GPR182	3.51	-0.22	0.68	-0.322	0.748	1.0	0.9995901155158834
GPR19	2.57	-0.19	0.79	-0.243	0.808	1.0	0.9995901155158834
GPR20	0.671	-0.44	1.41	-0.308	0.758	1.0	0.9995901155158834
GPR21	3.84	0.05	0.66	0.0697	0.944	1.0	0.9995901155158834
GPR27	110.0	0.16	0.13	1.26	0.207	1.0	0.9995901155158834
GPR3	16.3	-0.17	0.34	-0.51	0.61	1.0	0.9995901155158834
GPR34	0.412	-1.48	1.85	-0.803	0.422	1.0	0.9995901155158834
GPR35	2.8	-0.26	0.64	-0.408	0.683	1.0	0.9995901155158834
GPR37	111.0	-0.1	0.11	-0.903	0.367	1.0	0.9995901155158834
GPR37L1	2.36	-0.08	0.78	-0.105	0.917	1.0	0.9995901155158834
GPR39	18.4	-0.22	0.42	-0.52	0.603	1.0	0.9995901155158834
GPR4	566.0	0.03	0.12	0.286	0.775	1.0	0.9995901155158834
GPR42	1.06	-0.21	1.46	-0.145	0.884	1.0	0.9995901155158834
GPR45	0.639	-0.27	1.49	-0.184	0.854	1.0	0.9995901155158834
GPR50	0.919	0.89	1.29	0.693	0.488	1.0	0.9995901155158834
GPR63	20.4	-0.28	0.29	-0.957	0.338	1.0	0.9995901155158834
GPR65	0.488	0.02	1.8	0.0105	0.992	1.0	0.9995901155158834
GPR68	3.99	0.43	0.68	0.626	0.531	1.0	0.9995901155158834
GPR75	7.9	-0.33	0.46	-0.727	0.467	1.0	0.9995901155158834
GPR75-ASB3	0.714	-2.81	3.02	-0.932	0.351	1.0	0.9995901155158834
GPR78	0.563	0.1	1.52	0.0628	0.95	1.0	0.9995901155158834
GPR82	5.47	0.57	0.7	0.806	0.42	1.0	0.9995901155158834
GPR83	4.72	0.48	0.67	0.724	0.469	1.0	0.9995901155158834
GPR85	83.2	-0.06	0.17	-0.328	0.743	1.0	0.9995901155158834
GPR89A	216.0	-0.19	0.13	-1.4	0.162	1.0	0.9995901155158834
GPR89B	86.0	0.29	0.16	1.86	0.0633	1.0	0.9995901155158834
GPRASP1	122.0	-0.19	0.19	-1.02	0.31	1.0	0.9995901155158834
GPRASP2	216.0	-0.01	0.1	-0.0861	0.931	1.0	0.9995901155158834
GPRC5A	12.7	0.47	0.39	1.21	0.228	1.0	0.9995901155158834
GPRC5B	512.0	-0.06	0.12	-0.536	0.592	1.0	0.9995901155158834
GPRC5C	59.9	0.03	0.23	0.15	0.88	1.0	0.9995901155158834
GPRC5D	0.786	2.51	1.4	1.79	0.0729	1.0	0.9995901155158834
GPRIN1	34.9	-0.15	0.25	-0.601	0.548	1.0	0.9995901155158834
GPRIN2	3.07	0.6	0.69	0.877	0.381	1.0	0.9995901155158834
GPRIN3	212.0	0.05	0.15	0.32	0.749	1.0	0.9995901155158834
GPS1	189.0	-0.18	0.14	-1.26	0.208	1.0	0.9995901155158834
GPS2	960.0	0.04	0.12	0.306	0.759	1.0	0.9995901155158834
GPSM1	100.0	0.02	0.16	0.143	0.887	1.0	0.9995901155158834
GPSM2	96.3	0.03	0.15	0.195	0.846	1.0	0.9995901155158834
GPSM3	33.1	0.05	0.19	0.272	0.785	1.0	0.9995901155158834
GPT2	251.0	-0.01	0.09	-0.155	0.877	1.0	0.9995901155158834
GPX1	714.0	-0.09	0.2	-0.448	0.654	1.0	0.9995901155158834
GPX2	0.499	-0.39	1.8	-0.216	0.829	1.0	0.9995901155158834
GPX3	43.6	-0.08	0.18	-0.464	0.643	1.0	0.9995901155158834
GPX4	1140.0	-0.04	0.12	-0.354	0.724	1.0	0.9995901155158834
GPX7	83.9	-0.06	0.17	-0.362	0.717	1.0	0.9995901155158834
GPX8	706.0	0.06	0.07	0.759	0.448	1.0	0.9995901155158834
GRAMD1A	162.0	0.06	0.16	0.41	0.681	1.0	0.9995901155158834
GRAMD1B	80.0	0.04	0.14	0.272	0.786	1.0	0.9995901155158834
GRAMD1C	199.0	0.08	0.09	0.948	0.343	1.0	0.9995901155158834
GRAMD2A	0.721	-0.17	1.58	-0.106	0.916	1.0	0.9995901155158834
GRAMD2B	30.6	-0.3	0.24	-1.26	0.209	1.0	0.9995901155158834
GRAMD4	182.0	-0.06	0.12	-0.553	0.58	1.0	0.9995901155158834
GRAP	37.9	-0.07	0.25	-0.285	0.776	1.0	0.9995901155158834
GRAP2	5.54	-0.44	0.64	-0.694	0.488	1.0	0.9995901155158834
GRAPL	1.62	-1.23	2.82	-0.437	0.662	1.0	0.9995901155158834
GRB10	1070.0	0.07	0.08	0.895	0.371	1.0	0.9995901155158834
GRB14	6.16	0.67	0.53	1.25	0.21	1.0	0.9995901155158834
GRB2	994.0	0.03	0.06	0.473	0.636	1.0	0.9995901155158834
GREB1	169.0	0.09	0.12	0.74	0.46	1.0	0.9995901155158834
GREB1L	283.0	0.01	0.14	0.0688	0.945	1.0	0.9995901155158834
GREM1	10.4	-0.31	0.54	-0.578	0.563	1.0	0.9995901155158834
GREM2	2.39	0.02	0.74	0.0221	0.982	1.0	0.9995901155158834
GRHL1	3.77	-0.62	0.55	-1.13	0.258	1.0	0.9995901155158834
GRHL3	1.05	-0.85	1.2	-0.708	0.479	1.0	0.9995901155158834
GRHPR	359.0	-0.08	0.1	-0.736	0.462	1.0	0.9995901155158834
GRIA1	7.28	0.54	0.46	1.17	0.242	1.0	0.9995901155158834
GRIA2	2.34	-0.78	0.76	-1.02	0.306	1.0	0.9995901155158834
GRIA3	22.8	-0.12	0.3	-0.386	0.699	1.0	0.9995901155158834
GRIA4	1.59	-1.17	1.0	-1.18	0.239	1.0	0.9995901155158834
GRIK1	1.6	-1.53	1.26	-1.22	0.224	1.0	0.9995901155158834
GRIK2	11.6	-0.08	0.38	-0.214	0.831	1.0	0.9995901155158834
GRIK3	0.366	0.18	2.11	0.0836	0.933	1.0	0.9995901155158834
GRIK4	4.39	-0.56	0.79	-0.709	0.479	1.0	0.9995901155158834
GRIK5	3.19	0.52	0.73	0.703	0.482	1.0	0.9995901155158834
GRIN2A	12.6	0.08	0.39	0.203	0.839	1.0	0.9995901155158834
GRIN2B	2.03	-0.32	0.85	-0.374	0.708	1.0	0.9995901155158834
GRIN2C	0.479	-0.31	1.95	-0.159	0.874	1.0	0.9995901155158834
GRIN2D	8.96	0.21	0.37	0.558	0.577	1.0	0.9995901155158834
GRIN3A	6.92	-0.45	0.47	-0.951	0.341	1.0	0.9995901155158834
GRIN3B	2.89	0.06	0.7	0.0889	0.929	1.0	0.9995901155158834
GRINA	231.0	-0.05	0.13	-0.364	0.716	1.0	0.9995901155158834
GRIP1	37.7	0.07	0.19	0.398	0.69	1.0	0.9995901155158834
GRIPAP1	885.0	-0.06	0.12	-0.544	0.586	1.0	0.9995901155158834
GRK1	0.428	0.92	1.83	0.502	0.616	1.0	0.9995901155158834
GRK2	370.0	-0.11	0.12	-0.877	0.381	1.0	0.9995901155158834
GRK3	144.0	0.18	0.12	1.46	0.144	1.0	0.9995901155158834
GRK4	12.1	0.06	0.39	0.164	0.87	1.0	0.9995901155158834
GRK5	550.0	-0.01	0.08	-0.14	0.889	1.0	0.9995901155158834
GRK6	112.0	0.09	0.13	0.684	0.494	1.0	0.9995901155158834
GRK7	3.54	1.16	0.77	1.5	0.134	1.0	0.9995901155158834
GRM1	6.37	0.2	0.4	0.501	0.616	1.0	0.9995901155158834
GRM2	1.31	-0.68	1.32	-0.514	0.607	1.0	0.9995901155158834
GRM3	1.32	0.24	0.95	0.256	0.798	1.0	0.9995901155158834
GRM4	0.523	-1.1	2.12	-0.522	0.602	1.0	0.9995901155158834
GRM6	5.41	0.0	0.56	0.00805	0.994	1.0	0.9995901155158834
GRM8	51.7	-0.05	0.22	-0.228	0.82	1.0	0.9995901155158834
GRN	895.0	-0.06	0.15	-0.406	0.685	1.0	0.9995901155158834
GRPEL1	284.0	-0.05	0.09	-0.495	0.62	1.0	0.9995901155158834
GRPEL2	138.0	0.21	0.15	1.43	0.154	1.0	0.9995901155158834
GRPR	2.55	0.58	0.76	0.77	0.442	1.0	0.9995901155158834
GRSF1	2190.0	0.07	0.1	0.675	0.499	1.0	0.9995901155158834
GRTP1	3.09	-0.86	0.65	-1.32	0.186	1.0	0.9995901155158834
GRWD1	467.0	0.03	0.1	0.345	0.73	1.0	0.9995901155158834
GSAP	26.6	0.37	0.27	1.4	0.16	1.0	0.9995901155158834
GSDMA	1.37	0.68	1.11	0.613	0.54	1.0	0.9995901155158834
GSDMB	13.8	0.15	0.33	0.445	0.656	1.0	0.9995901155158834
GSDMC	2.41	-1.13	0.94	-1.2	0.231	1.0	0.9995901155158834
GSDMD	75.5	0.02	0.22	0.0784	0.938	1.0	0.9995901155158834
GSDME	110.0	-0.03	0.12	-0.279	0.78	1.0	0.9995901155158834
GSE1	172.0	-0.03	0.12	-0.286	0.775	1.0	0.9995901155158834
GSG1	2.22	0.41	0.89	0.464	0.643	1.0	0.9995901155158834
GSG1L	0.873	-1.19	1.53	-0.776	0.437	1.0	0.9995901155158834
GSK3A	225.0	0.0	0.09	0.0409	0.967	1.0	0.9995901155158834
GSK3B	901.0	0.15	0.1	1.51	0.132	1.0	0.9995901155158834
GSKIP	139.0	-0.01	0.12	-0.0522	0.958	1.0	0.9995901155158834
GSN	1440.0	0.04	0.09	0.411	0.681	1.0	0.9995901155158834
GSPT1	2070.0	-0.03	0.07	-0.362	0.717	1.0	0.9995901155158834
GSPT2	223.0	-0.09	0.1	-0.856	0.392	1.0	0.9995901155158834
GSR	563.0	0.07	0.09	0.777	0.437	1.0	0.9995901155158834
GSS	132.0	0.05	0.14	0.35	0.727	1.0	0.9995901155158834
GSTA4	147.0	0.04	0.14	0.268	0.789	1.0	0.9995901155158834
GSTCD	175.0	0.27	0.13	2.01	0.0447	1.0	0.9995901155158834
GSTK1	272.0	-0.05	0.11	-0.431	0.667	1.0	0.9995901155158834
GSTM1	38.8	0.04	0.24	0.163	0.871	1.0	0.9995901155158834
GSTM2	14.7	-0.28	0.38	-0.75	0.453	1.0	0.9995901155158834
GSTM3	140.0	-0.07	0.14	-0.508	0.611	1.0	0.9995901155158834
GSTM4	35.7	0.37	0.22	1.67	0.0954	1.0	0.9995901155158834
GSTO1	604.0	-0.08	0.1	-0.813	0.416	1.0	0.9995901155158834
GSTO2	3.64	-0.54	0.69	-0.788	0.431	1.0	0.9995901155158834
GSTP1	463.0	0.09	0.16	0.545	0.586	1.0	0.9995901155158834
GSTT2B	1.41	-0.48	1.22	-0.389	0.697	1.0	0.9995901155158834
GSTZ1	38.7	-0.11	0.25	-0.438	0.661	1.0	0.9995901155158834
GTDC1	154.0	0.04	0.14	0.293	0.77	1.0	0.9995901155158834
GTF2A1	790.0	0.06	0.08	0.78	0.435	1.0	0.9995901155158834
GTF2A1L	2.9	-2.36	1.0	-2.36	0.0181	1.0	0.9995901155158834
GTF2A2	295.0	-0.07	0.1	-0.73	0.465	1.0	0.9995901155158834
GTF2B	92.1	-0.06	0.14	-0.447	0.655	1.0	0.9995901155158834
GTF2E1	368.0	0.1	0.08	1.24	0.214	1.0	0.9995901155158834
GTF2E2	331.0	0.01	0.09	0.138	0.891	1.0	0.9995901155158834
GTF2F1	1120.0	-0.13	0.11	-1.19	0.234	1.0	0.9995901155158834
GTF2F2	506.0	-0.03	0.09	-0.272	0.785	1.0	0.9995901155158834
GTF2H1	368.0	0.01	0.08	0.157	0.875	1.0	0.9995901155158834
GTF2H2	505.0	-0.17	0.11	-1.58	0.115	1.0	0.9995901155158834
GTF2H2C	140.0	0.07	0.16	0.417	0.677	1.0	0.9995901155158834
GTF2H3	149.0	0.05	0.12	0.381	0.704	1.0	0.9995901155158834
GTF2H4	103.0	-0.16	0.13	-1.22	0.221	1.0	0.9995901155158834
GTF2H5	174.0	-0.11	0.11	-0.983	0.325	1.0	0.9995901155158834
GTF2I	3140.0	0.02	0.07	0.33	0.742	1.0	0.9995901155158834
GTF2IRD1	73.2	-0.07	0.17	-0.425	0.671	1.0	0.9995901155158834
GTF2IRD2	28.3	-0.05	0.49	-0.098	0.922	1.0	0.9995901155158834
GTF2IRD2B	54.0	-0.18	0.37	-0.478	0.633	1.0	0.9995901155158834
GTF3A	215.0	-0.07	0.09	-0.76	0.447	1.0	0.9995901155158834
GTF3C1	1030.0	-0.01	0.1	-0.0675	0.946	1.0	0.9995901155158834
GTF3C2	183.0	-0.07	0.12	-0.585	0.559	1.0	0.9995901155158834
GTF3C3	300.0	-0.17	0.09	-1.89	0.0592	1.0	0.9995901155158834
GTF3C4	354.0	0.09	0.08	1.08	0.279	1.0	0.9995901155158834
GTF3C5	198.0	-0.17	0.13	-1.36	0.175	1.0	0.9995901155158834
GTF3C6	1030.0	-0.02	0.11	-0.2	0.841	1.0	0.9995901155158834
GTPBP1	208.0	-0.05	0.11	-0.501	0.617	1.0	0.9995901155158834
GTPBP10	198.0	0.21	0.11	1.91	0.0562	1.0	0.9995901155158834
GTPBP2	254.0	-0.1	0.11	-0.968	0.333	1.0	0.9995901155158834
GTPBP3	112.0	0.01	0.14	0.0873	0.93	1.0	0.9995901155158834
GTPBP4	1470.0	0.1	0.09	1.13	0.259	1.0	0.9995901155158834
GTPBP6	187.0	0.07	0.13	0.509	0.611	1.0	0.9995901155158834
GTPBP8	250.0	0.05	0.12	0.379	0.704	1.0	0.9995901155158834
GTSE1	45.0	0.02	0.2	0.0749	0.94	1.0	0.9995901155158834
GUCA1A	0.647	-1.16	1.85	-0.629	0.529	1.0	0.9995901155158834
GUCA1B	8.48	0.01	0.44	0.0141	0.989	1.0	0.9995901155158834
GUCD1	451.0	0.04	0.08	0.521	0.603	1.0	0.9995901155158834
GUCY1A1	5.82	-0.53	0.54	-0.999	0.318	1.0	0.9995901155158834
GUCY1A2	26.1	0.33	0.25	1.29	0.199	1.0	0.9995901155158834
GUCY1B1	50.8	0.06	0.21	0.293	0.77	1.0	0.9995901155158834
GUCY2C	0.651	0.41	1.25	0.328	0.743	1.0	0.9995901155158834
GUF1	154.0	-0.01	0.1	-0.118	0.906	1.0	0.9995901155158834
GUK1	472.0	-0.16	0.13	-1.23	0.219	1.0	0.9995901155158834
GULP1	107.0	0.37	0.16	2.41	0.0161	1.0	0.9995901155158834
GUSB	303.0	-0.08	0.11	-0.688	0.491	1.0	0.9995901155158834
GVQW3	38.4	-0.23	0.23	-0.983	0.326	1.0	0.9995901155158834
GXYLT1	2690.0	0.09	0.09	0.997	0.319	1.0	0.9995901155158834
GXYLT2	31.0	0.62	0.29	2.19	0.0287	1.0	0.9995901155158834
GYG1	349.0	0.08	0.11	0.743	0.458	1.0	0.9995901155158834
GYG2	235.0	-0.19	0.09	-2.05	0.0402	1.0	0.9995901155158834
GYPC	64.4	-0.16	0.19	-0.833	0.405	1.0	0.9995901155158834
GYS1	198.0	-0.11	0.15	-0.767	0.443	1.0	0.9995901155158834
GZF1	170.0	-0.05	0.11	-0.426	0.67	1.0	0.9995901155158834
H1-0	941.0	-0.03	0.09	-0.282	0.778	1.0	0.9995901155158834
H1-10	352.0	0.06	0.14	0.437	0.662	1.0	0.9995901155158834
H1-2	15.8	0.13	0.31	0.423	0.673	1.0	0.9995901155158834
H1-4	0.834	-1.11	1.46	-0.758	0.448	1.0	0.9995901155158834
H1-5	0.527	0.35	1.64	0.216	0.829	1.0	0.9995901155158834
H2AC11	1.44	0.05	1.29	0.0387	0.969	1.0	0.9995901155158834
H2AC15	1.36	2.25	1.05	2.15	0.0314	1.0	0.9995901155158834
H2AC17	0.756	0.2	1.63	0.125	0.901	1.0	0.9995901155158834
H2AC18	33.1	-0.28	0.6	-0.467	0.64	1.0	0.9995901155158834
H2AC20	1.93	-0.06	0.99	-0.0606	0.952	1.0	0.9995901155158834
H2AC6	8.12	0.18	0.47	0.397	0.692	1.0	0.9995901155158834
H2AC8	2.17	0.69	0.84	0.812	0.417	1.0	0.9995901155158834
H2AJ	294.0	-0.01	0.11	-0.0975	0.922	1.0	0.9995901155158834
H2AW	3.45	0.03	0.75	0.045	0.964	1.0	0.9995901155158834
H2AX	132.0	-0.01	0.18	-0.0362	0.971	1.0	0.9995901155158834
H2AZ1	1150.0	-0.02	0.07	-0.251	0.802	1.0	0.9995901155158834
H2AZ2	677.0	-0.07	0.08	-0.92	0.358	1.0	0.9995901155158834
H2BC11	1.47	-1.2	1.11	-1.08	0.281	1.0	0.9995901155158834
H2BC12	55.4	-0.25	0.2	-1.27	0.203	1.0	0.9995901155158834
H2BC15	2.23	0.28	0.9	0.306	0.759	1.0	0.9995901155158834
H2BC18	0.555	-1.68	1.73	-0.969	0.332	1.0	0.9995901155158834
H2BC21	89.9	0.19	0.16	1.19	0.234	1.0	0.9995901155158834
H2BC4	7.91	-0.58	0.58	-0.989	0.323	1.0	0.9995901155158834
H2BC5	4.95	1.0	0.53	1.88	0.0594	1.0	0.9995901155158834
H2BC8	2.0	-1.19	0.88	-1.35	0.177	1.0	0.9995901155158834
H2BW2	1.71	0.69	0.92	0.747	0.455	1.0	0.9995901155158834
H3-2	1.62	0.47	0.96	0.486	0.627	1.0	0.9995901155158834
H3-3A	2700.0	0.05	0.06	0.726	0.468	1.0	0.9995901155158834
H3-3B	3030.0	0.04	0.06	0.648	0.517	1.0	0.9995901155158834
H3C6	10.5	-0.26	0.42	-0.618	0.537	1.0	0.9995901155158834
H4-16	0.831	-0.5	1.64	-0.305	0.76	1.0	0.9995901155158834
H4C12	2.25	0.49	0.83	0.588	0.557	1.0	0.9995901155158834
H4C14	3.21	-0.48	0.66	-0.725	0.468	1.0	0.9995901155158834
H4C15	3.21	-0.48	0.66	-0.725	0.468	1.0	0.9995901155158834
H4C2	1.2	2.5	1.18	2.11	0.0346	1.0	0.9995901155158834
H4C5	6.61	-0.05	0.54	-0.0986	0.921	1.0	0.9995901155158834
H4C8	2.95	-0.08	0.79	-0.1	0.92	1.0	0.9995901155158834
H6PD	289.0	0.01	0.13	0.0462	0.963	1.0	0.9995901155158834
HAAO	2.09	0.15	0.86	0.178	0.858	1.0	0.9995901155158834
HABP4	915.0	-0.06	0.11	-0.514	0.607	1.0	0.9995901155158834
HACD1	69.3	0.12	0.18	0.627	0.531	1.0	0.9995901155158834
HACD2	254.0	0.08	0.13	0.6	0.549	1.0	0.9995901155158834
HACD3	1530.0	0.01	0.06	0.214	0.83	1.0	0.9995901155158834
HACD4	43.1	0.21	0.2	1.07	0.285	1.0	0.9995901155158834
HACE1	190.0	-0.04	0.13	-0.349	0.727	1.0	0.9995901155158834
HACL1	140.0	0.04	0.12	0.372	0.71	1.0	0.9995901155158834
HADH	76.6	-0.27	0.15	-1.79	0.0731	1.0	0.9995901155158834
HADHA	2750.0	-0.12	0.07	-1.69	0.0909	1.0	0.9995901155158834
HADHB	370.0	-0.1	0.1	-0.98	0.327	1.0	0.9995901155158834
HAGH	158.0	-0.05	0.11	-0.48	0.631	1.0	0.9995901155158834
HAGHL	0.48	-0.24	1.99	-0.12	0.904	1.0	0.9995901155158834
HAND1	0.828	0.79	1.39	0.566	0.572	1.0	0.9995901155158834
HAND2	69.6	0.12	0.15	0.82	0.412	1.0	0.9995901155158834
HAP1	3.85	0.86	0.6	1.44	0.149	1.0	0.9995901155158834
HAPLN1	4790.0	-0.03	0.07	-0.371	0.71	1.0	0.9995901155158834
HAPLN3	34.2	-0.02	0.21	-0.0807	0.936	1.0	0.9995901155158834
HAPLN4	1.34	-1.2	1.11	-1.08	0.28	1.0	0.9995901155158834
HARBI1	27.5	0.02	0.21	0.0819	0.935	1.0	0.9995901155158834
HARS1	651.0	-0.04	0.07	-0.5	0.617	1.0	0.9995901155158834
HARS2	343.0	-0.09	0.1	-0.939	0.348	1.0	0.9995901155158834
HAS2	68.7	0.02	0.17	0.105	0.916	1.0	0.9995901155158834
HAS3	1.79	-0.71	0.89	-0.799	0.424	1.0	0.9995901155158834
HASPIN	31.1	0.09	0.24	0.351	0.725	1.0	0.9995901155158834
HAT1	390.0	-0.08	0.08	-1.05	0.293	1.0	0.9995901155158834
HAUS1	161.0	-0.1	0.11	-0.867	0.386	1.0	0.9995901155158834
HAUS2	193.0	0.27	0.14	1.89	0.0592	1.0	0.9995901155158834
HAUS3	208.0	-0.03	0.1	-0.26	0.794	1.0	0.9995901155158834
HAUS4	292.0	-0.02	0.1	-0.169	0.866	1.0	0.9995901155158834
HAUS5	93.9	0.08	0.14	0.524	0.6	1.0	0.9995901155158834
HAUS6	377.0	0.06	0.11	0.592	0.554	1.0	0.9995901155158834
HAUS7	60.6	0.05	0.16	0.292	0.77	1.0	0.9995901155158834
HAUS8	84.6	-0.0	0.15	-0.0133	0.989	1.0	0.9995901155158834
HAVCR1	1.74	-0.49	1.09	-0.45	0.652	1.0	0.9995901155158834
HAVCR2	5.48	-0.03	0.51	-0.0601	0.952	1.0	0.9995901155158834
HAX1	186.0	-0.07	0.12	-0.592	0.554	1.0	0.9995901155158834
HBB	0.493	-2.26	2.59	-0.872	0.383	1.0	0.9995901155158834
HBD	0.847	-1.67	1.57	-1.06	0.288	1.0	0.9995901155158834
HBEGF	582.0	-0.07	0.09	-0.74	0.459	1.0	0.9995901155158834
HBP1	263.0	-0.05	0.16	-0.33	0.742	1.0	0.9995901155158834
HBS1L	957.0	0.01	0.08	0.0811	0.935	1.0	0.9995901155158834
HCAR1	2.77	1.19	0.84	1.42	0.157	1.0	0.9995901155158834
HCCS	181.0	0.01	0.11	0.0519	0.959	1.0	0.9995901155158834
HCFC1	497.0	0.04	0.09	0.485	0.628	1.0	0.9995901155158834
HCFC1R1	15.2	-0.24	0.39	-0.617	0.537	1.0	0.9995901155158834
HCFC2	149.0	-0.24	0.11	-2.19	0.0286	1.0	0.9995901155158834
HCK	0.827	0.73	1.63	0.446	0.655	1.0	0.9995901155158834
HCLS1	195.0	-0.1	0.12	-0.837	0.403	1.0	0.9995901155158834
HCN1	0.677	2.18	1.62	1.34	0.179	1.0	0.9995901155158834
HCN2	4.12	-1.09	0.72	-1.52	0.128	1.0	0.9995901155158834
HCN3	18.6	0.43	0.28	1.52	0.13	1.0	0.9995901155158834
HCN4	1.87	-0.66	1.05	-0.63	0.529	1.0	0.9995901155158834
HDAC1	670.0	-0.09	0.09	-1.04	0.299	1.0	0.9995901155158834
HDAC10	24.3	-0.08	0.23	-0.368	0.713	1.0	0.9995901155158834
HDAC11	23.9	-0.38	0.28	-1.36	0.174	1.0	0.9995901155158834
HDAC2	3310.0	0.04	0.06	0.755	0.45	1.0	0.9995901155158834
HDAC3	268.0	-0.08	0.13	-0.64	0.522	1.0	0.9995901155158834
HDAC4	146.0	-0.03	0.15	-0.213	0.831	1.0	0.9995901155158834
HDAC5	115.0	-0.1	0.15	-0.634	0.526	1.0	0.9995901155158834
HDAC6	176.0	-0.1	0.15	-0.678	0.498	1.0	0.9995901155158834
HDAC7	660.0	0.08	0.09	0.89	0.373	1.0	0.9995901155158834
HDAC8	160.0	0.01	0.11	0.105	0.916	1.0	0.9995901155158834
HDAC9	65.3	0.03	0.2	0.158	0.874	1.0	0.9995901155158834
HDDC2	43.1	-0.27	0.2	-1.35	0.178	1.0	0.9995901155158834
HDDC3	50.1	-0.42	0.19	-2.22	0.0262	1.0	0.9995901155158834
HDGF	1790.0	0.01	0.07	0.0683	0.946	1.0	0.9995901155158834
HDGFL2	904.0	-0.19	0.1	-1.85	0.0649	1.0	0.9995901155158834
HDGFL3	1290.0	0.03	0.08	0.343	0.732	1.0	0.9995901155158834
HDHD2	233.0	0.02	0.13	0.169	0.866	1.0	0.9995901155158834
HDHD3	9.02	0.1	0.44	0.232	0.816	1.0	0.9995901155158834
HDHD5	206.0	0.06	0.17	0.339	0.735	1.0	0.9995901155158834
HDLBP	3580.0	-0.14	0.09	-1.55	0.121	1.0	0.9995901155158834
HEATR1	874.0	0.11	0.09	1.23	0.219	1.0	0.9995901155158834
HEATR3	309.0	0.08	0.1	0.766	0.444	1.0	0.9995901155158834
HEATR4	0.743	-0.59	1.44	-0.407	0.684	1.0	0.9995901155158834
HEATR5A	348.0	-0.04	0.11	-0.396	0.692	1.0	0.9995901155158834
HEATR5B	365.0	-0.01	0.09	-0.0735	0.941	1.0	0.9995901155158834
HEATR6	104.0	-0.17	0.15	-1.14	0.255	1.0	0.9995901155158834
HEBP1	256.0	0.06	0.1	0.586	0.558	1.0	0.9995901155158834
HEBP2	262.0	-0.12	0.1	-1.18	0.237	1.0	0.9995901155158834
HECA	564.0	0.21	0.1	2.14	0.032	1.0	0.9995901155158834
HECTD1	2620.0	0.0	0.1	0.0187	0.985	1.0	0.9995901155158834
HECTD2	153.0	0.16	0.14	1.15	0.249	1.0	0.9995901155158834
HECTD3	566.0	-0.05	0.08	-0.577	0.564	1.0	0.9995901155158834
HECTD4	302.0	-0.09	0.15	-0.578	0.563	1.0	0.9995901155158834
HECW2	715.0	0.04	0.13	0.282	0.778	1.0	0.9995901155158834
HEG1	1090.0	0.03	0.1	0.341	0.733	1.0	0.9995901155158834
HELB	18.3	-0.15	0.31	-0.487	0.626	1.0	0.9995901155158834
HELLS	234.0	-0.06	0.14	-0.433	0.665	1.0	0.9995901155158834
HELQ	96.3	0.18	0.15	1.26	0.208	1.0	0.9995901155158834
HELZ	544.0	0.08	0.11	0.734	0.463	1.0	0.9995901155158834
HELZ2	79.2	-0.02	0.17	-0.0961	0.923	1.0	0.9995901155158834
HEMK1	42.8	0.25	0.21	1.23	0.219	1.0	0.9995901155158834
HEPH	405.0	-0.01	0.09	-0.138	0.891	1.0	0.9995901155158834
HERC1	1650.0	-0.12	0.18	-0.67	0.503	1.0	0.9995901155158834
HERC2	1610.0	0.02	0.14	0.154	0.878	1.0	0.9995901155158834
HERC3	174.0	-0.16	0.12	-1.35	0.179	1.0	0.9995901155158834
HERC4	713.0	0.13	0.09	1.43	0.152	1.0	0.9995901155158834
HERC5	43.0	-0.17	0.21	-0.791	0.429	1.0	0.9995901155158834
HERC6	19.1	-0.53	0.29	-1.83	0.0678	1.0	0.9995901155158834
HERPUD1	168.0	-0.04	0.13	-0.296	0.768	1.0	0.9995901155158834
HERPUD2	209.0	0.0	0.12	0.00821	0.993	1.0	0.9995901155158834
HES1	34.2	0.3	0.28	1.07	0.284	1.0	0.9995901155158834
HES2	8.42	0.42	0.49	0.871	0.383	1.0	0.9995901155158834
HES4	38.0	-0.19	0.23	-0.818	0.413	1.0	0.9995901155158834
HES6	6.25	-0.3	0.56	-0.536	0.592	1.0	0.9995901155158834
HESX1	3.21	-0.04	0.62	-0.0674	0.946	1.0	0.9995901155158834
HEXA	714.0	-0.01	0.09	-0.141	0.888	1.0	0.9995901155158834
HEXB	1280.0	-0.01	0.09	-0.133	0.895	1.0	0.9995901155158834
HEXD	19.9	0.01	0.28	0.0467	0.963	1.0	0.9995901155158834
HEXIM1	425.0	-0.01	0.1	-0.0832	0.934	1.0	0.9995901155158834
HEXIM2	20.1	0.32	0.35	0.917	0.359	1.0	0.9995901155158834
HEY1	11100.0	0.14	0.12	1.19	0.234	1.0	0.9995901155158834
HEY2	1030.0	0.01	0.1	0.0883	0.93	1.0	0.9995901155158834
HEYL	11.7	-0.22	0.38	-0.585	0.558	1.0	0.9995901155158834
HFE	12.5	0.39	0.38	1.03	0.303	1.0	0.9995901155158834
HFM1	48.5	-0.06	0.18	-0.331	0.74	1.0	0.9995901155158834
HGH1	64.5	0.26	0.18	1.42	0.157	1.0	0.9995901155158834
HGS	457.0	-0.01	0.1	-0.0963	0.923	1.0	0.9995901155158834
HGSNAT	983.0	-0.12	0.07	-1.85	0.0645	1.0	0.9995901155158834
HHAT	71.6	-0.15	0.18	-0.875	0.381	1.0	0.9995901155158834
HHEX	262.0	-0.03	0.11	-0.265	0.791	1.0	0.9995901155158834
HHIP	1.3	2.63	1.18	2.23	0.0257	1.0	0.9995901155158834
HHIPL1	47.4	-0.08	0.18	-0.465	0.642	1.0	0.9995901155158834
HHLA2	2.24	-0.4	1.06	-0.38	0.704	1.0	0.9995901155158834
HIBADH	180.0	-0.06	0.12	-0.558	0.577	1.0	0.9995901155158834
HIBCH	217.0	0.02	0.12	0.168	0.867	1.0	0.9995901155158834
HIC1	2.66	-0.67	0.75	-0.893	0.372	1.0	0.9995901155158834
HIC2	172.0	0.02	0.11	0.153	0.878	1.0	0.9995901155158834
HID1	41.4	0.02	0.23	0.0745	0.941	1.0	0.9995901155158834
HIF1A	2960.0	0.03	0.07	0.474	0.635	1.0	0.9995901155158834
HIF1AN	811.0	0.05	0.07	0.748	0.455	1.0	0.9995901155158834
HIF3A	82.7	0.19	0.22	0.855	0.393	1.0	0.9995901155158834
HIGD1A	499.0	-0.02	0.09	-0.282	0.778	1.0	0.9995901155158834
HIGD2A	55.1	-0.02	0.19	-0.104	0.918	1.0	0.9995901155158834
HIKESHI	231.0	-0.12	0.13	-0.928	0.354	1.0	0.9995901155158834
HILPDA	67.3	0.12	0.19	0.608	0.543	1.0	0.9995901155158834
HINFP	84.5	-0.2	0.15	-1.37	0.171	1.0	0.9995901155158834
HINT1	527.0	-0.04	0.11	-0.335	0.738	1.0	0.9995901155158834
HINT2	45.4	-0.35	0.29	-1.19	0.234	1.0	0.9995901155158834
HINT3	852.0	0.06	0.1	0.656	0.512	1.0	0.9995901155158834
HIP1	710.0	-0.08	0.12	-0.636	0.525	1.0	0.9995901155158834
HIP1R	815.0	-0.1	0.12	-0.816	0.414	1.0	0.9995901155158834
HIPK1	827.0	0.05	0.09	0.513	0.608	1.0	0.9995901155158834
HIPK2	2430.0	0.12	0.11	1.02	0.308	1.0	0.9995901155158834
HIPK3	993.0	0.09	0.07	1.34	0.179	1.0	0.9995901155158834
HIPK4	0.597	-2.55	2.01	-1.27	0.203	1.0	0.9995901155158834
HIRA	308.0	0.07	0.09	0.835	0.404	1.0	0.9995901155158834
HIRIP3	141.0	0.01	0.29	0.0215	0.983	1.0	0.9995901155158834
HIVEP1	110.0	-0.25	0.14	-1.76	0.0784	1.0	0.9995901155158834
HIVEP2	775.0	-0.05	0.1	-0.473	0.637	1.0	0.9995901155158834
HIVEP3	41.2	0.06	0.24	0.259	0.796	1.0	0.9995901155158834
HJURP	136.0	0.06	0.12	0.493	0.622	1.0	0.9995901155158834
HK1	2880.0	-0.08	0.08	-0.982	0.326	1.0	0.9995901155158834
HK2	288.0	0.05	0.14	0.328	0.743	1.0	0.9995901155158834
HKDC1	1.1	-1.12	1.17	-0.959	0.338	1.0	0.9995901155158834
HLA-A	1100.0	-0.02	0.1	-0.159	0.874	1.0	0.9995901155158834
HLA-B	202.0	-0.02	0.12	-0.148	0.882	1.0	0.9995901155158834
HLA-C	823.0	-0.02	0.08	-0.264	0.792	1.0	0.9995901155158834
HLA-DMA	0.575	0.15	1.62	0.0949	0.924	1.0	0.9995901155158834
HLA-DMB	0.554	-0.44	1.76	-0.25	0.803	1.0	0.9995901155158834
HLA-DOA	6.24	-0.56	0.48	-1.17	0.242	1.0	0.9995901155158834
HLA-DPA1	6.31	0.43	0.49	0.875	0.382	1.0	0.9995901155158834
HLA-DPB1	22.2	0.22	0.24	0.888	0.374	1.0	0.9995901155158834
HLA-DQA1	0.469	1.61	2.36	0.684	0.494	1.0	0.9995901155158834
HLA-DQB1	14.3	0.09	0.35	0.248	0.804	1.0	0.9995901155158834
HLA-DRB1	149.0	-0.12	0.12	-1.01	0.313	1.0	0.9995901155158834
HLA-DRB5	48.5	-0.09	0.19	-0.504	0.614	1.0	0.9995901155158834
HLA-E	2430.0	-0.04	0.08	-0.493	0.622	1.0	0.9995901155158834
HLA-F	4.55	-0.23	0.64	-0.355	0.723	1.0	0.9995901155158834
HLA-G	3.47	1.35	0.66	2.04	0.0417	1.0	0.9995901155158834
HLCS	253.0	0.06	0.12	0.527	0.598	1.0	0.9995901155158834
HLF	1.86	-2.05	0.96	-2.12	0.0338	1.0	0.9995901155158834
HLTF	386.0	0.08	0.08	0.995	0.32	1.0	0.9995901155158834
HLX	91.6	-0.35	0.18	-1.98	0.0482	1.0	0.9995901155158834
HM13	436.0	0.05	0.11	0.444	0.657	1.0	0.9995901155158834
HMBOX1	100.0	0.03	0.17	0.171	0.864	1.0	0.9995901155158834
HMBS	37.6	0.15	0.18	0.84	0.401	1.0	0.9995901155158834
HMCES	256.0	-0.15	0.1	-1.55	0.121	1.0	0.9995901155158834
HMCN1	104.0	-0.0	0.2	-0.0115	0.991	1.0	0.9995901155158834
HMCN2	48.0	-0.01	0.24	-0.034	0.973	1.0	0.9995901155158834
HMG20A	579.0	-0.02	0.09	-0.178	0.859	1.0	0.9995901155158834
HMG20B	204.0	-0.18	0.13	-1.41	0.16	1.0	0.9995901155158834
HMGA1	919.0	-0.06	0.11	-0.503	0.615	1.0	0.9995901155158834
HMGA2	2220.0	0.12	0.11	1.17	0.242	1.0	0.9995901155158834
HMGB1	8070.0	0.01	0.07	0.09	0.928	1.0	0.9995901155158834
HMGB2	1590.0	-0.04	0.12	-0.369	0.712	1.0	0.9995901155158834
HMGB3	1340.0	-0.0	0.08	-0.0142	0.989	1.0	0.9995901155158834
HMGCL	128.0	0.06	0.14	0.421	0.674	1.0	0.9995901155158834
HMGCLL1	2.53	0.14	0.73	0.197	0.844	1.0	0.9995901155158834
HMGCR	805.0	-0.05	0.12	-0.384	0.701	1.0	0.9995901155158834
HMGCS1	4090.0	0.05	0.1	0.476	0.634	1.0	0.9995901155158834
HMGN1	9160.0	0.01	0.09	0.0998	0.921	1.0	0.9995901155158834
HMGN2	1670.0	-0.01	0.08	-0.172	0.863	1.0	0.9995901155158834
HMGN3	1030.0	0.02	0.1	0.2	0.841	1.0	0.9995901155158834
HMGN4	186.0	0.21	0.11	1.87	0.0618	1.0	0.9995901155158834
HMGN5	565.0	-0.01	0.14	-0.0386	0.969	1.0	0.9995901155158834
HMGXB3	267.0	-0.1	0.1	-1.0	0.316	1.0	0.9995901155158834
HMGXB4	299.0	0.13	0.08	1.6	0.11	1.0	0.9995901155158834
HMMR	93.0	-0.24	0.18	-1.35	0.178	1.0	0.9995901155158834
HMOX1	48.4	-0.25	0.25	-0.983	0.326	1.0	0.9995901155158834
HMOX2	688.0	-0.15	0.07	-2.0	0.0452	1.0	0.9995901155158834
HMSD	1.07	1.11	1.33	0.833	0.405	1.0	0.9995901155158834
HMX1	3.24	0.58	0.64	0.897	0.369	1.0	0.9995901155158834
HMX3	2.57	0.32	0.75	0.431	0.666	1.0	0.9995901155158834
HNF1B	1.25	-1.18	1.19	-0.996	0.319	1.0	0.9995901155158834
HNF4A	0.53	0.5	1.75	0.284	0.776	1.0	0.9995901155158834
HNF4G	7.32	-0.18	0.48	-0.372	0.71	1.0	0.9995901155158834
HNMT	105.0	-0.33	0.18	-1.88	0.0596	1.0	0.9995901155158834
HNRNPA0	1810.0	0.09	0.06	1.42	0.155	1.0	0.9995901155158834
HNRNPA1	14300.0	-0.05	0.08	-0.564	0.572	1.0	0.9995901155158834
HNRNPA1L2	834.0	0.14	0.14	1.02	0.308	1.0	0.9995901155158834
HNRNPA2B1	23400.0	0.02	0.12	0.181	0.856	1.0	0.9995901155158834
HNRNPA3	12600.0	0.05	0.1	0.489	0.625	1.0	0.9995901155158834
HNRNPAB	1660.0	0.02	0.09	0.219	0.826	1.0	0.9995901155158834
HNRNPC	4400.0	0.07	0.06	1.14	0.254	1.0	0.9995901155158834
HNRNPD	6000.0	-0.02	0.08	-0.238	0.812	1.0	0.9995901155158834
HNRNPDL	3540.0	-0.04	0.1	-0.42	0.674	1.0	0.9995901155158834
HNRNPF	3390.0	-0.02	0.06	-0.38	0.704	1.0	0.9995901155158834
HNRNPH1	11200.0	0.01	0.07	0.189	0.85	1.0	0.9995901155158834
HNRNPH2	532.0	-0.11	0.25	-0.441	0.659	1.0	0.9995901155158834
HNRNPH3	5590.0	0.02	0.12	0.179	0.858	1.0	0.9995901155158834
HNRNPK	6150.0	0.06	0.06	1.01	0.313	1.0	0.9995901155158834
HNRNPL	1470.0	-0.0	0.1	-0.0477	0.962	1.0	0.9995901155158834
HNRNPLL	370.0	-0.06	0.08	-0.745	0.457	1.0	0.9995901155158834
HNRNPM	8380.0	-0.02	0.07	-0.311	0.756	1.0	0.9995901155158834
HNRNPR	5760.0	0.03	0.08	0.344	0.731	1.0	0.9995901155158834
HNRNPU	10200.0	-0.01	0.08	-0.121	0.904	1.0	0.9995901155158834
HNRNPUL1	1370.0	-0.04	0.05	-0.803	0.422	1.0	0.9995901155158834
HNRNPUL2	2220.0	-0.09	0.1	-0.988	0.323	1.0	0.9995901155158834
HOGA1	1.14	0.78	1.11	0.698	0.485	1.0	0.9995901155158834
HOMER1	635.0	0.04	0.1	0.382	0.702	1.0	0.9995901155158834
HOMER2	19.4	-0.02	0.26	-0.0844	0.933	1.0	0.9995901155158834
HOMER3	298.0	-0.07	0.12	-0.559	0.576	1.0	0.9995901155158834
HOMEZ	121.0	0.08	0.12	0.692	0.489	1.0	0.9995901155158834
HOOK1	57.0	0.13	0.23	0.582	0.561	1.0	0.9995901155158834
HOOK2	85.8	-0.08	0.14	-0.57	0.569	1.0	0.9995901155158834
HOOK3	1030.0	0.14	0.1	1.32	0.188	1.0	0.9995901155158834
HOPX	25.0	-0.05	0.27	-0.173	0.862	1.0	0.9995901155158834
HOXA10	1.74	0.64	0.8	0.809	0.418	1.0	0.9995901155158834
HOXA11	1.31	-1.08	1.32	-0.822	0.411	1.0	0.9995901155158834
HOXA13	0.895	1.76	1.5	1.18	0.239	1.0	0.9995901155158834
HOXB2	19.7	0.09	0.31	0.298	0.765	1.0	0.9995901155158834
HOXB3	47.6	-0.08	0.2	-0.407	0.684	1.0	0.9995901155158834
HOXB4	62.1	0.02	0.17	0.139	0.889	1.0	0.9995901155158834
HOXB5	106.0	-0.06	0.13	-0.472	0.637	1.0	0.9995901155158834
HOXB6	251.0	0.06	0.1	0.635	0.526	1.0	0.9995901155158834
HOXB7	241.0	-0.16	0.09	-1.83	0.0671	1.0	0.9995901155158834
HOXB8	60.8	0.28	0.17	1.64	0.101	1.0	0.9995901155158834
HOXB9	80.3	0.24	0.16	1.48	0.138	1.0	0.9995901155158834
HOXD1	11.5	-0.08	0.37	-0.215	0.83	1.0	0.9995901155158834
HOXD8	1.79	-1.36	1.35	-1.0	0.315	1.0	0.9995901155158834
HP1BP3	951.0	0.11	0.07	1.59	0.112	1.0	0.9995901155158834
HPCAL1	258.0	-0.05	0.13	-0.378	0.706	1.0	0.9995901155158834
HPDL	3.42	0.44	0.66	0.663	0.507	1.0	0.9995901155158834
HPF1	165.0	-0.04	0.11	-0.358	0.721	1.0	0.9995901155158834
HPGD	136.0	-0.04	0.12	-0.358	0.72	1.0	0.9995901155158834
HPN	0.712	-2.23	1.77	-1.26	0.208	1.0	0.9995901155158834
HPRT1	221.0	0.15	0.13	1.15	0.249	1.0	0.9995901155158834
HPS1	138.0	-0.02	0.15	-0.123	0.902	1.0	0.9995901155158834
HPS3	198.0	-0.0	0.12	-0.0253	0.98	1.0	0.9995901155158834
HPS4	302.0	0.17	0.1	1.72	0.0854	1.0	0.9995901155158834
HPS5	255.0	-0.11	0.09	-1.12	0.261	1.0	0.9995901155158834
HPS6	88.6	0.02	0.19	0.0783	0.938	1.0	0.9995901155158834
HPSE	65.1	0.11	0.16	0.716	0.474	1.0	0.9995901155158834
HPSE2	0.571	-0.18	1.61	-0.114	0.91	1.0	0.9995901155158834
HPX	0.815	0.33	1.4	0.235	0.814	1.0	0.9995901155158834
HRAS	364.0	-0.06	0.13	-0.478	0.633	1.0	0.9995901155158834
HRC	2.35	-0.39	0.82	-0.481	0.63	1.0	0.9995901155158834
HRH1	3.44	0.13	0.59	0.223	0.824	1.0	0.9995901155158834
HRH2	2.89	-0.6	0.79	-0.752	0.452	1.0	0.9995901155158834
HRH4	0.61	0.32	1.39	0.232	0.817	1.0	0.9995901155158834
HRK	1.32	0.06	1.07	0.0522	0.958	1.0	0.9995901155158834
HROB	17.8	0.18	0.37	0.495	0.621	1.0	0.9995901155158834
HS1BP3	210.0	0.03	0.12	0.264	0.791	1.0	0.9995901155158834
HS2ST1	529.0	0.0	0.1	0.00524	0.996	1.0	0.9995901155158834
HS3ST1	18.8	-0.18	0.45	-0.398	0.69	1.0	0.9995901155158834
HS3ST2	9.47	0.1	0.4	0.249	0.803	1.0	0.9995901155158834
HS3ST3A1	16.4	0.16	0.32	0.507	0.612	1.0	0.9995901155158834
HS3ST3B1	62.8	-0.14	0.21	-0.678	0.498	1.0	0.9995901155158834
HS3ST4	3.65	-0.19	0.76	-0.255	0.799	1.0	0.9995901155158834
HS3ST5	3.71	-0.75	0.68	-1.1	0.273	1.0	0.9995901155158834
HS6ST1	1120.0	-0.02	0.2	-0.0887	0.929	1.0	0.9995901155158834
HS6ST2	20.4	0.02	0.27	0.0889	0.929	1.0	0.9995901155158834
HS6ST3	19.5	-0.11	0.29	-0.395	0.693	1.0	0.9995901155158834
HSBP1	1280.0	-0.04	0.07	-0.581	0.561	1.0	0.9995901155158834
HSCB	41.0	-0.14	0.24	-0.578	0.563	1.0	0.9995901155158834
HSD11B1L	6.08	0.45	0.54	0.827	0.408	1.0	0.9995901155158834
HSD17B1	25.3	0.05	0.27	0.185	0.853	1.0	0.9995901155158834
HSD17B10	361.0	-0.13	0.12	-1.08	0.28	1.0	0.9995901155158834
HSD17B11	89.7	-0.06	0.14	-0.434	0.664	1.0	0.9995901155158834
HSD17B12	417.0	-0.09	0.07	-1.21	0.226	1.0	0.9995901155158834
HSD17B13	0.984	0.78	1.15	0.677	0.498	1.0	0.9995901155158834
HSD17B14	152.0	-0.03	0.14	-0.21	0.834	1.0	0.9995901155158834
HSD17B4	1450.0	-0.08	0.07	-1.03	0.302	1.0	0.9995901155158834
HSD17B6	1.07	-3.0	1.22	-2.45	0.0143	1.0	0.9995901155158834
HSD17B7	67.2	0.07	0.19	0.393	0.694	1.0	0.9995901155158834
HSD17B8	7.74	-0.12	0.43	-0.269	0.788	1.0	0.9995901155158834
HSD3B1	1.85	-0.08	0.93	-0.0833	0.934	1.0	0.9995901155158834
HSD3B2	0.696	-1.87	1.42	-1.32	0.188	1.0	0.9995901155158834
HSD3B7	12.6	-0.44	0.36	-1.22	0.224	1.0	0.9995901155158834
HSDL1	912.0	-0.01	0.09	-0.0963	0.923	1.0	0.9995901155158834
HSDL2	234.0	-0.05	0.09	-0.525	0.6	1.0	0.9995901155158834
HSF1	149.0	0.02	0.13	0.137	0.891	1.0	0.9995901155158834
HSF2	180.0	-0.13	0.14	-0.89	0.373	1.0	0.9995901155158834
HSF2BP	7.7	-0.2	0.49	-0.404	0.686	1.0	0.9995901155158834
HSFX1	3.32	-0.1	0.74	-0.134	0.893	1.0	0.9995901155158834
HSFX4	1.93	-0.15	1.06	-0.14	0.889	1.0	0.9995901155158834
HSH2D	0.927	0.43	1.22	0.351	0.726	1.0	0.9995901155158834
HSP90AA1	15900.0	0.04	0.07	0.495	0.62	1.0	0.9995901155158834
HSP90AB1	22300.0	-0.01	0.07	-0.104	0.917	1.0	0.9995901155158834
HSP90B1	21700.0	0.01	0.08	0.116	0.908	1.0	0.9995901155158834
HSPA12A	21.1	0.11	0.28	0.397	0.691	1.0	0.9995901155158834
HSPA12B	53.8	0.05	0.26	0.175	0.861	1.0	0.9995901155158834
HSPA13	605.0	0.04	0.1	0.414	0.679	1.0	0.9995901155158834
HSPA14	345.0	0.03	0.09	0.281	0.779	1.0	0.9995901155158834
HSPA1A	1420.0	-0.04	0.11	-0.381	0.703	1.0	0.9995901155158834
HSPA1B	780.0	-0.13	0.09	-1.47	0.142	1.0	0.9995901155158834
HSPA1L	49.6	0.25	0.21	1.22	0.224	1.0	0.9995901155158834
HSPA2	283.0	-0.02	0.1	-0.221	0.825	1.0	0.9995901155158834
HSPA4	3650.0	-0.01	0.08	-0.0732	0.942	1.0	0.9995901155158834
HSPA4L	52.3	0.14	0.17	0.82	0.412	1.0	0.9995901155158834
HSPA5	8010.0	-0.04	0.06	-0.602	0.548	1.0	0.9995901155158834
HSPA6	1.12	-2.19	1.27	-1.73	0.0845	1.0	0.9995901155158834
HSPA8	9840.0	-0.04	0.07	-0.509	0.611	1.0	0.9995901155158834
HSPA9	3150.0	-0.02	0.06	-0.286	0.775	1.0	0.9995901155158834
HSPB1	189.0	-0.19	0.34	-0.574	0.566	1.0	0.9995901155158834
HSPB11	66.3	-0.4	0.17	-2.4	0.0165	1.0	0.9995901155158834
HSPB8	36.6	0.15	0.21	0.694	0.487	1.0	0.9995901155158834
HSPBAP1	60.9	-0.13	0.17	-0.766	0.444	1.0	0.9995901155158834
HSPBP1	89.1	0.02	0.16	0.105	0.916	1.0	0.9995901155158834
HSPD1	4080.0	0.02	0.07	0.239	0.811	1.0	0.9995901155158834
HSPE1	1230.0	-0.13	0.12	-1.06	0.291	1.0	0.9995901155158834
HSPE1-MOB4	161.0	0.52	1.55	0.335	0.738	1.0	0.9995901155158834
HSPG2	12000.0	0.03	0.12	0.287	0.774	1.0	0.9995901155158834
HSPH1	2180.0	0.05	0.1	0.508	0.611	1.0	0.9995901155158834
HTATIP2	957.0	-0.02	0.06	-0.269	0.788	1.0	0.9995901155158834
HTATSF1	2430.0	0.0	0.1	0.00849	0.993	1.0	0.9995901155158834
HTD2	98.6	0.09	0.55	0.158	0.875	1.0	0.9995901155158834
HTR1B	3.31	-0.56	0.73	-0.764	0.445	1.0	0.9995901155158834
HTR1D	9.55	-0.28	0.42	-0.67	0.503	1.0	0.9995901155158834
HTR1F	9.16	-0.06	0.39	-0.144	0.886	1.0	0.9995901155158834
HTR2A	0.506	-1.13	1.65	-0.684	0.494	1.0	0.9995901155158834
HTR2B	17.0	-0.09	0.31	-0.277	0.782	1.0	0.9995901155158834
HTR2C	0.499	1.66	1.73	0.961	0.337	1.0	0.9995901155158834
HTR3B	2.13	-0.37	0.9	-0.408	0.684	1.0	0.9995901155158834
HTR7	79.0	0.14	0.14	1.06	0.289	1.0	0.9995901155158834
HTRA1	210.0	-0.2	0.16	-1.2	0.229	1.0	0.9995901155158834
HTRA2	123.0	-0.06	0.13	-0.502	0.615	1.0	0.9995901155158834
HTRA3	305.0	-0.08	0.11	-0.724	0.469	1.0	0.9995901155158834
HTRA4	2.04	0.68	0.84	0.805	0.421	1.0	0.9995901155158834
HTT	766.0	-0.07	0.1	-0.711	0.477	1.0	0.9995901155158834
HUNK	47.8	0.23	0.19	1.22	0.221	1.0	0.9995901155158834
HUS1	150.0	0.2	0.12	1.65	0.0983	1.0	0.9995901155158834
HUS1B	0.775	1.3	1.5	0.865	0.387	1.0	0.9995901155158834
HUWE1	2610.0	-0.08	0.13	-0.641	0.521	1.0	0.9995901155158834
HVCN1	53.1	0.26	0.18	1.46	0.144	1.0	0.9995901155158834
HYAL1	6.62	-0.37	0.51	-0.715	0.475	1.0	0.9995901155158834
HYAL2	662.0	0.02	0.09	0.187	0.851	1.0	0.9995901155158834
HYAL3	6.15	-0.59	0.56	-1.05	0.295	1.0	0.9995901155158834
HYAL4	2.16	-0.15	0.86	-0.175	0.861	1.0	0.9995901155158834
HYDIN	3.73	-2.08	0.81	-2.55	0.0107	1.0	0.9995901155158834
HYI	31.7	-0.14	0.23	-0.605	0.545	1.0	0.9995901155158834
HYKK	6.77	0.48	0.6	0.806	0.42	1.0	0.9995901155158834
HYLS1	48.4	-0.11	0.17	-0.673	0.501	1.0	0.9995901155158834
HYOU1	2850.0	-0.08	0.08	-1.0	0.315	1.0	0.9995901155158834
HYPK	503.0	-0.08	0.14	-0.607	0.544	1.0	0.9995901155158834
IAH1	42.6	-0.03	0.23	-0.148	0.883	1.0	0.9995901155158834
IAPP	0.949	-0.06	1.47	-0.0377	0.97	1.0	0.9995901155158834
IARS1	629.0	0.01	0.07	0.127	0.899	1.0	0.9995901155158834
IARS2	1150.0	-0.03	0.06	-0.525	0.6	1.0	0.9995901155158834
IBA57	116.0	0.3	0.17	1.74	0.0816	1.0	0.9995901155158834
IBTK	992.0	0.05	0.07	0.772	0.44	1.0	0.9995901155158834
ICA1	162.0	-0.03	0.13	-0.233	0.816	1.0	0.9995901155158834
ICA1L	42.6	-0.14	0.27	-0.544	0.586	1.0	0.9995901155158834
ICAM1	381.0	0.25	0.22	1.13	0.259	1.0	0.9995901155158834
ICAM2	168.0	-0.08	0.2	-0.427	0.67	1.0	0.9995901155158834
ICAM3	43.3	0.27	0.17	1.6	0.109	1.0	0.9995901155158834
ICAM4	2.87	0.36	0.79	0.454	0.65	1.0	0.9995901155158834
ICE1	691.0	-0.0	0.12	-0.0143	0.989	1.0	0.9995901155158834
ICE2	271.0	-0.03	0.11	-0.322	0.748	1.0	0.9995901155158834
ICMT	956.0	0.03	0.06	0.398	0.691	1.0	0.9995901155158834
ICOSLG	81.2	0.48	0.19	2.57	0.0102	1.0	0.9995901155158834
ID1	730.0	-0.07	0.08	-0.809	0.418	1.0	0.9995901155158834
ID2	129.0	-0.09	0.16	-0.567	0.571	1.0	0.9995901155158834
ID3	3690.0	0.08	0.1	0.756	0.45	1.0	0.9995901155158834
ID4	101.0	0.17	0.13	1.28	0.199	1.0	0.9995901155158834
IDE	358.0	0.01	0.11	0.0756	0.94	1.0	0.9995901155158834
IDH1	1340.0	-0.13	0.08	-1.63	0.104	1.0	0.9995901155158834
IDH2	871.0	0.04	0.1	0.435	0.664	1.0	0.9995901155158834
IDH3A	248.0	-0.08	0.11	-0.753	0.451	1.0	0.9995901155158834
IDH3B	548.0	-0.15	0.1	-1.48	0.14	1.0	0.9995901155158834
IDH3G	100.0	-0.09	0.14	-0.666	0.505	1.0	0.9995901155158834
IDI1	435.0	-0.05	0.1	-0.537	0.592	1.0	0.9995901155158834
IDNK	22.7	0.1	0.24	0.405	0.685	1.0	0.9995901155158834
IDO1	1.09	1.87	1.2	1.56	0.118	1.0	0.9995901155158834
IDS	498.0	-0.02	0.1	-0.201	0.841	1.0	0.9995901155158834
IDUA	9.9	0.0	0.35	0.0011	0.999	1.0	0.9995901155158834
IER2	704.0	-0.0	0.11	-0.00866	0.993	1.0	0.9995901155158834
IER3	293.0	0.1	0.14	0.748	0.455	1.0	0.9995901155158834
IER3IP1	967.0	0.01	0.07	0.217	0.829	1.0	0.9995901155158834
IER5	181.0	-0.13	0.12	-1.04	0.298	1.0	0.9995901155158834
IER5L	19.5	0.09	0.27	0.321	0.748	1.0	0.9995901155158834
IFFO1	173.0	-0.01	0.12	-0.0795	0.937	1.0	0.9995901155158834
IFFO2	674.0	0.17	0.1	1.69	0.0907	1.0	0.9995901155158834
IFI16	2290.0	0.0	0.1	0.0393	0.969	1.0	0.9995901155158834
IFI27L1	32.8	-0.19	0.26	-0.72	0.472	1.0	0.9995901155158834
IFI27L2	3.64	-0.64	0.63	-1.0	0.315	1.0	0.9995901155158834
IFI30	0.409	1.4	1.81	0.771	0.441	1.0	0.9995901155158834
IFI35	10.7	0.09	0.36	0.238	0.812	1.0	0.9995901155158834
IFI44	6.75	-0.13	0.51	-0.251	0.802	1.0	0.9995901155158834
IFI44L	1.79	0.43	0.89	0.488	0.626	1.0	0.9995901155158834
IFI6	19.6	0.3	0.32	0.936	0.349	1.0	0.9995901155158834
IFIH1	181.0	-0.0	0.39	-0.00481	0.996	1.0	0.9995901155158834
IFIT1	12.4	-0.17	0.41	-0.422	0.673	1.0	0.9995901155158834
IFIT2	9.24	0.13	0.39	0.342	0.732	1.0	0.9995901155158834
IFIT3	230.0	-0.03	0.12	-0.284	0.776	1.0	0.9995901155158834
IFIT5	56.2	0.14	0.21	0.675	0.499	1.0	0.9995901155158834
IFITM1	5.95	1.3	0.63	2.05	0.04	1.0	0.9995901155158834
IFITM10	3.58	1.15	0.78	1.47	0.141	1.0	0.9995901155158834
IFITM2	280.0	-0.05	0.14	-0.33	0.741	1.0	0.9995901155158834
IFITM3	571.0	-0.05	0.16	-0.308	0.758	1.0	0.9995901155158834
IFNAR1	538.0	0.02	0.09	0.253	0.8	1.0	0.9995901155158834
IFNAR2	276.0	-0.03	0.1	-0.354	0.724	1.0	0.9995901155158834
IFNGR1	1360.0	0.02	0.13	0.135	0.893	1.0	0.9995901155158834
IFNGR2	239.0	0.03	0.13	0.237	0.812	1.0	0.9995901155158834
IFNLR1	2.2	0.34	1.15	0.295	0.768	1.0	0.9995901155158834
IFRD1	811.0	0.18	0.13	1.41	0.16	1.0	0.9995901155158834
IFRD2	382.0	-0.06	0.1	-0.587	0.557	1.0	0.9995901155158834
IFT122	108.0	-0.35	0.16	-2.23	0.0256	1.0	0.9995901155158834
IFT140	110.0	-0.22	0.14	-1.51	0.132	1.0	0.9995901155158834
IFT172	164.0	-0.32	0.15	-2.14	0.0326	1.0	0.9995901155158834
IFT20	80.5	-0.26	0.14	-1.95	0.0508	1.0	0.9995901155158834
IFT22	132.0	-0.01	0.15	-0.091	0.928	1.0	0.9995901155158834
IFT27	68.6	-0.22	0.19	-1.15	0.252	1.0	0.9995901155158834
IFT43	28.5	-0.24	0.27	-0.893	0.372	1.0	0.9995901155158834
IFT46	90.2	0.0	0.13	0.00534	0.996	1.0	0.9995901155158834
IFT52	407.0	-0.03	0.1	-0.332	0.74	1.0	0.9995901155158834
IFT57	376.0	0.13	0.1	1.36	0.174	1.0	0.9995901155158834
IFT74	115.0	-0.06	0.16	-0.368	0.713	1.0	0.9995901155158834
IFT80	226.0	0.08	0.1	0.861	0.389	1.0	0.9995901155158834
IFT81	176.0	0.05	0.12	0.381	0.703	1.0	0.9995901155158834
IFT88	84.1	0.07	0.16	0.45	0.653	1.0	0.9995901155158834
IFTAP	105.0	-0.04	0.17	-0.206	0.837	1.0	0.9995901155158834
IGBP1	214.0	-0.03	0.11	-0.254	0.8	1.0	0.9995901155158834
IGDCC3	254.0	0.05	0.11	0.408	0.683	1.0	0.9995901155158834
IGDCC4	64.1	0.19	0.14	1.32	0.187	1.0	0.9995901155158834
IGF1	5.45	0.38	0.72	0.525	0.599	1.0	0.9995901155158834
IGF1R	1300.0	0.02	0.1	0.219	0.826	1.0	0.9995901155158834
IGF2	529.0	-0.15	0.17	-0.871	0.384	1.0	0.9995901155158834
IGF2BP1	2020.0	0.07	0.07	0.999	0.318	1.0	0.9995901155158834
IGF2BP2	1390.0	0.04	0.06	0.632	0.527	1.0	0.9995901155158834
IGF2BP3	630.0	0.09	0.1	0.973	0.33	1.0	0.9995901155158834
IGF2R	5170.0	-0.0	0.09	-0.0115	0.991	1.0	0.9995901155158834
IGFBP1	15.5	-0.32	0.33	-0.96	0.337	1.0	0.9995901155158834
IGFBP2	2530.0	0.04	0.1	0.366	0.714	1.0	0.9995901155158834
IGFBP3	953.0	0.12	0.16	0.761	0.446	1.0	0.9995901155158834
IGFBP4	4140.0	0.01	0.1	0.104	0.917	1.0	0.9995901155158834
IGFBP5	738.0	0.24	0.16	1.56	0.118	1.0	0.9995901155158834
IGFBP6	17.3	0.41	0.37	1.11	0.266	1.0	0.9995901155158834
IGFBP7	5.02	0.13	0.53	0.252	0.801	1.0	0.9995901155158834
IGFBPL1	6.64	0.84	0.5	1.7	0.0894	1.0	0.9995901155158834
IGFL4	272.0	0.39	0.14	2.71	0.00666	1.0	0.9995901155158834
IGFLR1	3.3	-0.34	0.56	-0.603	0.547	1.0	0.9995901155158834
IGHMBP2	63.3	-0.01	0.19	-0.0593	0.953	1.0	0.9995901155158834
IGIP	11.5	0.56	0.31	1.78	0.0759	1.0	0.9995901155158834
IGLON5	38.1	-0.23	0.2	-1.15	0.249	1.0	0.9995901155158834
IGSF1	5.54	-0.15	0.5	-0.296	0.767	1.0	0.9995901155158834
IGSF10	6.72	0.39	0.57	0.692	0.489	1.0	0.9995901155158834
IGSF11	3.44	0.76	0.66	1.15	0.25	1.0	0.9995901155158834
IGSF22	0.821	-0.9	1.34	-0.672	0.502	1.0	0.9995901155158834
IGSF3	391.0	0.04	0.09	0.503	0.615	1.0	0.9995901155158834
IGSF5	3.06	0.63	0.63	1.01	0.315	1.0	0.9995901155158834
IGSF6	2.73	-0.61	0.83	-0.728	0.467	1.0	0.9995901155158834
IGSF8	139.0	-0.04	0.12	-0.331	0.741	1.0	0.9995901155158834
IGSF9	2.47	0.65	0.93	0.696	0.486	1.0	0.9995901155158834
IGSF9B	87.0	0.26	0.26	1.02	0.307	1.0	0.9995901155158834
IK	1760.0	-0.06	0.1	-0.611	0.541	1.0	0.9995901155158834
IKBIP	455.0	-0.06	0.11	-0.573	0.567	1.0	0.9995901155158834
IKBKB	221.0	0.04	0.1	0.455	0.649	1.0	0.9995901155158834
IKBKE	74.3	-0.06	0.19	-0.313	0.754	1.0	0.9995901155158834
IKBKG	149.0	-0.22	0.13	-1.76	0.0782	1.0	0.9995901155158834
IKZF1	18.3	0.38	0.39	0.963	0.336	1.0	0.9995901155158834
IKZF2	26.5	0.05	0.24	0.215	0.83	1.0	0.9995901155158834
IKZF3	7.53	0.2	0.47	0.416	0.678	1.0	0.9995901155158834
IKZF4	7.75	0.48	0.4	1.21	0.225	1.0	0.9995901155158834
IKZF5	119.0	-0.09	0.13	-0.715	0.475	1.0	0.9995901155158834
IL10	0.996	0.24	1.27	0.19	0.849	1.0	0.9995901155158834
IL10RA	2.07	1.1	0.79	1.39	0.164	1.0	0.9995901155158834
IL10RB	58.8	0.06	0.2	0.291	0.771	1.0	0.9995901155158834
IL11	13.3	-0.18	0.49	-0.378	0.705	1.0	0.9995901155158834
IL11RA	112.0	-0.11	0.15	-0.718	0.473	1.0	0.9995901155158834
IL12A	1.38	-1.01	1.14	-0.878	0.38	1.0	0.9995901155158834
IL12RB1	3.49	2.03	0.81	2.52	0.0117	1.0	0.9995901155158834
IL12RB2	4.65	0.37	0.53	0.685	0.493	1.0	0.9995901155158834
IL13RA1	1490.0	-0.03	0.08	-0.364	0.716	1.0	0.9995901155158834
IL13RA2	0.707	-0.59	1.24	-0.476	0.634	1.0	0.9995901155158834
IL15	4.51	-0.39	0.57	-0.684	0.494	1.0	0.9995901155158834
IL15RA	12.0	0.24	0.34	0.718	0.473	1.0	0.9995901155158834
IL16	109.0	-0.16	0.15	-1.11	0.266	1.0	0.9995901155158834
IL17B	0.996	0.11	1.36	0.0827	0.934	1.0	0.9995901155158834
IL17D	73.8	0.09	0.15	0.626	0.531	1.0	0.9995901155158834
IL17RA	447.0	0.17	0.08	2.11	0.0351	1.0	0.9995901155158834
IL17RB	20.3	-0.0	0.28	-0.0084	0.993	1.0	0.9995901155158834
IL17RC	18.9	-0.12	0.34	-0.346	0.729	1.0	0.9995901155158834
IL17RD	179.0	0.04	0.13	0.299	0.765	1.0	0.9995901155158834
IL17RE	1.58	-1.28	1.04	-1.24	0.217	1.0	0.9995901155158834
IL17REL	2.29	0.11	0.77	0.144	0.886	1.0	0.9995901155158834
IL18BP	10.1	0.27	0.42	0.629	0.529	1.0	0.9995901155158834
IL18R1	434.0	0.23	0.15	1.52	0.129	1.0	0.9995901155158834
IL18RAP	3.14	0.09	0.83	0.114	0.909	1.0	0.9995901155158834
IL1A	15.2	0.45	0.35	1.29	0.196	1.0	0.9995901155158834
IL1B	13.4	0.8	0.36	2.2	0.0277	1.0	0.9995901155158834
IL1R1	612.0	0.05	0.09	0.508	0.611	1.0	0.9995901155158834
IL1R2	0.616	-1.21	1.48	-0.816	0.415	1.0	0.9995901155158834
IL1RAP	258.0	0.1	0.08	1.15	0.251	1.0	0.9995901155158834
IL1RAPL1	1.94	0.93	0.9	1.04	0.301	1.0	0.9995901155158834
IL1RAPL2	0.959	0.56	1.28	0.44	0.66	1.0	0.9995901155158834
IL1RL1	74.9	0.19	0.34	0.554	0.579	1.0	0.9995901155158834
IL1RL2	3.54	0.73	0.65	1.12	0.265	1.0	0.9995901155158834
IL20RA	0.819	-0.82	1.43	-0.575	0.565	1.0	0.9995901155158834
IL20RB	4.9	0.2	0.57	0.347	0.728	1.0	0.9995901155158834
IL21R	1.26	0.11	1.24	0.0863	0.931	1.0	0.9995901155158834
IL23A	1.72	-1.13	0.94	-1.21	0.225	1.0	0.9995901155158834
IL23R	0.637	-0.36	1.86	-0.195	0.846	1.0	0.9995901155158834
IL27RA	118.0	-0.19	0.14	-1.35	0.178	1.0	0.9995901155158834
IL2RA	1.54	0.44	1.05	0.416	0.677	1.0	0.9995901155158834
IL2RB	0.904	-0.65	1.17	-0.556	0.578	1.0	0.9995901155158834
IL2RG	0.39	1.33	2.23	0.595	0.552	1.0	0.9995901155158834
IL31RA	75.8	-0.28	0.18	-1.59	0.112	1.0	0.9995901155158834
IL32	213.0	0.41	0.27	1.53	0.125	1.0	0.9995901155158834
IL33	138.0	0.11	0.15	0.736	0.462	1.0	0.9995901155158834
IL34	2.06	-0.65	0.86	-0.753	0.452	1.0	0.9995901155158834
IL3RA	42.9	0.0	0.25	0.0145	0.988	1.0	0.9995901155158834
IL4I1	66.2	0.29	0.19	1.54	0.122	1.0	0.9995901155158834
IL4R	507.0	-0.03	0.11	-0.318	0.75	1.0	0.9995901155158834
IL5RA	0.446	-1.92	1.76	-1.09	0.274	1.0	0.9995901155158834
IL6R	225.0	0.02	0.33	0.0589	0.953	1.0	0.9995901155158834
IL6ST	3320.0	0.07	0.07	0.913	0.361	1.0	0.9995901155158834
IL7R	142.0	0.09	0.21	0.423	0.672	1.0	0.9995901155158834
IL9R	0.54	-0.23	1.65	-0.142	0.887	1.0	0.9995901155158834
ILDR1	0.882	0.37	1.54	0.243	0.808	1.0	0.9995901155158834
ILDR2	7.81	-0.44	0.42	-1.05	0.295	1.0	0.9995901155158834
ILF2	1650.0	-0.08	0.07	-1.13	0.257	1.0	0.9995901155158834
ILF3	3360.0	0.02	0.06	0.367	0.714	1.0	0.9995901155158834
ILK	597.0	-0.09	0.09	-0.96	0.337	1.0	0.9995901155158834
ILKAP	203.0	0.07	0.11	0.608	0.543	1.0	0.9995901155158834
ILRUN	1610.0	0.03	0.08	0.411	0.681	1.0	0.9995901155158834
ILVBL	262.0	0.02	0.14	0.144	0.885	1.0	0.9995901155158834
IMMP1L	39.5	0.03	0.24	0.117	0.907	1.0	0.9995901155158834
IMMP2L	26.0	0.12	0.22	0.569	0.569	1.0	0.9995901155158834
IMMT	833.0	-0.02	0.09	-0.21	0.833	1.0	0.9995901155158834
IMP3	306.0	-0.0	0.08	-0.0336	0.973	1.0	0.9995901155158834
IMP4	158.0	0.08	0.11	0.804	0.421	1.0	0.9995901155158834
IMPA1	256.0	0.11	0.1	1.08	0.281	1.0	0.9995901155158834
IMPA2	18.2	0.33	0.3	1.1	0.27	1.0	0.9995901155158834
IMPACT	447.0	-0.02	0.09	-0.238	0.812	1.0	0.9995901155158834
IMPDH1	206.0	-0.12	0.13	-0.933	0.351	1.0	0.9995901155158834
IMPDH2	324.0	-0.03	0.1	-0.257	0.797	1.0	0.9995901155158834
IMPG1	2.95	0.03	0.83	0.0372	0.97	1.0	0.9995901155158834
IMPG2	9.14	0.22	0.42	0.513	0.608	1.0	0.9995901155158834
INA	2.22	-1.32	0.93	-1.42	0.156	1.0	0.9995901155158834
INAFM1	3.22	0.55	0.79	0.693	0.488	1.0	0.9995901155158834
INAFM2	168.0	-0.06	0.12	-0.51	0.61	1.0	0.9995901155158834
INAVA	64.3	0.07	0.16	0.465	0.642	1.0	0.9995901155158834
INCA1	4.3	-0.15	0.7	-0.211	0.833	1.0	0.9995901155158834
INCENP	243.0	-0.18	0.19	-0.972	0.331	1.0	0.9995901155158834
INF2	411.0	-0.11	0.1	-1.08	0.28	1.0	0.9995901155158834
ING1	188.0	0.0	0.11	0.032	0.975	1.0	0.9995901155158834
ING2	124.0	-0.19	0.15	-1.27	0.202	1.0	0.9995901155158834
ING3	145.0	-0.04	0.11	-0.329	0.742	1.0	0.9995901155158834
ING4	111.0	-0.13	0.17	-0.762	0.446	1.0	0.9995901155158834
ING5	297.0	-0.13	0.13	-1.01	0.313	1.0	0.9995901155158834
INHBA	37.4	0.34	0.27	1.26	0.208	1.0	0.9995901155158834
INHBB	0.575	0.31	1.43	0.219	0.827	1.0	0.9995901155158834
INHBE	0.491	2.17	1.56	1.39	0.163	1.0	0.9995901155158834
INIP	328.0	0.02	0.11	0.19	0.849	1.0	0.9995901155158834
INKA1	147.0	0.15	0.17	0.873	0.383	1.0	0.9995901155158834
INKA2	34.9	-0.18	0.22	-0.806	0.42	1.0	0.9995901155158834
INMT	5.44	-0.28	0.61	-0.471	0.638	1.0	0.9995901155158834
INO80	431.0	0.03	0.08	0.375	0.708	1.0	0.9995901155158834
INO80B	39.0	-0.04	0.23	-0.195	0.845	1.0	0.9995901155158834
INO80C	133.0	-0.0	0.16	-0.0286	0.977	1.0	0.9995901155158834
INO80D	196.0	0.15	0.14	1.07	0.283	1.0	0.9995901155158834
INO80E	71.9	-0.19	0.16	-1.2	0.228	1.0	0.9995901155158834
INPP1	432.0	-0.03	0.1	-0.31	0.756	1.0	0.9995901155158834
INPP4A	264.0	0.02	0.14	0.116	0.907	1.0	0.9995901155158834
INPP4B	29.0	0.28	0.3	0.93	0.352	1.0	0.9995901155158834
INPP5A	662.0	-0.01	0.11	-0.0515	0.959	1.0	0.9995901155158834
INPP5B	133.0	0.24	0.14	1.78	0.0746	1.0	0.9995901155158834
INPP5D	115.0	-0.07	0.17	-0.412	0.681	1.0	0.9995901155158834
INPP5E	48.8	-0.24	0.22	-1.12	0.261	1.0	0.9995901155158834
INPP5F	617.0	0.02	0.1	0.219	0.827	1.0	0.9995901155158834
INPP5J	2.36	0.85	0.92	0.919	0.358	1.0	0.9995901155158834
INPP5K	141.0	-0.13	0.17	-0.765	0.444	1.0	0.9995901155158834
INPPL1	342.0	-0.06	0.13	-0.456	0.648	1.0	0.9995901155158834
INSIG1	301.0	-0.0	0.17	-0.0193	0.985	1.0	0.9995901155158834
INSIG2	439.0	0.15	0.11	1.34	0.182	1.0	0.9995901155158834
INSL3	0.493	1.67	1.74	0.956	0.339	1.0	0.9995901155158834
INSR	125.0	-0.04	0.18	-0.237	0.813	1.0	0.9995901155158834
INSYN1	8.78	-0.06	0.43	-0.152	0.879	1.0	0.9995901155158834
INSYN2A	3.42	0.11	0.71	0.159	0.874	1.0	0.9995901155158834
INSYN2B	30.0	-0.14	0.26	-0.536	0.592	1.0	0.9995901155158834
INTS1	440.0	-0.08	0.11	-0.789	0.43	1.0	0.9995901155158834
INTS10	230.0	-0.1	0.12	-0.875	0.382	1.0	0.9995901155158834
INTS11	249.0	-0.26	0.11	-2.47	0.0135	1.0	0.9995901155158834
INTS12	88.6	0.05	0.13	0.397	0.691	1.0	0.9995901155158834
INTS13	458.0	0.04	0.1	0.396	0.692	1.0	0.9995901155158834
INTS14	135.0	0.03	0.12	0.262	0.794	1.0	0.9995901155158834
INTS2	352.0	0.2	0.11	1.82	0.0693	1.0	0.9995901155158834
INTS3	310.0	-0.07	0.11	-0.677	0.498	1.0	0.9995901155158834
INTS4	263.0	0.01	0.1	0.113	0.91	1.0	0.9995901155158834
INTS5	109.0	-0.1	0.17	-0.589	0.556	1.0	0.9995901155158834
INTS6	268.0	-0.07	0.09	-0.846	0.398	1.0	0.9995901155158834
INTS6L	31.3	-0.01	0.2	-0.0568	0.955	1.0	0.9995901155158834
INTS7	135.0	-0.08	0.13	-0.652	0.514	1.0	0.9995901155158834
INTS8	293.0	0.02	0.11	0.175	0.861	1.0	0.9995901155158834
INTS9	67.1	-0.25	0.15	-1.64	0.101	1.0	0.9995901155158834
INTU	149.0	0.17	0.19	0.922	0.357	1.0	0.9995901155158834
INVS	117.0	0.05	0.14	0.359	0.72	1.0	0.9995901155158834
IP6K1	247.0	0.0	0.1	0.0322	0.974	1.0	0.9995901155158834
IP6K2	355.0	0.05	0.09	0.554	0.579	1.0	0.9995901155158834
IPCEF1	6.73	0.21	0.59	0.359	0.72	1.0	0.9995901155158834
IPMK	256.0	0.23	0.09	2.57	0.01	1.0	0.9995901155158834
IPO11	701.0	0.04	0.1	0.375	0.708	1.0	0.9995901155158834
IPO13	72.8	0.08	0.17	0.505	0.614	1.0	0.9995901155158834
IPO4	204.0	-0.17	0.11	-1.48	0.138	1.0	0.9995901155158834
IPO5	2230.0	0.02	0.06	0.295	0.768	1.0	0.9995901155158834
IPO7	2020.0	0.09	0.09	0.99	0.322	1.0	0.9995901155158834
IPO8	995.0	0.06	0.08	0.733	0.464	1.0	0.9995901155158834
IPO9	592.0	-0.05	0.08	-0.622	0.534	1.0	0.9995901155158834
IPP	125.0	0.09	0.12	0.776	0.438	1.0	0.9995901155158834
IPPK	355.0	-0.04	0.13	-0.298	0.766	1.0	0.9995901155158834
IQANK1	3.17	0.0	0.85	0.00402	0.997	1.0	0.9995901155158834
IQCA1	19.0	-0.16	0.29	-0.561	0.575	1.0	0.9995901155158834
IQCB1	148.0	-0.06	0.13	-0.43	0.667	1.0	0.9995901155158834
IQCC	26.1	0.18	0.26	0.701	0.484	1.0	0.9995901155158834
IQCD	5.24	-0.3	0.6	-0.507	0.612	1.0	0.9995901155158834
IQCE	134.0	-0.02	0.18	-0.118	0.906	1.0	0.9995901155158834
IQCF3	0.422	0.96	1.84	0.521	0.602	1.0	0.9995901155158834
IQCG	63.1	-0.19	0.18	-1.07	0.283	1.0	0.9995901155158834
IQCH	5.56	0.51	0.48	1.08	0.282	1.0	0.9995901155158834
IQCK	195.0	-0.01	0.15	-0.0566	0.955	1.0	0.9995901155158834
IQCN	0.705	-0.92	1.56	-0.593	0.553	1.0	0.9995901155158834
IQGAP1	3640.0	-0.04	0.05	-0.809	0.418	1.0	0.9995901155158834
IQGAP2	599.0	0.04	0.08	0.495	0.621	1.0	0.9995901155158834
IQGAP3	39.8	-0.2	0.28	-0.74	0.459	1.0	0.9995901155158834
IQSEC1	216.0	0.12	0.11	1.08	0.28	1.0	0.9995901155158834
IQSEC2	8.58	0.35	0.52	0.682	0.496	1.0	0.9995901155158834
IQSEC3	40.5	-0.06	0.24	-0.263	0.793	1.0	0.9995901155158834
IQUB	4.7	-0.48	0.64	-0.753	0.451	1.0	0.9995901155158834
IRAG1	53.5	0.06	0.18	0.323	0.747	1.0	0.9995901155158834
IRAG2	0.542	0.86	1.49	0.577	0.564	1.0	0.9995901155158834
IRAK1	606.0	0.07	0.09	0.813	0.416	1.0	0.9995901155158834
IRAK1BP1	28.8	0.27	0.2	1.32	0.186	1.0	0.9995901155158834
IRAK2	96.2	0.04	0.17	0.248	0.804	1.0	0.9995901155158834
IRAK3	40.9	0.07	0.19	0.385	0.7	1.0	0.9995901155158834
IRAK4	2.24	0.63	0.87	0.721	0.471	1.0	0.9995901155158834
IREB2	1230.0	0.02	0.11	0.205	0.837	1.0	0.9995901155158834
IRF1	71.3	0.1	0.18	0.573	0.566	1.0	0.9995901155158834
IRF2	137.0	0.12	0.14	0.839	0.401	1.0	0.9995901155158834
IRF2BP1	34.1	0.31	0.23	1.32	0.187	1.0	0.9995901155158834
IRF2BP2	971.0	0.12	0.11	1.01	0.311	1.0	0.9995901155158834
IRF2BPL	79.0	0.02	0.16	0.117	0.907	1.0	0.9995901155158834
IRF3	68.7	-0.05	0.19	-0.26	0.795	1.0	0.9995901155158834
IRF4	0.511	-1.78	1.78	-1.0	0.315	1.0	0.9995901155158834
IRF6	469.0	0.2	0.1	1.98	0.0475	1.0	0.9995901155158834
IRF7	13.5	0.23	0.35	0.674	0.5	1.0	0.9995901155158834
IRF8	1.81	0.15	0.95	0.159	0.873	1.0	0.9995901155158834
IRF9	90.4	-0.04	0.2	-0.225	0.822	1.0	0.9995901155158834
IRGM	4.36	-0.66	0.56	-1.19	0.236	1.0	0.9995901155158834
IRGQ	332.0	0.14	0.11	1.28	0.202	1.0	0.9995901155158834
IRS1	24.9	-0.12	0.26	-0.467	0.641	1.0	0.9995901155158834
IRS2	52.3	0.06	0.22	0.277	0.782	1.0	0.9995901155158834
IRX1	0.785	-0.82	1.46	-0.56	0.576	1.0	0.9995901155158834
IRX2	6.58	-0.19	0.52	-0.375	0.708	1.0	0.9995901155158834
IRX3	4.05	-0.19	0.56	-0.341	0.733	1.0	0.9995901155158834
IRX5	4.13	-0.03	0.6	-0.0444	0.965	1.0	0.9995901155158834
IRX6	3.19	-0.29	0.69	-0.422	0.673	1.0	0.9995901155158834
ISCA1	234.0	0.02	0.09	0.205	0.838	1.0	0.9995901155158834
ISCA2	118.0	-0.14	0.14	-0.961	0.337	1.0	0.9995901155158834
ISCU	213.0	-0.17	0.13	-1.31	0.19	1.0	0.9995901155158834
ISG15	68.5	0.01	0.17	0.0369	0.971	1.0	0.9995901155158834
ISG20	20.7	-0.2	0.28	-0.71	0.478	1.0	0.9995901155158834
ISG20L2	120.0	-0.13	0.15	-0.845	0.398	1.0	0.9995901155158834
ISL1	60.3	-0.11	0.19	-0.595	0.552	1.0	0.9995901155158834
ISL2	4.25	0.32	0.58	0.556	0.578	1.0	0.9995901155158834
ISLR2	0.746	-0.88	1.43	-0.62	0.535	1.0	0.9995901155158834
ISM1	83.6	0.14	0.21	0.642	0.521	1.0	0.9995901155158834
ISOC1	171.0	-0.06	0.13	-0.496	0.62	1.0	0.9995901155158834
ISOC2	17.1	0.2	0.34	0.597	0.551	1.0	0.9995901155158834
IST1	821.0	-0.09	0.07	-1.16	0.244	1.0	0.9995901155158834
ISY1	475.0	0.08	0.14	0.563	0.574	1.0	0.9995901155158834
ISY1-RAB43	348.0	-0.22	0.13	-1.79	0.0735	1.0	0.9995901155158834
ISYNA1	164.0	-0.07	0.14	-0.515	0.606	1.0	0.9995901155158834
ITCH	853.0	-0.02	0.08	-0.229	0.819	1.0	0.9995901155158834
ITFG1	472.0	0.01	0.1	0.0712	0.943	1.0	0.9995901155158834
ITFG2	99.8	-0.17	0.15	-1.17	0.24	1.0	0.9995901155158834
ITGA1	2340.0	-0.07	0.07	-1.01	0.312	1.0	0.9995901155158834
ITGA10	102.0	-0.12	0.18	-0.684	0.494	1.0	0.9995901155158834
ITGA11	52.6	0.17	0.19	0.919	0.358	1.0	0.9995901155158834
ITGA2	501.0	-0.02	0.11	-0.212	0.832	1.0	0.9995901155158834
ITGA2B	3.41	0.59	0.64	0.931	0.352	1.0	0.9995901155158834
ITGA3	826.0	-0.03	0.11	-0.242	0.808	1.0	0.9995901155158834
ITGA4	189.0	0.08	0.1	0.833	0.405	1.0	0.9995901155158834
ITGA5	3790.0	-0.08	0.11	-0.705	0.481	1.0	0.9995901155158834
ITGA6	1280.0	-0.01	0.13	-0.0962	0.923	1.0	0.9995901155158834
ITGA7	32.2	0.43	0.31	1.4	0.161	1.0	0.9995901155158834
ITGA8	718.0	-0.06	0.08	-0.759	0.448	1.0	0.9995901155158834
ITGA9	2380.0	0.03	0.11	0.263	0.792	1.0	0.9995901155158834
ITGAE	25.2	-0.04	0.26	-0.171	0.864	1.0	0.9995901155158834
ITGAL	3.79	0.03	0.58	0.046	0.963	1.0	0.9995901155158834
ITGAV	4150.0	0.08	0.09	0.843	0.399	1.0	0.9995901155158834
ITGAX	1.62	-0.24	1.1	-0.215	0.83	1.0	0.9995901155158834
ITGB1	32200.0	-0.01	0.09	-0.122	0.903	1.0	0.9995901155158834
ITGB1BP1	397.0	-0.13	0.1	-1.29	0.198	1.0	0.9995901155158834
ITGB1BP2	0.968	-0.18	1.08	-0.162	0.872	1.0	0.9995901155158834
ITGB2	7.4	-0.43	0.43	-1.01	0.311	1.0	0.9995901155158834
ITGB3	19.7	0.35	0.36	0.967	0.333	1.0	0.9995901155158834
ITGB3BP	26.4	-0.28	0.24	-1.19	0.234	1.0	0.9995901155158834
ITGB4	0.488	-1.71	1.95	-0.877	0.381	1.0	0.9995901155158834
ITGB5	714.0	-0.11	0.11	-0.994	0.32	1.0	0.9995901155158834
ITGB7	0.729	-1.95	1.8	-1.08	0.279	1.0	0.9995901155158834
ITGB8	33.8	0.2	0.18	1.1	0.272	1.0	0.9995901155158834
ITGBL1	2.11	2.24	0.84	2.67	0.00758	1.0	0.9995901155158834
ITIH3	1.74	1.17	1.1	1.06	0.287	1.0	0.9995901155158834
ITIH4	0.842	-1.39	1.25	-1.11	0.267	1.0	0.9995901155158834
ITIH5	10.3	0.37	0.41	0.9	0.368	1.0	0.9995901155158834
ITIH6	2.88	-1.0	0.76	-1.31	0.19	1.0	0.9995901155158834
ITLN1	3.36	1.14	0.81	1.41	0.159	1.0	0.9995901155158834
ITLN2	45.5	0.07	0.25	0.267	0.79	1.0	0.9995901155158834
ITM2A	112.0	-0.01	0.15	-0.0535	0.957	1.0	0.9995901155158834
ITM2B	2570.0	0.03	0.08	0.403	0.687	1.0	0.9995901155158834
ITM2C	1990.0	-0.12	0.12	-1.06	0.291	1.0	0.9995901155158834
ITPA	97.7	-0.16	0.13	-1.28	0.202	1.0	0.9995901155158834
ITPK1	111.0	-0.03	0.14	-0.239	0.811	1.0	0.9995901155158834
ITPKA	1.19	2.12	1.09	1.94	0.0524	1.0	0.9995901155158834
ITPKB	708.0	0.0	0.07	0.0651	0.948	1.0	0.9995901155158834
ITPKC	95.5	-0.06	0.22	-0.28	0.779	1.0	0.9995901155158834
ITPR1	225.0	-0.12	0.16	-0.771	0.441	1.0	0.9995901155158834
ITPR2	900.0	-0.04	0.15	-0.234	0.815	1.0	0.9995901155158834
ITPR3	911.0	-0.09	0.13	-0.646	0.519	1.0	0.9995901155158834
ITPRID2	3430.0	0.04	0.08	0.553	0.58	1.0	0.9995901155158834
ITPRIP	130.0	-0.05	0.11	-0.432	0.666	1.0	0.9995901155158834
ITPRIPL1	12.2	0.15	0.39	0.392	0.695	1.0	0.9995901155158834
ITPRIPL2	1550.0	0.13	0.08	1.72	0.0858	1.0	0.9995901155158834
ITSN1	1510.0	-0.08	0.09	-0.965	0.335	1.0	0.9995901155158834
ITSN2	1100.0	-0.02	0.12	-0.172	0.864	1.0	0.9995901155158834
IVD	157.0	-0.18	0.15	-1.15	0.25	1.0	0.9995901155158834
IVNS1ABP	2730.0	-0.04	0.07	-0.601	0.548	1.0	0.9995901155158834
IWS1	1380.0	-0.04	0.09	-0.491	0.623	1.0	0.9995901155158834
IYD	2.02	-1.36	0.78	-1.74	0.0811	1.0	0.9995901155158834
IZUMO1	2.8	0.32	0.74	0.431	0.667	1.0	0.9995901155158834
IZUMO4	0.547	0.34	1.61	0.212	0.832	1.0	0.9995901155158834
JADE1	229.0	0.02	0.11	0.219	0.826	1.0	0.9995901155158834
JADE2	28.6	0.07	0.28	0.236	0.813	1.0	0.9995901155158834
JADE3	200.0	0.01	0.12	0.0942	0.925	1.0	0.9995901155158834
JAG1	3640.0	0.07	0.08	0.885	0.376	1.0	0.9995901155158834
JAG2	1570.0	-0.03	0.07	-0.377	0.706	1.0	0.9995901155158834
JAGN1	100.0	0.03	0.15	0.17	0.865	1.0	0.9995901155158834
JAK1	2180.0	0.0	0.08	0.0444	0.965	1.0	0.9995901155158834
JAK2	220.0	0.03	0.1	0.287	0.774	1.0	0.9995901155158834
JAK3	40.5	-0.03	0.24	-0.114	0.909	1.0	0.9995901155158834
JAKMIP1	1.58	2.8	1.21	2.31	0.0206	1.0	0.9995901155158834
JAKMIP2	8.18	0.27	0.4	0.685	0.493	1.0	0.9995901155158834
JAM2	9.74	0.62	0.4	1.56	0.118	1.0	0.9995901155158834
JAM3	1610.0	0.05	0.08	0.609	0.543	1.0	0.9995901155158834
JAML	0.719	0.7	1.57	0.448	0.654	1.0	0.9995901155158834
JARID2	581.0	0.03	0.08	0.308	0.758	1.0	0.9995901155158834
JAZF1	124.0	-0.0	0.15	-0.0178	0.986	1.0	0.9995901155158834
JCAD	718.0	-0.04	0.09	-0.41	0.682	1.0	0.9995901155158834
JDP2	48.0	0.03	0.23	0.133	0.894	1.0	0.9995901155158834
JHY	54.2	0.15	0.19	0.795	0.426	1.0	0.9995901155158834
JKAMP	328.0	-0.04	0.15	-0.244	0.807	1.0	0.9995901155158834
JMJD1C	786.0	0.02	0.1	0.168	0.867	1.0	0.9995901155158834
JMJD4	73.1	0.28	0.22	1.29	0.197	1.0	0.9995901155158834
JMJD6	310.0	0.04	0.1	0.426	0.67	1.0	0.9995901155158834
JMJD7	18.7	0.56	0.31	1.79	0.0728	1.0	0.9995901155158834
JMJD7-PLA2G4B	6.32	-0.49	0.63	-0.777	0.437	1.0	0.9995901155158834
JMJD8	53.1	-0.01	0.19	-0.0573	0.954	1.0	0.9995901155158834
JMY	187.0	0.04	0.12	0.353	0.724	1.0	0.9995901155158834
JOSD1	586.0	-0.04	0.09	-0.373	0.709	1.0	0.9995901155158834
JOSD2	30.8	-0.0	0.3	-0.00637	0.995	1.0	0.9995901155158834
JPH1	151.0	-0.13	0.15	-0.814	0.416	1.0	0.9995901155158834
JPH2	28.3	-0.17	0.24	-0.701	0.483	1.0	0.9995901155158834
JPH3	92.8	-0.04	0.16	-0.272	0.786	1.0	0.9995901155158834
JPH4	3.98	-0.84	0.69	-1.22	0.223	1.0	0.9995901155158834
JPT1	471.0	0.1	0.1	1.06	0.288	1.0	0.9995901155158834
JPT2	1480.0	0.11	0.09	1.25	0.212	1.0	0.9995901155158834
JRK	188.0	-0.03	0.15	-0.203	0.839	1.0	0.9995901155158834
JRKL	192.0	0.02	0.11	0.187	0.852	1.0	0.9995901155158834
JTB	174.0	-0.17	0.13	-1.33	0.183	1.0	0.9995901155158834
JUN	617.0	-0.02	0.11	-0.147	0.883	1.0	0.9995901155158834
JUNB	75.5	0.08	0.17	0.452	0.651	1.0	0.9995901155158834
JUND	279.0	0.07	0.18	0.406	0.685	1.0	0.9995901155158834
JUP	542.0	-0.15	0.11	-1.36	0.174	1.0	0.9995901155158834
KALRN	292.0	-0.06	0.11	-0.576	0.565	1.0	0.9995901155158834
KANK1	87.3	0.04	0.16	0.23	0.818	1.0	0.9995901155158834
KANK2	360.0	0.06	0.15	0.376	0.707	1.0	0.9995901155158834
KANK3	50.5	0.02	0.28	0.069	0.945	1.0	0.9995901155158834
KANK4	1.14	-0.0	1.15	-0.00343	0.997	1.0	0.9995901155158834
KANSL1	218.0	0.02	0.09	0.263	0.792	1.0	0.9995901155158834
KANSL1L	56.3	-0.11	0.18	-0.605	0.545	1.0	0.9995901155158834
KANSL2	238.0	0.05	0.1	0.531	0.595	1.0	0.9995901155158834
KANSL3	395.0	-0.03	0.08	-0.312	0.755	1.0	0.9995901155158834
KARS1	807.0	-0.16	0.1	-1.66	0.0974	1.0	0.9995901155158834
KASH5	0.426	-0.36	1.73	-0.208	0.835	1.0	0.9995901155158834
KAT14	331.0	-0.1	0.1	-1.0	0.317	1.0	0.9995901155158834
KAT2A	69.1	0.1	0.2	0.516	0.606	1.0	0.9995901155158834
KAT2B	53.6	0.27	0.16	1.71	0.0874	1.0	0.9995901155158834
KAT5	122.0	0.0	0.17	0.00523	0.996	1.0	0.9995901155158834
KAT6A	1430.0	0.03	0.11	0.251	0.802	1.0	0.9995901155158834
KAT6B	287.0	-0.03	0.13	-0.267	0.789	1.0	0.9995901155158834
KAT7	268.0	0.02	0.09	0.189	0.85	1.0	0.9995901155158834
KAT8	40.3	-0.4	0.23	-1.78	0.0744	1.0	0.9995901155158834
KATNA1	138.0	-0.11	0.13	-0.845	0.398	1.0	0.9995901155158834
KATNAL1	273.0	-0.0	0.09	-0.0165	0.987	1.0	0.9995901155158834
KATNAL2	23.7	-0.07	0.26	-0.29	0.772	1.0	0.9995901155158834
KATNB1	85.3	-0.11	0.17	-0.634	0.526	1.0	0.9995901155158834
KATNBL1	220.0	0.03	0.13	0.208	0.836	1.0	0.9995901155158834
KATNIP	87.2	-0.23	0.18	-1.31	0.19	1.0	0.9995901155158834
KAZALD1	16.3	-0.08	0.38	-0.203	0.839	1.0	0.9995901155158834
KAZN	89.9	-0.02	0.13	-0.186	0.853	1.0	0.9995901155158834
KBTBD11	117.0	-0.01	0.16	-0.0451	0.964	1.0	0.9995901155158834
KBTBD12	0.682	-1.04	1.35	-0.769	0.442	1.0	0.9995901155158834
KBTBD2	1170.0	-0.0	0.09	-0.00376	0.997	1.0	0.9995901155158834
KBTBD3	19.2	-0.32	0.27	-1.19	0.232	1.0	0.9995901155158834
KBTBD4	83.3	-0.02	0.17	-0.141	0.888	1.0	0.9995901155158834
KBTBD6	210.0	-0.03	0.12	-0.234	0.815	1.0	0.9995901155158834
KBTBD7	307.0	0.17	0.09	1.81	0.0697	1.0	0.9995901155158834
KBTBD8	66.8	-0.11	0.18	-0.645	0.519	1.0	0.9995901155158834
KCMF1	395.0	0.01	0.08	0.0902	0.928	1.0	0.9995901155158834
KCNA2	1.65	0.43	0.81	0.534	0.593	1.0	0.9995901155158834
KCNA3	0.383	-0.87	2.06	-0.421	0.674	1.0	0.9995901155158834
KCNA5	24.3	0.16	0.3	0.517	0.605	1.0	0.9995901155158834
KCNA6	72.4	-0.02	0.21	-0.0875	0.93	1.0	0.9995901155158834
KCNA7	4.01	0.32	0.6	0.535	0.593	1.0	0.9995901155158834
KCNAB1	11.5	0.08	0.33	0.255	0.799	1.0	0.9995901155158834
KCNAB2	10.7	-0.24	0.38	-0.623	0.533	1.0	0.9995901155158834
KCNAB3	1.4	-2.13	1.27	-1.68	0.093	1.0	0.9995901155158834
KCNB1	1.99	-0.14	0.9	-0.154	0.878	1.0	0.9995901155158834
KCNB2	4.34	-0.03	0.6	-0.0553	0.956	1.0	0.9995901155158834
KCNC1	0.334	2.06	2.27	0.907	0.364	1.0	0.9995901155158834
KCNC3	5.75	0.28	0.55	0.517	0.605	1.0	0.9995901155158834
KCNC4	105.0	0.0	0.15	0.0218	0.983	1.0	0.9995901155158834
KCND1	10.6	-0.47	0.43	-1.09	0.276	1.0	0.9995901155158834
KCND2	14.7	-0.16	0.39	-0.401	0.689	1.0	0.9995901155158834
KCND3	2.05	0.24	0.78	0.304	0.761	1.0	0.9995901155158834
KCNE2	0.533	0.43	2.13	0.202	0.84	1.0	0.9995901155158834
KCNE3	47.0	-0.16	0.23	-0.691	0.49	1.0	0.9995901155158834
KCNE4	2.14	-0.2	1.0	-0.202	0.84	1.0	0.9995901155158834
KCNE5	1.11	-1.19	1.15	-1.03	0.303	1.0	0.9995901155158834
KCNF1	23.1	0.0	0.27	0.0126	0.99	1.0	0.9995901155158834
KCNG1	14.3	0.04	0.41	0.103	0.918	1.0	0.9995901155158834
KCNG4	0.436	-1.55	1.67	-0.929	0.353	1.0	0.9995901155158834
KCNH1	16.7	0.19	0.29	0.655	0.512	1.0	0.9995901155158834
KCNH2	1.29	1.57	1.31	1.2	0.232	1.0	0.9995901155158834
KCNH6	0.883	0.75	1.62	0.462	0.644	1.0	0.9995901155158834
KCNH7	91.1	0.0	0.2	0.0102	0.992	1.0	0.9995901155158834
KCNH8	1.39	0.73	0.99	0.74	0.46	1.0	0.9995901155158834
KCNIP1	1.19	-1.13	1.14	-0.995	0.32	1.0	0.9995901155158834
KCNIP2	2.46	0.55	0.86	0.644	0.519	1.0	0.9995901155158834
KCNIP3	2.01	0.39	0.82	0.476	0.634	1.0	0.9995901155158834
KCNIP4	0.551	-0.85	1.91	-0.447	0.655	1.0	0.9995901155158834
KCNJ10	0.652	-0.77	1.47	-0.524	0.601	1.0	0.9995901155158834
KCNJ11	1.09	0.3	1.45	0.207	0.836	1.0	0.9995901155158834
KCNJ12	7.72	0.09	0.53	0.171	0.864	1.0	0.9995901155158834
KCNJ13	1.27	0.43	1.02	0.423	0.672	1.0	0.9995901155158834
KCNJ14	2.66	0.57	0.78	0.734	0.463	1.0	0.9995901155158834
KCNJ15	11.0	-0.26	0.36	-0.719	0.472	1.0	0.9995901155158834
KCNJ16	0.587	-1.53	1.91	-0.798	0.425	1.0	0.9995901155158834
KCNJ2	194.0	-0.06	0.1	-0.536	0.592	1.0	0.9995901155158834
KCNJ3	0.583	-0.65	1.4	-0.465	0.642	1.0	0.9995901155158834
KCNJ4	0.587	-1.03	1.6	-0.644	0.52	1.0	0.9995901155158834
KCNJ5	3.64	0.49	0.67	0.738	0.461	1.0	0.9995901155158834
KCNJ6	5.22	0.28	0.48	0.589	0.556	1.0	0.9995901155158834
KCNJ8	3.64	0.86	0.65	1.32	0.187	1.0	0.9995901155158834
KCNK1	3.51	-0.24	0.72	-0.331	0.741	1.0	0.9995901155158834
KCNK10	2.0	0.16	0.88	0.181	0.856	1.0	0.9995901155158834
KCNK12	2.33	0.49	0.87	0.562	0.574	1.0	0.9995901155158834
KCNK17	4.82	0.16	0.61	0.267	0.789	1.0	0.9995901155158834
KCNK2	1.39	1.14	0.99	1.15	0.249	1.0	0.9995901155158834
KCNK3	6.48	0.21	0.52	0.408	0.683	1.0	0.9995901155158834
KCNK5	43.4	0.11	0.21	0.534	0.593	1.0	0.9995901155158834
KCNK6	113.0	-0.17	0.18	-0.928	0.353	1.0	0.9995901155158834
KCNMA1	1.82	-0.6	1.02	-0.585	0.559	1.0	0.9995901155158834
KCNMB1	11.3	0.49	0.43	1.14	0.254	1.0	0.9995901155158834
KCNMB3	21.5	0.13	0.23	0.567	0.571	1.0	0.9995901155158834
KCNMB4	231.0	0.04	0.09	0.471	0.637	1.0	0.9995901155158834
KCNN1	2.7	-0.62	0.8	-0.774	0.439	1.0	0.9995901155158834
KCNN2	107.0	-0.05	0.13	-0.428	0.669	1.0	0.9995901155158834
KCNN3	14.1	0.22	0.34	0.662	0.508	1.0	0.9995901155158834
KCNQ1	3.75	0.17	0.68	0.251	0.802	1.0	0.9995901155158834
KCNQ2	2.69	0.47	1.03	0.455	0.649	1.0	0.9995901155158834
KCNQ3	7.8	-0.38	0.41	-0.909	0.363	1.0	0.9995901155158834
KCNQ5	2.47	0.39	0.82	0.475	0.635	1.0	0.9995901155158834
KCNRG	0.988	2.49	1.66	1.5	0.134	1.0	0.9995901155158834
KCNS2	1.17	-0.84	1.14	-0.74	0.459	1.0	0.9995901155158834
KCNS3	33.7	-0.08	0.24	-0.343	0.731	1.0	0.9995901155158834
KCNT2	9.86	-0.28	0.43	-0.64	0.522	1.0	0.9995901155158834
KCNV1	3.99	0.35	0.61	0.574	0.566	1.0	0.9995901155158834
KCP	7.5	-0.14	0.52	-0.264	0.792	1.0	0.9995901155158834
KCTD1	37.0	-0.04	0.25	-0.17	0.865	1.0	0.9995901155158834
KCTD10	1720.0	0.1	0.07	1.28	0.2	1.0	0.9995901155158834
KCTD11	41.1	-0.16	0.19	-0.857	0.391	1.0	0.9995901155158834
KCTD12	1750.0	0.09	0.1	0.896	0.37	1.0	0.9995901155158834
KCTD13	40.9	0.08	0.2	0.408	0.683	1.0	0.9995901155158834
KCTD15	841.0	-0.0	0.05	-0.0174	0.986	1.0	0.9995901155158834
KCTD16	2.73	0.95	0.67	1.42	0.155	1.0	0.9995901155158834
KCTD17	54.4	0.17	0.23	0.72	0.472	1.0	0.9995901155158834
KCTD18	116.0	-0.13	0.14	-0.933	0.351	1.0	0.9995901155158834
KCTD2	208.0	-0.08	0.1	-0.797	0.425	1.0	0.9995901155158834
KCTD20	967.0	-0.04	0.07	-0.648	0.517	1.0	0.9995901155158834
KCTD21	66.3	-0.11	0.18	-0.596	0.551	1.0	0.9995901155158834
KCTD3	694.0	-0.0	0.07	-0.0344	0.973	1.0	0.9995901155158834
KCTD5	327.0	0.1	0.1	1.02	0.31	1.0	0.9995901155158834
KCTD6	48.8	0.19	0.17	1.08	0.278	1.0	0.9995901155158834
KCTD7	132.0	-0.25	0.15	-1.7	0.0899	1.0	0.9995901155158834
KCTD8	2.1	0.05	0.93	0.0499	0.96	1.0	0.9995901155158834
KCTD9	220.0	-0.02	0.11	-0.174	0.862	1.0	0.9995901155158834
KDELR1	661.0	0.09	0.11	0.873	0.383	1.0	0.9995901155158834
KDELR2	1350.0	0.07	0.11	0.673	0.501	1.0	0.9995901155158834
KDELR3	22.0	-0.13	0.3	-0.421	0.674	1.0	0.9995901155158834
KDM1A	1070.0	-0.01	0.08	-0.141	0.888	1.0	0.9995901155158834
KDM1B	156.0	0.09	0.1	0.885	0.376	1.0	0.9995901155158834
KDM2A	1470.0	0.15	0.08	1.77	0.0775	1.0	0.9995901155158834
KDM2B	267.0	0.13	0.11	1.17	0.242	1.0	0.9995901155158834
KDM3A	371.0	-0.03	0.1	-0.306	0.759	1.0	0.9995901155158834
KDM3B	1120.0	-0.02	0.08	-0.289	0.772	1.0	0.9995901155158834
KDM4A	450.0	-0.12	0.13	-0.923	0.356	1.0	0.9995901155158834
KDM4B	191.0	0.1	0.12	0.829	0.407	1.0	0.9995901155158834
KDM4C	186.0	-0.11	0.1	-1.11	0.268	1.0	0.9995901155158834
KDM4D	6.74	-0.26	0.43	-0.61	0.542	1.0	0.9995901155158834
KDM5A	989.0	-0.02	0.11	-0.198	0.843	1.0	0.9995901155158834
KDM5B	1070.0	0.06	0.09	0.592	0.554	1.0	0.9995901155158834
KDM5C	892.0	-0.06	0.08	-0.737	0.461	1.0	0.9995901155158834
KDM6A	124.0	-0.08	0.12	-0.64	0.522	1.0	0.9995901155158834
KDM6B	229.0	-0.01	0.14	-0.0916	0.927	1.0	0.9995901155158834
KDM7A	373.0	0.05	0.1	0.521	0.603	1.0	0.9995901155158834
KDM8	15.5	0.22	0.3	0.72	0.472	1.0	0.9995901155158834
KDR	22700.0	-0.05	0.06	-0.744	0.457	1.0	0.9995901155158834
KDSR	210.0	0.01	0.12	0.103	0.918	1.0	0.9995901155158834
KEAP1	343.0	-0.01	0.09	-0.145	0.885	1.0	0.9995901155158834
KHDC1	5.16	0.25	0.47	0.529	0.597	1.0	0.9995901155158834
KHDC4	321.0	0.06	0.12	0.535	0.593	1.0	0.9995901155158834
KHDRBS1	1060.0	-0.07	0.07	-0.99	0.322	1.0	0.9995901155158834
KHDRBS2	4.18	-1.53	0.69	-2.23	0.0255	1.0	0.9995901155158834
KHDRBS3	244.0	0.08	0.09	0.855	0.393	1.0	0.9995901155158834
KHK	22.6	-0.25	0.24	-1.04	0.298	1.0	0.9995901155158834
KHNYN	379.0	-0.06	0.11	-0.546	0.585	1.0	0.9995901155158834
KHSRP	1550.0	0.07	0.07	0.915	0.36	1.0	0.9995901155158834
KIAA0040	115.0	-0.1	0.13	-0.813	0.416	1.0	0.9995901155158834
KIAA0100	1380.0	-0.09	0.07	-1.3	0.193	1.0	0.9995901155158834
KIAA0232	662.0	0.0	0.09	0.00925	0.993	1.0	0.9995901155158834
KIAA0319	1.49	3.84	1.34	2.87	0.00404	1.0	0.9995901155158834
KIAA0319L	473.0	0.01	0.11	0.0504	0.96	1.0	0.9995901155158834
KIAA0408	1.49	2.6	2.99	0.872	0.383	1.0	0.9995901155158834
KIAA0513	68.2	-0.12	0.16	-0.729	0.466	1.0	0.9995901155158834
KIAA0586	119.0	-0.01	0.11	-0.101	0.92	1.0	0.9995901155158834
KIAA0753	149.0	-0.18	0.13	-1.42	0.157	1.0	0.9995901155158834
KIAA0754	843.0	-0.15	0.16	-0.97	0.332	1.0	0.9995901155158834
KIAA0825	17.2	0.44	0.36	1.23	0.219	1.0	0.9995901155158834
KIAA0895	27.8	0.17	0.23	0.74	0.459	1.0	0.9995901155158834
KIAA0895L	54.7	0.37	0.19	2.02	0.0435	1.0	0.9995901155158834
KIAA0930	175.0	0.19	0.15	1.23	0.219	1.0	0.9995901155158834
KIAA1109	657.0	-0.01	0.13	-0.0971	0.923	1.0	0.9995901155158834
KIAA1143	376.0	0.07	0.08	0.949	0.343	1.0	0.9995901155158834
KIAA1191	655.0	-0.0	0.09	-0.0532	0.958	1.0	0.9995901155158834
KIAA1210	0.76	-0.78	1.17	-0.67	0.503	1.0	0.9995901155158834
KIAA1217	250.0	0.2	0.18	1.12	0.263	1.0	0.9995901155158834
KIAA1328	43.6	0.21	0.19	1.09	0.274	1.0	0.9995901155158834
KIAA1522	42.9	0.32	0.23	1.38	0.167	1.0	0.9995901155158834
KIAA1549	258.0	0.11	0.1	1.06	0.289	1.0	0.9995901155158834
KIAA1549L	470.0	-0.01	0.12	-0.0463	0.963	1.0	0.9995901155158834
KIAA1586	156.0	-0.11	0.12	-0.909	0.364	1.0	0.9995901155158834
KIAA1614	26.6	-0.05	0.29	-0.175	0.861	1.0	0.9995901155158834
KIAA1671	499.0	0.01	0.1	0.0844	0.933	1.0	0.9995901155158834
KIAA1755	0.565	1.95	1.56	1.25	0.211	1.0	0.9995901155158834
KIAA1958	61.6	0.02	0.19	0.118	0.906	1.0	0.9995901155158834
KIAA2013	235.0	0.02	0.13	0.123	0.902	1.0	0.9995901155158834
KIAA2026	291.0	-0.05	0.08	-0.59	0.555	1.0	0.9995901155158834
KICS2	22.0	0.27	0.28	0.983	0.326	1.0	0.9995901155158834
KIDINS220	1200.0	-0.08	0.11	-0.67	0.503	1.0	0.9995901155158834
KIF11	196.0	-0.09	0.09	-0.98	0.327	1.0	0.9995901155158834
KIF13A	849.0	0.01	0.08	0.0758	0.94	1.0	0.9995901155158834
KIF13B	650.0	0.04	0.12	0.305	0.76	1.0	0.9995901155158834
KIF14	81.2	-0.11	0.17	-0.637	0.524	1.0	0.9995901155158834
KIF15	109.0	-0.22	0.15	-1.45	0.147	1.0	0.9995901155158834
KIF16B	217.0	-0.14	0.15	-0.919	0.358	1.0	0.9995901155158834
KIF17	8.82	-0.07	0.56	-0.122	0.903	1.0	0.9995901155158834
KIF18A	42.1	-0.16	0.19	-0.849	0.396	1.0	0.9995901155158834
KIF18B	29.0	-0.44	0.24	-1.8	0.0719	1.0	0.9995901155158834
KIF1A	25.5	0.06	0.26	0.214	0.83	1.0	0.9995901155158834
KIF1B	2420.0	-0.02	0.09	-0.214	0.831	1.0	0.9995901155158834
KIF1C	1530.0	-0.0	0.08	-0.0113	0.991	1.0	0.9995901155158834
KIF20A	75.2	-0.37	0.19	-1.94	0.052	1.0	0.9995901155158834
KIF20B	228.0	0.05	0.11	0.439	0.661	1.0	0.9995901155158834
KIF21A	103.0	-0.12	0.16	-0.742	0.458	1.0	0.9995901155158834
KIF21B	94.6	-0.02	0.2	-0.104	0.917	1.0	0.9995901155158834
KIF22	138.0	0.09	0.18	0.48	0.631	1.0	0.9995901155158834
KIF23	158.0	0.13	0.13	0.996	0.319	1.0	0.9995901155158834
KIF24	24.0	0.17	0.29	0.57	0.568	1.0	0.9995901155158834
KIF26A	316.0	0.15	0.11	1.35	0.177	1.0	0.9995901155158834
KIF26B	55.1	0.25	0.19	1.33	0.185	1.0	0.9995901155158834
KIF27	110.0	0.13	0.13	0.93	0.352	1.0	0.9995901155158834
KIF2A	836.0	0.07	0.06	1.14	0.253	1.0	0.9995901155158834
KIF2C	104.0	0.02	0.15	0.145	0.884	1.0	0.9995901155158834
KIF3A	459.0	-0.01	0.12	-0.057	0.955	1.0	0.9995901155158834
KIF3B	689.0	-0.01	0.09	-0.141	0.888	1.0	0.9995901155158834
KIF3C	457.0	-0.18	0.09	-1.96	0.0497	1.0	0.9995901155158834
KIF4A	181.0	-0.08	0.13	-0.572	0.567	1.0	0.9995901155158834
KIF4B	10.4	-0.44	0.46	-0.95	0.342	1.0	0.9995901155158834
KIF5A	0.488	-0.39	1.79	-0.218	0.828	1.0	0.9995901155158834
KIF5B	5580.0	0.0	0.07	0.00116	0.999	1.0	0.9995901155158834
KIF5C	112.0	0.21	0.14	1.54	0.123	1.0	0.9995901155158834
KIF6	7.33	0.09	0.56	0.168	0.866	1.0	0.9995901155158834
KIF7	124.0	-0.18	0.16	-1.13	0.257	1.0	0.9995901155158834
KIF9	68.5	-0.16	0.15	-1.09	0.274	1.0	0.9995901155158834
KIFAP3	557.0	0.03	0.12	0.258	0.796	1.0	0.9995901155158834
KIFBP	451.0	-0.06	0.1	-0.61	0.542	1.0	0.9995901155158834
KIFC1	236.0	-0.08	0.12	-0.617	0.537	1.0	0.9995901155158834
KIFC2	6.4	0.35	0.55	0.625	0.532	1.0	0.9995901155158834
KIFC3	178.0	-0.09	0.15	-0.621	0.535	1.0	0.9995901155158834
KIN	183.0	0.1	0.11	0.929	0.353	1.0	0.9995901155158834
KIRREL1	745.0	0.01	0.08	0.167	0.867	1.0	0.9995901155158834
KIRREL2	0.5	1.13	1.51	0.744	0.457	1.0	0.9995901155158834
KIRREL3	0.734	0.58	1.54	0.375	0.708	1.0	0.9995901155158834
KIT	104.0	-0.11	0.17	-0.647	0.517	1.0	0.9995901155158834
KITLG	307.0	-0.02	0.12	-0.125	0.9	1.0	0.9995901155158834
KIZ	31.8	-0.08	0.22	-0.348	0.728	1.0	0.9995901155158834
KL	437.0	0.08	0.16	0.524	0.6	1.0	0.9995901155158834
KLB	2.82	0.2	0.81	0.246	0.805	1.0	0.9995901155158834
KLC1	1600.0	0.01	0.08	0.176	0.861	1.0	0.9995901155158834
KLC2	134.0	-0.04	0.13	-0.272	0.785	1.0	0.9995901155158834
KLC4	121.0	0.04	0.19	0.191	0.848	1.0	0.9995901155158834
KLF10	420.0	0.18	0.15	1.2	0.229	1.0	0.9995901155158834
KLF11	109.0	0.03	0.14	0.254	0.8	1.0	0.9995901155158834
KLF12	150.0	0.06	0.13	0.44	0.66	1.0	0.9995901155158834
KLF13	513.0	0.01	0.1	0.121	0.904	1.0	0.9995901155158834
KLF15	5.33	0.29	0.47	0.614	0.539	1.0	0.9995901155158834
KLF16	78.4	0.11	0.21	0.545	0.586	1.0	0.9995901155158834
KLF17	0.801	1.67	1.23	1.36	0.175	1.0	0.9995901155158834
KLF2	166.0	0.33	0.28	1.17	0.241	1.0	0.9995901155158834
KLF3	1040.0	0.06	0.08	0.751	0.452	1.0	0.9995901155158834
KLF4	6.47	0.37	0.51	0.721	0.471	1.0	0.9995901155158834
KLF5	14.6	0.3	0.28	1.09	0.277	1.0	0.9995901155158834
KLF6	2090.0	0.13	0.11	1.26	0.208	1.0	0.9995901155158834
KLF7	770.0	0.14	0.09	1.62	0.105	1.0	0.9995901155158834
KLF8	50.2	0.05	0.19	0.291	0.771	1.0	0.9995901155158834
KLF9	77.6	0.24	0.2	1.23	0.217	1.0	0.9995901155158834
KLHDC1	6.56	-0.23	0.43	-0.525	0.6	1.0	0.9995901155158834
KLHDC10	361.0	-0.04	0.09	-0.461	0.645	1.0	0.9995901155158834
KLHDC2	414.0	0.09	0.09	1.01	0.312	1.0	0.9995901155158834
KLHDC3	305.0	-0.06	0.16	-0.403	0.687	1.0	0.9995901155158834
KLHDC4	215.0	-0.07	0.12	-0.583	0.56	1.0	0.9995901155158834
KLHDC8A	1.25	0.47	1.06	0.438	0.661	1.0	0.9995901155158834
KLHDC8B	147.0	-0.1	0.18	-0.541	0.589	1.0	0.9995901155158834
KLHDC9	4.39	-0.45	0.63	-0.72	0.471	1.0	0.9995901155158834
KLHL1	1.48	-0.34	0.99	-0.346	0.729	1.0	0.9995901155158834
KLHL11	141.0	0.08	0.12	0.621	0.535	1.0	0.9995901155158834
KLHL12	621.0	0.04	0.08	0.502	0.616	1.0	0.9995901155158834
KLHL13	145.0	0.01	0.12	0.105	0.916	1.0	0.9995901155158834
KLHL14	2.65	-1.34	0.91	-1.47	0.142	1.0	0.9995901155158834
KLHL15	132.0	0.04	0.14	0.279	0.781	1.0	0.9995901155158834
KLHL17	16.1	0.0	0.32	0.00933	0.993	1.0	0.9995901155158834
KLHL18	184.0	0.1	0.1	1.04	0.299	1.0	0.9995901155158834
KLHL2	663.0	-0.05	0.07	-0.65	0.515	1.0	0.9995901155158834
KLHL20	297.0	-0.05	0.11	-0.419	0.675	1.0	0.9995901155158834
KLHL21	44.6	0.2	0.18	1.08	0.28	1.0	0.9995901155158834
KLHL22	64.3	-0.07	0.19	-0.384	0.701	1.0	0.9995901155158834
KLHL23	232.0	-0.15	0.5	-0.291	0.771	1.0	0.9995901155158834
KLHL24	371.0	0.06	0.12	0.537	0.591	1.0	0.9995901155158834
KLHL25	30.3	0.17	0.24	0.71	0.478	1.0	0.9995901155158834
KLHL26	15.4	-0.26	0.3	-0.896	0.37	1.0	0.9995901155158834
KLHL28	194.0	0.09	0.15	0.595	0.552	1.0	0.9995901155158834
KLHL29	32.1	0.05	0.24	0.221	0.825	1.0	0.9995901155158834
KLHL3	517.0	0.09	0.11	0.862	0.389	1.0	0.9995901155158834
KLHL31	2.92	-1.06	0.77	-1.37	0.172	1.0	0.9995901155158834
KLHL32	1.57	-0.03	1.07	-0.0294	0.977	1.0	0.9995901155158834
KLHL33	5.33	1.29	0.65	1.98	0.0477	1.0	0.9995901155158834
KLHL35	0.479	-2.24	1.74	-1.29	0.198	1.0	0.9995901155158834
KLHL36	294.0	0.06	0.1	0.564	0.572	1.0	0.9995901155158834
KLHL38	0.908	-0.3	1.15	-0.258	0.796	1.0	0.9995901155158834
KLHL4	1520.0	-0.06	0.11	-0.513	0.608	1.0	0.9995901155158834
KLHL41	5.08	0.25	0.64	0.382	0.702	1.0	0.9995901155158834
KLHL42	651.0	0.15	0.1	1.44	0.149	1.0	0.9995901155158834
KLHL5	1130.0	-0.0	0.09	-0.0485	0.961	1.0	0.9995901155158834
KLHL6	663.0	-0.06	0.09	-0.741	0.459	1.0	0.9995901155158834
KLHL7	699.0	-0.06	0.1	-0.638	0.523	1.0	0.9995901155158834
KLHL8	232.0	-0.03	0.1	-0.306	0.76	1.0	0.9995901155158834
KLHL9	812.0	-0.06	0.07	-0.931	0.352	1.0	0.9995901155158834
KLK10	0.512	-1.66	1.9	-0.873	0.383	1.0	0.9995901155158834
KLK6	3.68	-0.04	0.62	-0.0721	0.942	1.0	0.9995901155158834
KLK7	0.554	-0.27	1.77	-0.155	0.877	1.0	0.9995901155158834
KLLN	18.3	-0.48	0.3	-1.6	0.11	1.0	0.9995901155158834
KLRB1	0.442	1.53	2.13	0.715	0.475	1.0	0.9995901155158834
KLRD1	22.5	0.4	0.4	0.996	0.319	1.0	0.9995901155158834
KLRG1	6.75	0.51	0.49	1.03	0.301	1.0	0.9995901155158834
KMO	2.71	0.17	0.89	0.197	0.844	1.0	0.9995901155158834
KMT2A	600.0	-0.01	0.15	-0.0777	0.938	1.0	0.9995901155158834
KMT2B	347.0	0.02	0.14	0.168	0.867	1.0	0.9995901155158834
KMT2C	631.0	-0.03	0.16	-0.169	0.866	1.0	0.9995901155158834
KMT2D	871.0	0.02	0.2	0.0865	0.931	1.0	0.9995901155158834
KMT2E	556.0	-0.09	0.1	-0.928	0.354	1.0	0.9995901155158834
KMT5A	283.0	0.0	0.09	0.0464	0.963	1.0	0.9995901155158834
KMT5B	417.0	-0.05	0.12	-0.371	0.711	1.0	0.9995901155158834
KMT5C	18.8	-0.07	0.28	-0.261	0.794	1.0	0.9995901155158834
KNDC1	8.38	0.15	0.42	0.356	0.722	1.0	0.9995901155158834
KNG1	0.356	0.1	1.93	0.0509	0.959	1.0	0.9995901155158834
KNL1	142.0	0.16	0.13	1.18	0.238	1.0	0.9995901155158834
KNOP1	628.0	0.02	0.13	0.122	0.903	1.0	0.9995901155158834
KNSTRN	113.0	-0.11	0.15	-0.725	0.469	1.0	0.9995901155158834
KNTC1	118.0	-0.18	0.15	-1.22	0.224	1.0	0.9995901155158834
KPNA1	851.0	0.02	0.07	0.299	0.765	1.0	0.9995901155158834
KPNA2	591.0	-0.08	0.07	-1.01	0.311	1.0	0.9995901155158834
KPNA3	675.0	-0.06	0.06	-0.965	0.335	1.0	0.9995901155158834
KPNA4	1610.0	0.08	0.07	1.17	0.243	1.0	0.9995901155158834
KPNA5	222.0	0.12	0.13	0.933	0.351	1.0	0.9995901155158834
KPNA6	516.0	0.02	0.07	0.328	0.743	1.0	0.9995901155158834
KPNB1	5100.0	0.0	0.06	0.0582	0.954	1.0	0.9995901155158834
KPTN	18.0	-0.27	0.32	-0.85	0.395	1.0	0.9995901155158834
KRAS	1820.0	0.13	0.07	1.94	0.0519	1.0	0.9995901155158834
KRBA1	25.7	-0.34	0.32	-1.08	0.279	1.0	0.9995901155158834
KRBA2	119.0	-0.03	0.21	-0.134	0.894	1.0	0.9995901155158834
KRBOX4	82.9	0.03	0.14	0.221	0.825	1.0	0.9995901155158834
KRCC1	764.0	-0.03	0.06	-0.575	0.565	1.0	0.9995901155158834
KREMEN1	26.0	0.18	0.27	0.657	0.511	1.0	0.9995901155158834
KRI1	380.0	-0.05	0.15	-0.326	0.745	1.0	0.9995901155158834
KRIT1	263.0	-0.1	0.09	-1.05	0.292	1.0	0.9995901155158834
KRR1	664.0	0.13	0.07	1.81	0.0699	1.0	0.9995901155158834
KRT1	3.57	0.09	0.69	0.123	0.902	1.0	0.9995901155158834
KRT10	46.0	0.05	0.17	0.315	0.753	1.0	0.9995901155158834
KRT15	0.976	-0.7	1.54	-0.454	0.65	1.0	0.9995901155158834
KRT18	634.0	-0.07	0.24	-0.295	0.768	1.0	0.9995901155158834
KRT19	30.5	-0.23	0.34	-0.687	0.492	1.0	0.9995901155158834
KRT2	2.3	-0.64	0.8	-0.798	0.425	1.0	0.9995901155158834
KRT79	2.98	0.21	0.76	0.271	0.786	1.0	0.9995901155158834
KRT8	493.0	-0.14	0.13	-1.11	0.266	1.0	0.9995901155158834
KRT80	1.82	-0.16	0.98	-0.167	0.868	1.0	0.9995901155158834
KRTAP5-2	2.21	-0.42	0.85	-0.496	0.62	1.0	0.9995901155158834
KRTCAP2	31.4	-0.49	0.32	-1.53	0.126	1.0	0.9995901155158834
KRTCAP3	0.814	1.14	1.65	0.694	0.488	1.0	0.9995901155158834
KSR1	103.0	0.19	0.14	1.33	0.182	1.0	0.9995901155158834
KSR2	1.74	-0.0	0.96	-0.00372	0.997	1.0	0.9995901155158834
KTI12	48.4	-0.19	0.2	-0.962	0.336	1.0	0.9995901155158834
KTN1	4640.0	-0.02	0.09	-0.228	0.82	1.0	0.9995901155158834
KXD1	135.0	-0.08	0.13	-0.592	0.554	1.0	0.9995901155158834
KYAT1	8.29	-0.15	0.43	-0.353	0.724	1.0	0.9995901155158834
KYAT3	271.0	-0.04	0.12	-0.292	0.77	1.0	0.9995901155158834
KYNU	50.6	0.03	0.21	0.136	0.892	1.0	0.9995901155158834
L1CAM	5.23	0.12	0.43	0.272	0.786	1.0	0.9995901155158834
L1TD1	11.5	-0.3	0.48	-0.63	0.529	1.0	0.9995901155158834
L2HGDH	85.2	-0.14	0.16	-0.85	0.395	1.0	0.9995901155158834
L3HYPDH	115.0	-0.11	0.16	-0.658	0.511	1.0	0.9995901155158834
L3MBTL1	11.9	0.33	0.33	1.01	0.312	1.0	0.9995901155158834
L3MBTL2	247.0	-0.04	0.09	-0.484	0.628	1.0	0.9995901155158834
L3MBTL3	664.0	-0.02	0.09	-0.228	0.82	1.0	0.9995901155158834
L3MBTL4	5.44	1.17	0.54	2.18	0.0294	1.0	0.9995901155158834
LACC1	269.0	0.12	0.09	1.32	0.186	1.0	0.9995901155158834
LACTB	262.0	0.0	0.11	0.0135	0.989	1.0	0.9995901155158834
LACTB2	47.4	-0.01	0.21	-0.068	0.946	1.0	0.9995901155158834
LAG3	0.801	0.17	1.55	0.113	0.91	1.0	0.9995901155158834
LAGE3	8.3	0.63	0.44	1.42	0.155	1.0	0.9995901155158834
LAIR1	4.64	1.25	0.69	1.81	0.0699	1.0	0.9995901155158834
LAMA1	114.0	-0.01	0.17	-0.0353	0.972	1.0	0.9995901155158834
LAMA2	18.1	0.13	0.3	0.44	0.66	1.0	0.9995901155158834
LAMA3	0.831	-0.72	1.57	-0.455	0.649	1.0	0.9995901155158834
LAMA4	2520.0	-0.1	0.1	-0.99	0.322	1.0	0.9995901155158834
LAMA5	975.0	-0.02	0.11	-0.135	0.893	1.0	0.9995901155158834
LAMB1	4620.0	-0.03	0.07	-0.446	0.656	1.0	0.9995901155158834
LAMB2	2780.0	-0.04	0.09	-0.47	0.638	1.0	0.9995901155158834
LAMB3	21.5	-0.26	0.25	-1.02	0.31	1.0	0.9995901155158834
LAMB4	2.55	1.31	0.9	1.46	0.145	1.0	0.9995901155158834
LAMC1	12300.0	-0.04	0.09	-0.387	0.699	1.0	0.9995901155158834
LAMC2	348.0	-0.04	0.12	-0.372	0.71	1.0	0.9995901155158834
LAMC3	10.7	-0.1	0.42	-0.228	0.82	1.0	0.9995901155158834
LAMP1	3510.0	0.07	0.06	1.18	0.239	1.0	0.9995901155158834
LAMP2	1700.0	0.05	0.08	0.625	0.532	1.0	0.9995901155158834
LAMP3	1.34	-0.76	1.06	-0.713	0.476	1.0	0.9995901155158834
LAMP5	9.45	0.32	0.46	0.707	0.48	1.0	0.9995901155158834
LAMTOR1	248.0	-0.04	0.1	-0.378	0.705	1.0	0.9995901155158834
LAMTOR2	264.0	0.08	0.14	0.586	0.558	1.0	0.9995901155158834
LAMTOR3	182.0	0.16	0.11	1.5	0.134	1.0	0.9995901155158834
LAMTOR4	242.0	-0.02	0.1	-0.192	0.847	1.0	0.9995901155158834
LAMTOR5	95.9	0.08	0.14	0.591	0.554	1.0	0.9995901155158834
LANCL1	225.0	0.02	0.1	0.165	0.869	1.0	0.9995901155158834
LANCL2	157.0	0.05	0.13	0.408	0.684	1.0	0.9995901155158834
LANCL3	5.59	-0.68	0.5	-1.35	0.177	1.0	0.9995901155158834
LAP3	594.0	-0.07	0.08	-0.807	0.42	1.0	0.9995901155158834
LAPTM4A	1550.0	0.07	0.09	0.777	0.437	1.0	0.9995901155158834
LAPTM4B	6960.0	-0.0	0.08	-0.017	0.986	1.0	0.9995901155158834
LAPTM5	158.0	-0.11	0.14	-0.789	0.43	1.0	0.9995901155158834
LARGE1	198.0	0.23	0.14	1.69	0.0918	1.0	0.9995901155158834
LARP1	1620.0	0.11	0.08	1.49	0.135	1.0	0.9995901155158834
LARP1B	195.0	-0.0	0.11	-0.00382	0.997	1.0	0.9995901155158834
LARP4	971.0	0.04	0.1	0.401	0.689	1.0	0.9995901155158834
LARP4B	621.0	0.07	0.09	0.736	0.462	1.0	0.9995901155158834
LARP6	46.7	-0.15	0.43	-0.336	0.737	1.0	0.9995901155158834
LARP7	579.0	0.09	0.09	0.962	0.336	1.0	0.9995901155158834
LARS1	1280.0	0.05	0.08	0.543	0.587	1.0	0.9995901155158834
LARS2	269.0	0.1	0.11	0.963	0.336	1.0	0.9995901155158834
LAS1L	608.0	-0.0	0.1	-0.000815	0.999	1.0	0.9995901155158834
LASP1	2400.0	0.01	0.06	0.139	0.889	1.0	0.9995901155158834
LAT	4.21	0.72	0.57	1.27	0.204	1.0	0.9995901155158834
LAT2	1.07	-1.07	1.28	-0.836	0.403	1.0	0.9995901155158834
LATS1	274.0	-0.05	0.12	-0.414	0.679	1.0	0.9995901155158834
LATS2	497.0	0.08	0.08	1.01	0.315	1.0	0.9995901155158834
LAX1	2.25	-1.03	0.81	-1.27	0.204	1.0	0.9995901155158834
LAYN	49.2	0.32	0.21	1.54	0.123	1.0	0.9995901155158834
LBH	1170.0	0.06	0.14	0.455	0.649	1.0	0.9995901155158834
LBHD1	89.0	0.32	0.16	1.99	0.0469	1.0	0.9995901155158834
LBR	1330.0	0.03	0.09	0.326	0.745	1.0	0.9995901155158834
LBX2	12.0	-0.47	0.39	-1.2	0.229	1.0	0.9995901155158834
LCA5	90.1	-0.03	0.14	-0.195	0.846	1.0	0.9995901155158834
LCA5L	7.23	0.07	0.4	0.171	0.865	1.0	0.9995901155158834
LCAT	5.08	-0.85	0.66	-1.29	0.198	1.0	0.9995901155158834
LCLAT1	206.0	0.13	0.17	0.76	0.448	1.0	0.9995901155158834
LCMT1	121.0	-0.14	0.12	-1.16	0.245	1.0	0.9995901155158834
LCMT2	99.5	0.03	0.13	0.245	0.807	1.0	0.9995901155158834
LCOR	605.0	0.05	0.09	0.564	0.573	1.0	0.9995901155158834
LCORL	125.0	0.02	0.12	0.204	0.838	1.0	0.9995901155158834
LCP1	224.0	-0.05	0.14	-0.371	0.711	1.0	0.9995901155158834
LCP2	181.0	0.01	0.14	0.0421	0.966	1.0	0.9995901155158834
LCTL	17.0	-0.44	0.28	-1.59	0.111	1.0	0.9995901155158834
LDAF1	107.0	0.17	0.17	0.976	0.329	1.0	0.9995901155158834
LDAH	120.0	-0.09	0.11	-0.825	0.41	1.0	0.9995901155158834
LDB1	199.0	0.01	0.1	0.141	0.888	1.0	0.9995901155158834
LDB2	2050.0	0.03	0.07	0.416	0.677	1.0	0.9995901155158834
LDB3	1.52	-0.16	0.9	-0.178	0.859	1.0	0.9995901155158834
LDHA	1520.0	0.04	0.08	0.462	0.644	1.0	0.9995901155158834
LDHAL6A	0.836	1.38	1.32	1.05	0.294	1.0	0.9995901155158834
LDHB	3750.0	-0.04	0.07	-0.543	0.587	1.0	0.9995901155158834
LDHC	1.35	-1.27	1.08	-1.17	0.241	1.0	0.9995901155158834
LDLR	506.0	0.0	0.12	0.00497	0.996	1.0	0.9995901155158834
LDLRAD1	0.447	0.83	1.95	0.425	0.671	1.0	0.9995901155158834
LDLRAD2	13.9	0.44	0.53	0.824	0.41	1.0	0.9995901155158834
LDLRAD3	357.0	0.1	0.12	0.849	0.396	1.0	0.9995901155158834
LDLRAD4	104.0	-0.1	0.18	-0.533	0.594	1.0	0.9995901155158834
LDLRAP1	58.2	-0.25	0.19	-1.28	0.199	1.0	0.9995901155158834
LDOC1	134.0	0.08	0.15	0.521	0.602	1.0	0.9995901155158834
LEAP2	0.673	0.38	1.69	0.221	0.825	1.0	0.9995901155158834
LEF1	37.3	-0.24	0.24	-1.03	0.301	1.0	0.9995901155158834
LEFTY1	0.724	0.52	1.79	0.293	0.77	1.0	0.9995901155158834
LEKR1	2.54	-0.08	0.8	-0.1	0.92	1.0	0.9995901155158834
LEMD2	353.0	0.02	0.12	0.171	0.864	1.0	0.9995901155158834
LEMD3	436.0	0.08	0.09	0.834	0.404	1.0	0.9995901155158834
LENG1	115.0	0.32	0.16	1.98	0.0476	1.0	0.9995901155158834
LENG8	467.0	0.24	0.15	1.52	0.129	1.0	0.9995901155158834
LENG9	4.87	-0.05	0.52	-0.104	0.917	1.0	0.9995901155158834
LEO1	1010.0	-0.05	0.1	-0.448	0.654	1.0	0.9995901155158834
LEP	0.936	-1.75	1.3	-1.34	0.18	1.0	0.9995901155158834
LEPR	179.0	0.06	0.1	0.551	0.582	1.0	0.9995901155158834
LEPROT	1220.0	-0.02	0.09	-0.21	0.833	1.0	0.9995901155158834
LEPROTL1	928.0	0.02	0.12	0.195	0.845	1.0	0.9995901155158834
LETM1	750.0	-0.05	0.07	-0.767	0.443	1.0	0.9995901155158834
LETM2	26.7	0.11	0.24	0.434	0.664	1.0	0.9995901155158834
LETMD1	34.7	-0.18	0.23	-0.79	0.429	1.0	0.9995901155158834
LFNG	317.0	0.17	0.15	1.12	0.265	1.0	0.9995901155158834
LGALS1	278.0	0.04	0.17	0.232	0.816	1.0	0.9995901155158834
LGALS2	0.86	0.68	1.23	0.556	0.578	1.0	0.9995901155158834
LGALS3	10.5	-0.16	0.36	-0.438	0.661	1.0	0.9995901155158834
LGALS3BP	0.544	1.77	1.7	1.04	0.296	1.0	0.9995901155158834
LGALS8	249.0	-0.09	0.11	-0.854	0.393	1.0	0.9995901155158834
LGALS9	1.15	1.11	1.07	1.03	0.301	1.0	0.9995901155158834
LGALSL	113.0	0.08	0.13	0.601	0.548	1.0	0.9995901155158834
LGI1	0.584	0.16	1.75	0.0897	0.929	1.0	0.9995901155158834
LGI2	34.7	0.36	0.24	1.47	0.142	1.0	0.9995901155158834
LGMN	1400.0	0.01	0.07	0.121	0.903	1.0	0.9995901155158834
LGR4	342.0	-0.06	0.12	-0.507	0.613	1.0	0.9995901155158834
LGR5	0.803	0.87	1.32	0.663	0.507	1.0	0.9995901155158834
LGSN	0.831	-0.78	1.51	-0.515	0.606	1.0	0.9995901155158834
LHFPL1	1.3	-0.14	1.02	-0.139	0.89	1.0	0.9995901155158834
LHFPL2	578.0	0.03	0.08	0.343	0.732	1.0	0.9995901155158834
LHFPL4	0.443	0.42	2.42	0.171	0.864	1.0	0.9995901155158834
LHFPL5	7.37	0.09	0.51	0.167	0.867	1.0	0.9995901155158834
LHFPL6	707.0	0.03	0.07	0.475	0.635	1.0	0.9995901155158834
LHPP	31.8	-0.41	0.29	-1.4	0.162	1.0	0.9995901155158834
LHX1	226.0	0.03	0.12	0.278	0.781	1.0	0.9995901155158834
LHX4	6.44	0.36	0.45	0.81	0.418	1.0	0.9995901155158834
LIAS	29.0	0.3	0.32	0.95	0.342	1.0	0.9995901155158834
LIF	1.01	2.76	1.55	1.78	0.0743	1.0	0.9995901155158834
LIFR	3790.0	0.06	0.08	0.747	0.455	1.0	0.9995901155158834
LIG1	377.0	-0.01	0.11	-0.11	0.913	1.0	0.9995901155158834
LIG3	278.0	-0.07	0.12	-0.539	0.59	1.0	0.9995901155158834
LIG4	406.0	0.05	0.08	0.596	0.551	1.0	0.9995901155158834
LILRA2	2.07	0.46	0.88	0.516	0.606	1.0	0.9995901155158834
LILRB1	1.06	-0.56	1.29	-0.435	0.664	1.0	0.9995901155158834
LILRB3	1.3	0.91	1.07	0.851	0.395	1.0	0.9995901155158834
LILRB5	0.459	1.57	1.65	0.952	0.341	1.0	0.9995901155158834
LIMA1	867.0	0.06	0.09	0.661	0.509	1.0	0.9995901155158834
LIMCH1	2450.0	-0.0	0.13	-0.0292	0.977	1.0	0.9995901155158834
LIMD1	274.0	0.18	0.13	1.33	0.182	1.0	0.9995901155158834
LIMD2	151.0	0.08	0.18	0.435	0.664	1.0	0.9995901155158834
LIME1	3.96	0.2	0.84	0.237	0.812	1.0	0.9995901155158834
LIMK1	373.0	0.05	0.11	0.427	0.669	1.0	0.9995901155158834
LIMK2	1100.0	0.04	0.08	0.423	0.673	1.0	0.9995901155158834
LIMS1	2670.0	0.07	0.08	0.896	0.37	1.0	0.9995901155158834
LIMS2	8.39	0.57	0.43	1.32	0.188	1.0	0.9995901155158834
LIMS3	1.97	0.19	2.95	0.0642	0.949	1.0	0.9995901155158834
LIMS4	133.0	-0.02	0.32	-0.0614	0.951	1.0	0.9995901155158834
LIN28A	155.0	0.04	0.13	0.282	0.778	1.0	0.9995901155158834
LIN28B	539.0	0.02	0.1	0.188	0.851	1.0	0.9995901155158834
LIN37	29.6	0.2	0.23	0.878	0.38	1.0	0.9995901155158834
LIN52	91.0	-0.06	0.13	-0.418	0.676	1.0	0.9995901155158834
LIN54	207.0	-0.22	0.11	-2.04	0.0414	1.0	0.9995901155158834
LIN7A	122.0	-0.08	0.15	-0.515	0.606	1.0	0.9995901155158834
LIN7B	9.5	0.57	0.43	1.34	0.182	1.0	0.9995901155158834
LIN7C	265.0	0.18	0.09	1.91	0.0563	1.0	0.9995901155158834
LIN9	138.0	-0.11	0.14	-0.775	0.438	1.0	0.9995901155158834
LINC02210-CRHR1	2.33	-0.88	0.78	-1.13	0.26	1.0	0.9995901155158834
LINGO1	77.7	-0.05	0.16	-0.328	0.743	1.0	0.9995901155158834
LINGO2	9.34	0.03	0.36	0.0824	0.934	1.0	0.9995901155158834
LINS1	36.3	0.14	0.22	0.649	0.516	1.0	0.9995901155158834
LIPA	1100.0	0.03	0.08	0.353	0.724	1.0	0.9995901155158834
LIPC	0.964	0.3	1.41	0.215	0.83	1.0	0.9995901155158834
LIPE	8.37	0.55	0.43	1.29	0.199	1.0	0.9995901155158834
LIPG	3170.0	0.03	0.15	0.203	0.839	1.0	0.9995901155158834
LIPH	0.427	1.82	1.93	0.946	0.344	1.0	0.9995901155158834
LIPI	0.966	0.57	1.38	0.413	0.68	1.0	0.9995901155158834
LIPT1	22.9	0.2	0.29	0.701	0.484	1.0	0.9995901155158834
LIPT2	9.32	0.43	0.41	1.05	0.292	1.0	0.9995901155158834
LITAF	117.0	-0.04	0.13	-0.289	0.772	1.0	0.9995901155158834
LIX1	0.696	1.94	1.27	1.52	0.127	1.0	0.9995901155158834
LIX1L	301.0	-0.03	0.1	-0.283	0.777	1.0	0.9995901155158834
LLGL1	176.0	-0.02	0.14	-0.145	0.884	1.0	0.9995901155158834
LLGL2	29.0	0.05	0.23	0.242	0.809	1.0	0.9995901155158834
LLPH	429.0	-0.05	0.11	-0.434	0.664	1.0	0.9995901155158834
LMAN1	1420.0	0.06	0.07	0.931	0.352	1.0	0.9995901155158834
LMAN2	2170.0	0.08	0.08	0.941	0.346	1.0	0.9995901155158834
LMAN2L	328.0	-0.01	0.1	-0.0952	0.924	1.0	0.9995901155158834
LMBR1	323.0	0.06	0.1	0.638	0.524	1.0	0.9995901155158834
LMBR1L	86.4	0.1	0.2	0.525	0.6	1.0	0.9995901155158834
LMBRD1	428.0	0.0	0.12	0.0268	0.979	1.0	0.9995901155158834
LMBRD2	165.0	0.05	0.17	0.3	0.764	1.0	0.9995901155158834
LMCD1	24.4	-0.22	0.34	-0.64	0.522	1.0	0.9995901155158834
LMF1	59.9	-0.03	0.18	-0.14	0.888	1.0	0.9995901155158834
LMF2	78.5	-0.08	0.24	-0.324	0.746	1.0	0.9995901155158834
LMLN	79.7	-0.07	0.16	-0.451	0.652	1.0	0.9995901155158834
LMNA	4490.0	-0.12	0.11	-1.05	0.294	1.0	0.9995901155158834
LMNB1	1540.0	0.0	0.05	0.0784	0.937	1.0	0.9995901155158834
LMNB2	1170.0	0.05	0.08	0.636	0.525	1.0	0.9995901155158834
LMNTD1	1.32	0.7	1.02	0.688	0.491	1.0	0.9995901155158834
LMNTD2	0.62	-0.78	1.6	-0.49	0.624	1.0	0.9995901155158834
LMO2	1600.0	0.12	0.09	1.34	0.181	1.0	0.9995901155158834
LMO3	4.2	-1.3	0.62	-2.09	0.0369	1.0	0.9995901155158834
LMO4	114.0	-0.03	0.12	-0.252	0.801	1.0	0.9995901155158834
LMO7	55.0	-0.11	0.16	-0.68	0.497	1.0	0.9995901155158834
LMOD1	5.26	0.61	0.55	1.12	0.264	1.0	0.9995901155158834
LMOD3	11.5	0.16	0.34	0.482	0.63	1.0	0.9995901155158834
LMTK2	389.0	0.02	0.1	0.203	0.839	1.0	0.9995901155158834
LMX1B	1.46	2.8	1.09	2.57	0.0102	1.0	0.9995901155158834
LNP1	9.92	-0.23	0.36	-0.651	0.515	1.0	0.9995901155158834
LNPEP	850.0	0.15	0.11	1.39	0.164	1.0	0.9995901155158834
LNPK	110.0	0.19	0.11	1.75	0.0807	1.0	0.9995901155158834
LNX1	25.9	-0.05	0.25	-0.212	0.832	1.0	0.9995901155158834
LNX2	198.0	-0.02	0.1	-0.177	0.859	1.0	0.9995901155158834
LOC100131107	0.551	0.42	2.1	0.198	0.843	1.0	0.9995901155158834
LOC100132202	0.523	0.31	2.11	0.147	0.883	1.0	0.9995901155158834
LOC100133315	5.82	-0.77	0.56	-1.37	0.172	1.0	0.9995901155158834
LOC100421372	368.0	-0.02	0.08	-0.259	0.796	1.0	0.9995901155158834
LOC100505502	2.07	-0.01	0.82	-0.00632	0.995	1.0	0.9995901155158834
LOC100509620	0.907	-1.17	1.19	-0.977	0.328	1.0	0.9995901155158834
LOC102723623	1.41	-0.11	0.99	-0.106	0.915	1.0	0.9995901155158834
LOC102723996	17.5	-0.42	0.82	-0.512	0.609	1.0	0.9995901155158834
LOC102724159	243.0	-0.07	0.12	-0.606	0.544	1.0	0.9995901155158834
LOC102724488	26.0	-0.13	0.35	-0.358	0.72	1.0	0.9995901155158834
LOC102725191	0.677	-1.27	1.84	-0.694	0.488	1.0	0.9995901155158834
LOC105370980	1.96	0.15	0.87	0.168	0.866	1.0	0.9995901155158834
LOC112694756	8.76	0.46	0.6	0.757	0.449	1.0	0.9995901155158834
LOC114841035	22.5	0.3	0.64	0.463	0.643	1.0	0.9995901155158834
LOC389895	0.809	-0.74	1.45	-0.513	0.608	1.0	0.9995901155158834
LOC400499	3.03	0.75	0.86	0.876	0.381	1.0	0.9995901155158834
LOC441155	0.606	1.14	2.26	0.504	0.614	1.0	0.9995901155158834
LOC728392	83.1	-0.14	0.17	-0.823	0.411	1.0	0.9995901155158834
LOC730098	1.94	1.75	0.92	1.89	0.0582	1.0	0.9995901155158834
LONP1	598.0	0.09	0.09	1.03	0.301	1.0	0.9995901155158834
LONP2	249.0	0.06	0.11	0.546	0.585	1.0	0.9995901155158834
LONRF1	397.0	0.02	0.09	0.207	0.836	1.0	0.9995901155158834
LONRF2	4.19	-0.55	0.51	-1.07	0.286	1.0	0.9995901155158834
LONRF3	90.4	-0.07	0.13	-0.533	0.594	1.0	0.9995901155158834
LOX	17.5	0.04	0.35	0.115	0.908	1.0	0.9995901155158834
LOXL1	36.5	-0.04	0.23	-0.164	0.87	1.0	0.9995901155158834
LOXL2	1680.0	-0.03	0.09	-0.293	0.769	1.0	0.9995901155158834
LOXL3	21.0	0.02	0.33	0.0528	0.958	1.0	0.9995901155158834
LOXL4	7.67	-0.19	0.42	-0.444	0.657	1.0	0.9995901155158834
LPA	1.52	-1.73	1.13	-1.54	0.123	1.0	0.9995901155158834
LPAR1	56.8	-0.13	0.15	-0.888	0.374	1.0	0.9995901155158834
LPAR2	19.1	-0.13	0.29	-0.443	0.657	1.0	0.9995901155158834
LPAR3	1.14	-0.23	1.35	-0.173	0.863	1.0	0.9995901155158834
LPAR4	26.7	-0.05	0.26	-0.193	0.847	1.0	0.9995901155158834
LPAR5	8.32	0.12	0.44	0.281	0.779	1.0	0.9995901155158834
LPAR6	256.0	-0.03	0.13	-0.272	0.786	1.0	0.9995901155158834
LPCAT1	1020.0	0.09	0.08	1.04	0.296	1.0	0.9995901155158834
LPCAT2	326.0	0.16	0.12	1.38	0.168	1.0	0.9995901155158834
LPCAT3	160.0	-0.15	0.15	-1.04	0.297	1.0	0.9995901155158834
LPCAT4	47.7	-0.05	0.25	-0.188	0.851	1.0	0.9995901155158834
LPGAT1	1180.0	0.12	0.1	1.27	0.203	1.0	0.9995901155158834
LPIN1	59.6	-0.32	0.17	-1.85	0.0642	1.0	0.9995901155158834
LPIN2	279.0	-0.06	0.08	-0.698	0.485	1.0	0.9995901155158834
LPIN3	10.1	-0.32	0.43	-0.734	0.463	1.0	0.9995901155158834
LPL	15400.0	0.06	0.1	0.581	0.561	1.0	0.9995901155158834
LPP	1810.0	0.12	0.13	0.972	0.331	1.0	0.9995901155158834
LPXN	5.61	0.29	0.48	0.608	0.543	1.0	0.9995901155158834
LRAT	0.761	1.59	1.32	1.21	0.225	1.0	0.9995901155158834
LRATD1	47.9	0.18	0.25	0.743	0.458	1.0	0.9995901155158834
LRATD2	398.0	0.09	0.09	1.03	0.304	1.0	0.9995901155158834
LRBA	390.0	-0.01	0.09	-0.0803	0.936	1.0	0.9995901155158834
LRCH1	426.0	-0.09	0.08	-1.18	0.238	1.0	0.9995901155158834
LRCH2	114.0	0.12	0.12	1.04	0.297	1.0	0.9995901155158834
LRCH3	290.0	0.01	0.12	0.0674	0.946	1.0	0.9995901155158834
LRCH4	115.0	-0.06	0.15	-0.38	0.704	1.0	0.9995901155158834
LRFN1	6.51	-0.27	0.5	-0.55	0.582	1.0	0.9995901155158834
LRFN3	31.1	-0.16	0.22	-0.71	0.478	1.0	0.9995901155158834
LRFN4	65.8	-0.16	0.19	-0.815	0.415	1.0	0.9995901155158834
LRFN5	157.0	-0.25	0.12	-2.02	0.0434	1.0	0.9995901155158834
LRG1	10.0	0.3	0.45	0.656	0.512	1.0	0.9995901155158834
LRGUK	3.0	-0.38	0.83	-0.46	0.646	1.0	0.9995901155158834
LRIF1	217.0	0.1	0.11	0.977	0.328	1.0	0.9995901155158834
LRIG1	273.0	0.07	0.08	0.826	0.409	1.0	0.9995901155158834
LRIG2	248.0	0.1	0.09	1.11	0.268	1.0	0.9995901155158834
LRIG3	1610.0	-0.01	0.07	-0.125	0.901	1.0	0.9995901155158834
LRIT3	8.73	0.49	0.4	1.22	0.223	1.0	0.9995901155158834
LRMDA	18.6	-0.35	0.36	-0.976	0.329	1.0	0.9995901155158834
LRP1	78.9	-0.08	0.19	-0.441	0.659	1.0	0.9995901155158834
LRP10	413.0	-0.17	0.12	-1.35	0.178	1.0	0.9995901155158834
LRP11	251.0	-0.02	0.12	-0.177	0.859	1.0	0.9995901155158834
LRP12	273.0	-0.05	0.09	-0.531	0.595	1.0	0.9995901155158834
LRP1B	9.29	0.18	0.39	0.453	0.651	1.0	0.9995901155158834
LRP2	0.97	1.22	1.26	0.969	0.333	1.0	0.9995901155158834
LRP2BP	10.1	0.17	0.42	0.4	0.689	1.0	0.9995901155158834
LRP3	40.8	-0.22	0.27	-0.842	0.4	1.0	0.9995901155158834
LRP4	77.2	0.26	0.18	1.49	0.136	1.0	0.9995901155158834
LRP5	75.0	-0.05	0.19	-0.242	0.809	1.0	0.9995901155158834
LRP6	1280.0	0.02	0.1	0.154	0.878	1.0	0.9995901155158834
LRP8	120.0	0.14	0.13	1.05	0.294	1.0	0.9995901155158834
LRPAP1	671.0	-0.04	0.08	-0.497	0.619	1.0	0.9995901155158834
LRPPRC	1580.0	0.01	0.07	0.0762	0.939	1.0	0.9995901155158834
LRR1	57.8	-0.2	0.18	-1.11	0.268	1.0	0.9995901155158834
LRRC1	28.5	0.38	0.24	1.54	0.123	1.0	0.9995901155158834
LRRC14	69.1	-0.29	0.18	-1.61	0.108	1.0	0.9995901155158834
LRRC15	0.374	0.64	2.28	0.283	0.777	1.0	0.9995901155158834
LRRC17	5.17	0.64	0.56	1.15	0.248	1.0	0.9995901155158834
LRRC19	1.1	-1.18	1.3	-0.909	0.363	1.0	0.9995901155158834
LRRC2	8.86	0.82	0.49	1.68	0.093	1.0	0.9995901155158834
LRRC20	47.3	0.17	0.25	0.676	0.499	1.0	0.9995901155158834
LRRC23	12.9	0.05	0.34	0.145	0.885	1.0	0.9995901155158834
LRRC24	0.773	-1.18	3.02	-0.39	0.697	1.0	0.9995901155158834
LRRC25	1.54	1.54	1.14	1.35	0.177	1.0	0.9995901155158834
LRRC27	61.2	-0.15	0.23	-0.676	0.499	1.0	0.9995901155158834
LRRC28	76.3	-0.11	0.14	-0.8	0.424	1.0	0.9995901155158834
LRRC3	145.0	0.1	0.12	0.873	0.382	1.0	0.9995901155158834
LRRC32	541.0	0.09	0.1	0.894	0.371	1.0	0.9995901155158834
LRRC34	20.3	0.07	0.31	0.24	0.81	1.0	0.9995901155158834
LRRC37A	25.8	0.93	1.27	0.739	0.46	1.0	0.9995901155158834
LRRC37A2	162.0	-0.06	0.15	-0.418	0.676	1.0	0.9995901155158834
LRRC37A3	139.0	0.11	0.11	0.974	0.33	1.0	0.9995901155158834
LRRC37B	104.0	-0.13	0.14	-0.887	0.375	1.0	0.9995901155158834
LRRC38	0.637	2.52	1.79	1.41	0.158	1.0	0.9995901155158834
LRRC39	4.16	-0.57	0.72	-0.788	0.431	1.0	0.9995901155158834
LRRC3B	0.855	-3.11	1.56	-1.99	0.0468	1.0	0.9995901155158834
LRRC4	400.0	-0.04	0.13	-0.298	0.766	1.0	0.9995901155158834
LRRC40	191.0	-0.05	0.11	-0.503	0.615	1.0	0.9995901155158834
LRRC41	440.0	0.1	0.1	1.09	0.275	1.0	0.9995901155158834
LRRC42	373.0	0.2	0.13	1.51	0.13	1.0	0.9995901155158834
LRRC43	1.93	-0.78	0.98	-0.795	0.427	1.0	0.9995901155158834
LRRC45	99.5	-0.21	0.15	-1.36	0.174	1.0	0.9995901155158834
LRRC46	0.792	0.39	1.29	0.303	0.762	1.0	0.9995901155158834
LRRC47	493.0	0.12	0.07	1.83	0.0677	1.0	0.9995901155158834
LRRC49	23.9	-0.24	0.26	-0.936	0.349	1.0	0.9995901155158834
LRRC4B	11.7	0.38	0.32	1.17	0.243	1.0	0.9995901155158834
LRRC4C	0.638	0.24	1.58	0.148	0.882	1.0	0.9995901155158834
LRRC51	11.4	-0.42	0.53	-0.788	0.43	1.0	0.9995901155158834
LRRC55	15.5	-0.0	0.31	-0.0104	0.992	1.0	0.9995901155158834
LRRC56	2.51	0.34	0.83	0.41	0.682	1.0	0.9995901155158834
LRRC57	339.0	0.1	0.07	1.33	0.184	1.0	0.9995901155158834
LRRC58	418.0	0.12	0.11	1.1	0.273	1.0	0.9995901155158834
LRRC59	1010.0	-0.06	0.1	-0.671	0.502	1.0	0.9995901155158834
LRRC63	0.794	0.79	1.39	0.566	0.571	1.0	0.9995901155158834
LRRC66	1.54	-1.54	1.06	-1.46	0.146	1.0	0.9995901155158834
LRRC69	0.965	0.37	1.23	0.304	0.761	1.0	0.9995901155158834
LRRC7	10.5	0.33	0.41	0.805	0.421	1.0	0.9995901155158834
LRRC70	115.0	-0.29	0.15	-1.98	0.0476	1.0	0.9995901155158834
LRRC74B	3.28	0.11	0.57	0.2	0.842	1.0	0.9995901155158834
LRRC75A	162.0	0.14	0.18	0.789	0.43	1.0	0.9995901155158834
LRRC75B	2.56	-0.8	0.73	-1.1	0.27	1.0	0.9995901155158834
LRRC8A	1440.0	0.11	0.09	1.11	0.266	1.0	0.9995901155158834
LRRC8B	266.0	0.03	0.12	0.225	0.822	1.0	0.9995901155158834
LRRC8C	689.0	0.04	0.09	0.395	0.693	1.0	0.9995901155158834
LRRC8D	217.0	0.07	0.14	0.487	0.626	1.0	0.9995901155158834
LRRC8E	2.02	0.14	1.0	0.143	0.886	1.0	0.9995901155158834
LRRC9	1.13	1.71	1.01	1.69	0.0911	1.0	0.9995901155158834
LRRCC1	98.7	-0.17	0.13	-1.32	0.185	1.0	0.9995901155158834
LRRD1	4.37	0.59	0.61	0.959	0.338	1.0	0.9995901155158834
LRRFIP1	1080.0	0.04	0.09	0.408	0.683	1.0	0.9995901155158834
LRRFIP2	601.0	0.0	0.1	0.00679	0.995	1.0	0.9995901155158834
LRRIQ1	6.33	0.14	0.55	0.246	0.805	1.0	0.9995901155158834
LRRK1	199.0	0.39	0.35	1.11	0.266	1.0	0.9995901155158834
LRRK2	2.57	-0.51	0.79	-0.637	0.524	1.0	0.9995901155158834
LRRN1	31.4	0.0	0.3	0.00602	0.995	1.0	0.9995901155158834
LRRN2	6.63	0.09	0.55	0.166	0.868	1.0	0.9995901155158834
LRRN3	2.53	0.28	0.74	0.378	0.706	1.0	0.9995901155158834
LRRN4	10.5	0.47	0.42	1.11	0.266	1.0	0.9995901155158834
LRRN4CL	1.71	1.14	0.87	1.31	0.191	1.0	0.9995901155158834
LRRTM1	1.71	0.92	1.11	0.833	0.405	1.0	0.9995901155158834
LRRTM2	3.22	0.59	0.74	0.792	0.428	1.0	0.9995901155158834
LRRTM4	16.6	-0.57	0.34	-1.7	0.0885	1.0	0.9995901155158834
LRSAM1	83.4	-0.2	0.16	-1.27	0.204	1.0	0.9995901155158834
LRTOMT	1.2	2.01	1.22	1.65	0.0996	1.0	0.9995901155158834
LRWD1	125.0	-0.03	0.15	-0.209	0.835	1.0	0.9995901155158834
LSAMP	89.2	0.08	0.13	0.589	0.556	1.0	0.9995901155158834
LSG1	413.0	-0.0	0.08	-0.00929	0.993	1.0	0.9995901155158834
LSM1	515.0	-0.05	0.11	-0.442	0.659	1.0	0.9995901155158834
LSM10	140.0	-0.11	0.2	-0.585	0.558	1.0	0.9995901155158834
LSM11	199.0	0.07	0.15	0.473	0.636	1.0	0.9995901155158834
LSM12	289.0	0.12	0.11	1.05	0.293	1.0	0.9995901155158834
LSM14A	5000.0	0.04	0.1	0.398	0.691	1.0	0.9995901155158834
LSM14B	338.0	0.06	0.09	0.665	0.506	1.0	0.9995901155158834
LSM2	257.0	0.24	0.16	1.49	0.135	1.0	0.9995901155158834
LSM3	281.0	-0.05	0.1	-0.559	0.576	1.0	0.9995901155158834
LSM4	470.0	-0.01	0.11	-0.0627	0.95	1.0	0.9995901155158834
LSM5	171.0	0.17	0.14	1.22	0.223	1.0	0.9995901155158834
LSM6	178.0	0.0	0.12	0.0284	0.977	1.0	0.9995901155158834
LSM7	76.4	0.12	0.13	0.889	0.374	1.0	0.9995901155158834
LSM8	304.0	0.06	0.09	0.648	0.517	1.0	0.9995901155158834
LSMEM1	3.66	0.39	0.77	0.513	0.608	1.0	0.9995901155158834
LSP1	11.3	0.01	0.4	0.0272	0.978	1.0	0.9995901155158834
LSR	18.2	0.53	0.31	1.7	0.089	1.0	0.9995901155158834
LSS	1920.0	-0.02	0.09	-0.215	0.83	1.0	0.9995901155158834
LST1	2.48	1.14	0.74	1.54	0.124	1.0	0.9995901155158834
LTA	1.8	1.2	0.87	1.37	0.169	1.0	0.9995901155158834
LTA4H	483.0	0.0	0.08	0.0359	0.971	1.0	0.9995901155158834
LTB	8.82	0.12	0.42	0.297	0.766	1.0	0.9995901155158834
LTB4R	12.2	0.87	0.32	2.69	0.00722	1.0	0.9995901155158834
LTB4R2	2.59	0.98	0.85	1.15	0.25	1.0	0.9995901155158834
LTBP1	5610.0	0.01	0.07	0.0799	0.936	1.0	0.9995901155158834
LTBP2	709.0	0.04	0.12	0.372	0.71	1.0	0.9995901155158834
LTBP3	9.48	-0.09	0.37	-0.245	0.807	1.0	0.9995901155158834
LTBP4	137.0	-0.07	0.14	-0.517	0.605	1.0	0.9995901155158834
LTBR	115.0	-0.05	0.17	-0.278	0.781	1.0	0.9995901155158834
LTK	9.96	0.19	0.49	0.396	0.692	1.0	0.9995901155158834
LTN1	373.0	0.01	0.09	0.0892	0.929	1.0	0.9995901155158834
LTO1	162.0	0.04	0.12	0.322	0.748	1.0	0.9995901155158834
LTV1	666.0	-0.03	0.1	-0.284	0.777	1.0	0.9995901155158834
LUC7L	485.0	0.1	0.09	1.11	0.267	1.0	0.9995901155158834
LUC7L2	1470.0	0.02	0.09	0.22	0.826	1.0	0.9995901155158834
LUC7L3	2300.0	0.02	0.12	0.162	0.871	1.0	0.9995901155158834
LUM	1.19	-0.49	1.14	-0.426	0.67	1.0	0.9995901155158834
LURAP1	5.99	0.52	0.65	0.808	0.419	1.0	0.9995901155158834
LURAP1L	57.8	0.12	0.19	0.641	0.522	1.0	0.9995901155158834
LUZP1	2170.0	-0.02	0.07	-0.331	0.741	1.0	0.9995901155158834
LUZP2	4.51	0.44	0.6	0.738	0.461	1.0	0.9995901155158834
LUZP6	912.0	0.04	0.09	0.46	0.646	1.0	0.9995901155158834
LVRN	2.29	0.1	0.79	0.12	0.904	1.0	0.9995901155158834
LXN	22.5	-0.01	0.23	-0.0528	0.958	1.0	0.9995901155158834
LY6E	44.7	-0.02	0.22	-0.0958	0.924	1.0	0.9995901155158834
LY6G5B	2.7	0.29	0.7	0.416	0.678	1.0	0.9995901155158834
LY6G5C	5.06	-0.24	0.49	-0.48	0.631	1.0	0.9995901155158834
LY6H	1.11	0.69	1.04	0.661	0.509	1.0	0.9995901155158834
LY6K	13.9	-0.41	0.43	-0.962	0.336	1.0	0.9995901155158834
LY75	18.9	0.25	0.34	0.752	0.452	1.0	0.9995901155158834
LY75-CD302	25.7	-0.39	0.92	-0.428	0.669	1.0	0.9995901155158834
LY96	4.56	-0.2	0.6	-0.334	0.738	1.0	0.9995901155158834
LYAR	615.0	-0.05	0.09	-0.579	0.562	1.0	0.9995901155158834
LYG1	2.72	0.17	0.73	0.231	0.817	1.0	0.9995901155158834
LYL1	33.5	-0.06	0.25	-0.224	0.822	1.0	0.9995901155158834
LYN	506.0	-0.13	0.08	-1.64	0.1	1.0	0.9995901155158834
LYNX1	4.44	0.53	0.59	0.911	0.362	1.0	0.9995901155158834
LYPD1	8.73	-0.59	0.62	-0.951	0.342	1.0	0.9995901155158834
LYPD6	85.3	-0.03	0.17	-0.154	0.878	1.0	0.9995901155158834
LYPD6B	18.5	0.31	0.3	1.06	0.29	1.0	0.9995901155158834
LYPLA1	540.0	-0.08	0.1	-0.774	0.439	1.0	0.9995901155158834
LYPLA2	1440.0	-0.01	0.12	-0.0548	0.956	1.0	0.9995901155158834
LYPLAL1	36.5	0.21	0.2	1.04	0.298	1.0	0.9995901155158834
LYRM1	63.8	0.02	0.15	0.155	0.877	1.0	0.9995901155158834
LYRM2	302.0	0.06	0.1	0.59	0.555	1.0	0.9995901155158834
LYRM4	57.6	0.18	0.18	1.01	0.314	1.0	0.9995901155158834
LYRM7	143.0	0.11	0.12	0.987	0.324	1.0	0.9995901155158834
LYRM9	16.3	0.01	0.33	0.0235	0.981	1.0	0.9995901155158834
LYSMD1	37.5	0.44	0.21	2.05	0.04	1.0	0.9995901155158834
LYSMD2	17.7	0.01	0.37	0.0401	0.968	1.0	0.9995901155158834
LYSMD3	331.0	0.02	0.1	0.201	0.841	1.0	0.9995901155158834
LYSMD4	39.2	-0.33	0.19	-1.7	0.0898	1.0	0.9995901155158834
LYST	126.0	-0.18	0.15	-1.24	0.217	1.0	0.9995901155158834
LYVE1	1620.0	-0.02	0.07	-0.335	0.738	1.0	0.9995901155158834
LYZ	6.35	0.06	0.49	0.121	0.903	1.0	0.9995901155158834
LZIC	570.0	-0.11	0.11	-0.987	0.324	1.0	0.9995901155158834
LZTFL1	68.9	-0.05	0.17	-0.283	0.778	1.0	0.9995901155158834
LZTR1	227.0	-0.06	0.13	-0.465	0.642	1.0	0.9995901155158834
LZTS1	25.2	0.02	0.24	0.0826	0.934	1.0	0.9995901155158834
LZTS2	303.0	0.06	0.13	0.475	0.635	1.0	0.9995901155158834
LZTS3	44.9	-0.26	0.22	-1.19	0.235	1.0	0.9995901155158834
M1AP	1.38	-0.81	1.17	-0.692	0.489	1.0	0.9995901155158834
M6PR	2010.0	0.0	0.08	0.0127	0.99	1.0	0.9995901155158834
MAB21L1	0.497	-1.19	1.45	-0.816	0.414	1.0	0.9995901155158834
MAB21L3	887.0	0.21	0.12	1.69	0.0906	1.0	0.9995901155158834
MACC1	4.89	0.54	0.55	0.977	0.329	1.0	0.9995901155158834
MACF1	5190.0	-0.03	0.19	-0.149	0.882	1.0	0.9995901155158834
MACIR	74.5	-0.01	0.14	-0.107	0.915	1.0	0.9995901155158834
MACO1	453.0	-0.1	0.1	-1.01	0.313	1.0	0.9995901155158834
MACROD1	18.3	0.07	0.27	0.263	0.792	1.0	0.9995901155158834
MACROD2	29.0	0.07	0.24	0.306	0.76	1.0	0.9995901155158834
MACROH2A1	1180.0	0.05	0.08	0.668	0.504	1.0	0.9995901155158834
MACROH2A2	339.0	-0.08	0.08	-0.983	0.326	1.0	0.9995901155158834
MAD1L1	437.0	-0.14	0.11	-1.31	0.19	1.0	0.9995901155158834
MAD2L1	261.0	0.07	0.12	0.616	0.538	1.0	0.9995901155158834
MAD2L1BP	86.8	-0.14	0.14	-0.987	0.324	1.0	0.9995901155158834
MAD2L2	87.3	0.13	0.18	0.725	0.468	1.0	0.9995901155158834
MADCAM1	0.957	-1.91	1.46	-1.31	0.191	1.0	0.9995901155158834
MADD	299.0	-0.12	0.1	-1.15	0.249	1.0	0.9995901155158834
MAEA	368.0	0.0	0.11	0.02	0.984	1.0	0.9995901155158834
MAF	1130.0	0.08	0.13	0.658	0.51	1.0	0.9995901155158834
MAF1	110.0	-0.22	0.16	-1.37	0.172	1.0	0.9995901155158834
MAFA	1.01	0.15	1.24	0.118	0.906	1.0	0.9995901155158834
MAFB	219.0	0.06	0.18	0.333	0.739	1.0	0.9995901155158834
MAFF	67.5	0.14	0.2	0.69	0.49	1.0	0.9995901155158834
MAFG	411.0	0.08	0.08	0.96	0.337	1.0	0.9995901155158834
MAFK	128.0	0.09	0.14	0.639	0.523	1.0	0.9995901155158834
MAGEA10	1.47	1.84	1.0	1.84	0.065	1.0	0.9995901155158834
MAGEB10	1.13	-2.18	1.2	-1.82	0.0694	1.0	0.9995901155158834
MAGED1	548.0	-0.06	0.08	-0.702	0.482	1.0	0.9995901155158834
MAGED2	3380.0	-0.09	0.18	-0.462	0.644	1.0	0.9995901155158834
MAGED4	54.4	-0.37	0.7	-0.521	0.602	1.0	0.9995901155158834
MAGED4B	148.0	-0.03	0.47	-0.068	0.946	1.0	0.9995901155158834
MAGEE1	39.3	-0.15	0.2	-0.719	0.472	1.0	0.9995901155158834
MAGEF1	691.0	-0.03	0.1	-0.319	0.75	1.0	0.9995901155158834
MAGEH1	233.0	-0.1	0.09	-1.14	0.255	1.0	0.9995901155158834
MAGEL2	35.0	0.06	0.2	0.302	0.763	1.0	0.9995901155158834
MAGI1	580.0	-0.04	0.13	-0.32	0.749	1.0	0.9995901155158834
MAGI2	35.1	-0.26	0.2	-1.3	0.193	1.0	0.9995901155158834
MAGI3	185.0	0.1	0.13	0.807	0.42	1.0	0.9995901155158834
MAGIX	2.22	-0.39	0.73	-0.531	0.595	1.0	0.9995901155158834
MAGOH	427.0	-0.01	0.13	-0.096	0.924	1.0	0.9995901155158834
MAGOHB	245.0	0.09	0.09	1.02	0.309	1.0	0.9995901155158834
MAGT1	1570.0	0.14	0.1	1.36	0.173	1.0	0.9995901155158834
MAIP1	79.4	0.03	0.16	0.22	0.826	1.0	0.9995901155158834
MAK	3.5	0.47	0.62	0.747	0.455	1.0	0.9995901155158834
MAK16	575.0	-0.0	0.11	-0.0136	0.989	1.0	0.9995901155158834
MAL2	2.06	1.17	1.02	1.15	0.25	1.0	0.9995901155158834
MALL	510.0	-0.05	0.3	-0.156	0.876	1.0	0.9995901155158834
MALRD1	0.65	-0.86	1.73	-0.497	0.619	1.0	0.9995901155158834
MALSU1	78.4	0.1	0.2	0.497	0.619	1.0	0.9995901155158834
MALT1	231.0	-0.02	0.09	-0.216	0.829	1.0	0.9995901155158834
MAMDC2	8.58	0.41	0.48	0.854	0.393	1.0	0.9995901155158834
MAMDC4	4.56	-0.52	0.68	-0.763	0.445	1.0	0.9995901155158834
MAML1	576.0	0.03	0.08	0.308	0.758	1.0	0.9995901155158834
MAML2	163.0	0.16	0.17	0.975	0.33	1.0	0.9995901155158834
MAML3	307.0	0.16	0.11	1.38	0.167	1.0	0.9995901155158834
MAMLD1	65.1	0.32	0.19	1.64	0.101	1.0	0.9995901155158834
MAMSTR	1.48	-0.06	0.99	-0.0645	0.949	1.0	0.9995901155158834
MAN1A1	368.0	0.0	0.08	0.0328	0.974	1.0	0.9995901155158834
MAN1A2	1100.0	0.04	0.09	0.437	0.662	1.0	0.9995901155158834
MAN1B1	640.0	-0.11	0.13	-0.812	0.417	1.0	0.9995901155158834
MAN1C1	16.7	0.25	0.36	0.676	0.499	1.0	0.9995901155158834
MAN2A1	802.0	-0.04	0.08	-0.555	0.579	1.0	0.9995901155158834
MAN2A2	304.0	-0.0	0.12	-0.039	0.969	1.0	0.9995901155158834
MAN2B1	443.0	0.03	0.11	0.262	0.794	1.0	0.9995901155158834
MAN2B2	285.0	0.06	0.08	0.77	0.441	1.0	0.9995901155158834
MAN2C1	245.0	0.01	0.12	0.0566	0.955	1.0	0.9995901155158834
MANBA	458.0	-0.0	0.08	-0.0123	0.99	1.0	0.9995901155158834
MANBAL	107.0	0.04	0.15	0.281	0.779	1.0	0.9995901155158834
MANEA	103.0	0.18	0.13	1.37	0.171	1.0	0.9995901155158834
MANEAL	11.0	-0.03	0.35	-0.0943	0.925	1.0	0.9995901155158834
MANF	524.0	-0.04	0.1	-0.407	0.684	1.0	0.9995901155158834
MANSC1	308.0	-0.11	0.12	-0.865	0.387	1.0	0.9995901155158834
MANSC4	1.01	1.43	1.25	1.14	0.255	1.0	0.9995901155158834
MAOA	50.9	-0.13	0.18	-0.685	0.493	1.0	0.9995901155158834
MAP10	27.7	0.23	0.26	0.892	0.372	1.0	0.9995901155158834
MAP1A	152.0	-0.22	0.18	-1.23	0.218	1.0	0.9995901155158834
MAP1B	3370.0	0.04	0.12	0.314	0.754	1.0	0.9995901155158834
MAP1LC3A	61.8	0.01	0.16	0.0805	0.936	1.0	0.9995901155158834
MAP1LC3B	848.0	0.12	0.09	1.23	0.22	1.0	0.9995901155158834
MAP1LC3B2	19.5	-0.18	0.57	-0.318	0.75	1.0	0.9995901155158834
MAP1LC3C	5.11	-0.39	0.47	-0.822	0.411	1.0	0.9995901155158834
MAP1S	132.0	-0.03	0.17	-0.152	0.879	1.0	0.9995901155158834
MAP2	55.3	0.1	0.2	0.504	0.614	1.0	0.9995901155158834
MAP2K1	1340.0	0.05	0.06	0.743	0.458	1.0	0.9995901155158834
MAP2K2	321.0	-0.21	0.1	-2.13	0.0336	1.0	0.9995901155158834
MAP2K3	116.0	0.02	0.12	0.156	0.876	1.0	0.9995901155158834
MAP2K4	329.0	-0.02	0.08	-0.273	0.785	1.0	0.9995901155158834
MAP2K5	112.0	-0.11	0.15	-0.715	0.475	1.0	0.9995901155158834
MAP2K6	402.0	-0.09	0.14	-0.67	0.503	1.0	0.9995901155158834
MAP2K7	115.0	0.1	0.11	0.837	0.403	1.0	0.9995901155158834
MAP3K1	293.0	0.04	0.13	0.321	0.748	1.0	0.9995901155158834
MAP3K10	95.9	-0.15	0.16	-0.894	0.371	1.0	0.9995901155158834
MAP3K11	976.0	-0.07	0.1	-0.709	0.478	1.0	0.9995901155158834
MAP3K12	47.6	-0.36	0.18	-1.99	0.0462	1.0	0.9995901155158834
MAP3K13	53.5	0.07	0.17	0.41	0.682	1.0	0.9995901155158834
MAP3K14	41.3	0.14	0.18	0.747	0.455	1.0	0.9995901155158834
MAP3K15	4.11	-0.5	0.67	-0.746	0.456	1.0	0.9995901155158834
MAP3K2	153.0	0.11	0.15	0.745	0.456	1.0	0.9995901155158834
MAP3K20	456.0	0.14	0.09	1.65	0.0983	1.0	0.9995901155158834
MAP3K21	0.815	0.2	1.33	0.15	0.88	1.0	0.9995901155158834
MAP3K3	331.0	-0.17	0.1	-1.74	0.0817	1.0	0.9995901155158834
MAP3K4	431.0	-0.09	0.08	-1.07	0.285	1.0	0.9995901155158834
MAP3K5	41.0	0.36	0.24	1.46	0.143	1.0	0.9995901155158834
MAP3K6	82.1	-0.08	0.17	-0.476	0.634	1.0	0.9995901155158834
MAP3K7	777.0	0.07	0.09	0.735	0.462	1.0	0.9995901155158834
MAP3K7CL	14.4	0.09	0.35	0.248	0.804	1.0	0.9995901155158834
MAP3K8	24.4	-0.12	0.24	-0.511	0.609	1.0	0.9995901155158834
MAP3K9	33.4	0.14	0.21	0.683	0.495	1.0	0.9995901155158834
MAP4	2670.0	0.04	0.06	0.604	0.546	1.0	0.9995901155158834
MAP4K1	3.32	-1.01	0.78	-1.3	0.194	1.0	0.9995901155158834
MAP4K2	392.0	-0.07	0.11	-0.611	0.541	1.0	0.9995901155158834
MAP4K3	462.0	-0.02	0.09	-0.214	0.831	1.0	0.9995901155158834
MAP4K4	17800.0	-0.07	0.1	-0.668	0.504	1.0	0.9995901155158834
MAP4K5	1030.0	0.03	0.06	0.506	0.613	1.0	0.9995901155158834
MAP6	1.74	0.59	0.95	0.623	0.533	1.0	0.9995901155158834
MAP6D1	7.23	0.13	0.47	0.279	0.78	1.0	0.9995901155158834
MAP7	21.1	0.33	0.26	1.26	0.209	1.0	0.9995901155158834
MAP7D1	1400.0	-0.1	0.09	-1.17	0.243	1.0	0.9995901155158834
MAP7D2	16.0	-0.27	0.3	-0.877	0.381	1.0	0.9995901155158834
MAP7D3	343.0	-0.09	0.11	-0.854	0.393	1.0	0.9995901155158834
MAP9	132.0	0.2	0.14	1.39	0.165	1.0	0.9995901155158834
MAPK1	704.0	0.03	0.09	0.297	0.767	1.0	0.9995901155158834
MAPK10	8.68	0.27	0.51	0.535	0.593	1.0	0.9995901155158834
MAPK11	180.0	-0.12	0.12	-1.05	0.293	1.0	0.9995901155158834
MAPK12	140.0	-0.25	0.12	-1.98	0.0475	1.0	0.9995901155158834
MAPK13	207.0	0.15	0.14	1.04	0.296	1.0	0.9995901155158834
MAPK14	629.0	-0.0	0.06	-0.00679	0.995	1.0	0.9995901155158834
MAPK1IP1L	969.0	0.12	0.09	1.38	0.167	1.0	0.9995901155158834
MAPK3	125.0	-0.22	0.21	-1.06	0.29	1.0	0.9995901155158834
MAPK4	0.723	-1.24	1.49	-0.834	0.405	1.0	0.9995901155158834
MAPK6	2140.0	0.06	0.07	0.904	0.366	1.0	0.9995901155158834
MAPK7	62.8	-0.01	0.15	-0.037	0.97	1.0	0.9995901155158834
MAPK8	194.0	-0.11	0.1	-1.07	0.283	1.0	0.9995901155158834
MAPK8IP1	28.3	0.01	0.31	0.0176	0.986	1.0	0.9995901155158834
MAPK8IP2	3.94	0.26	0.7	0.375	0.708	1.0	0.9995901155158834
MAPK8IP3	176.0	-0.04	0.16	-0.258	0.796	1.0	0.9995901155158834
MAPK9	428.0	0.04	0.09	0.466	0.641	1.0	0.9995901155158834
MAPKAP1	361.0	-0.07	0.11	-0.634	0.526	1.0	0.9995901155158834
MAPKAPK2	682.0	0.01	0.07	0.2	0.842	1.0	0.9995901155158834
MAPKAPK3	39.3	0.14	0.22	0.64	0.522	1.0	0.9995901155158834
MAPKAPK5	370.0	-0.16	0.09	-1.8	0.0725	1.0	0.9995901155158834
MAPKBP1	95.2	0.03	0.16	0.207	0.836	1.0	0.9995901155158834
MAPRE1	2040.0	0.03	0.08	0.348	0.728	1.0	0.9995901155158834
MAPRE2	236.0	-0.09	0.1	-0.816	0.415	1.0	0.9995901155158834
MAPRE3	16.3	0.04	0.28	0.133	0.894	1.0	0.9995901155158834
MAPT	2.44	0.05	0.83	0.0601	0.952	1.0	0.9995901155158834
MARCHF1	4.45	1.07	0.66	1.64	0.102	1.0	0.9995901155158834
MARCHF10	0.911	0.86	1.36	0.628	0.53	1.0	0.9995901155158834
MARCHF11	1.17	0.8	1.21	0.658	0.511	1.0	0.9995901155158834
MARCHF2	115.0	0.04	0.15	0.289	0.773	1.0	0.9995901155158834
MARCHF3	88.9	0.02	0.15	0.148	0.882	1.0	0.9995901155158834
MARCHF4	48.8	0.15	0.44	0.348	0.728	1.0	0.9995901155158834
MARCHF5	382.0	0.09	0.08	1.09	0.274	1.0	0.9995901155158834
MARCHF6	1340.0	0.04	0.09	0.458	0.647	1.0	0.9995901155158834
MARCHF7	582.0	0.03	0.08	0.413	0.679	1.0	0.9995901155158834
MARCHF8	248.0	-0.07	0.11	-0.648	0.517	1.0	0.9995901155158834
MARCHF9	40.1	-0.11	0.2	-0.539	0.59	1.0	0.9995901155158834
MARCKS	6820.0	0.07	0.12	0.613	0.54	1.0	0.9995901155158834
MARCKSL1	3140.0	0.0	0.08	0.0407	0.968	1.0	0.9995901155158834
MARF1	559.0	0.1	0.11	0.913	0.361	1.0	0.9995901155158834
MARK1	166.0	-0.04	0.11	-0.369	0.712	1.0	0.9995901155158834
MARK2	130.0	-0.19	0.1	-1.85	0.0647	1.0	0.9995901155158834
MARK3	570.0	-0.04	0.07	-0.661	0.508	1.0	0.9995901155158834
MARK4	611.0	-0.13	0.08	-1.59	0.112	1.0	0.9995901155158834
MARS1	582.0	-0.09	0.09	-1.02	0.307	1.0	0.9995901155158834
MARS2	144.0	0.15	0.16	0.931	0.352	1.0	0.9995901155158834
MARVELD1	147.0	0.06	0.11	0.484	0.628	1.0	0.9995901155158834
MARVELD2	82.7	-0.07	0.13	-0.487	0.626	1.0	0.9995901155158834
MARVELD3	11.0	-0.35	0.33	-1.07	0.284	1.0	0.9995901155158834
MAS1	1.57	-0.76	0.93	-0.812	0.417	1.0	0.9995901155158834
MASP1	402.0	-0.04	0.13	-0.283	0.777	1.0	0.9995901155158834
MASP2	3.45	0.42	0.67	0.622	0.534	1.0	0.9995901155158834
MAST1	3.95	0.69	0.7	0.988	0.323	1.0	0.9995901155158834
MAST2	130.0	0.02	0.12	0.178	0.859	1.0	0.9995901155158834
MAST3	12.4	0.75	0.4	1.88	0.0595	1.0	0.9995901155158834
MAST4	1220.0	-0.03	0.08	-0.377	0.706	1.0	0.9995901155158834
MASTL	111.0	0.13	0.15	0.929	0.353	1.0	0.9995901155158834
MAT2A	1680.0	0.13	0.13	1.01	0.313	1.0	0.9995901155158834
MAT2B	274.0	0.14	0.1	1.33	0.184	1.0	0.9995901155158834
MATK	3.07	0.26	0.62	0.425	0.671	1.0	0.9995901155158834
MATN1	2.19	-1.4	0.97	-1.44	0.15	1.0	0.9995901155158834
MATN2	50.8	-0.27	0.2	-1.33	0.183	1.0	0.9995901155158834
MATN3	3.86	0.76	0.62	1.22	0.223	1.0	0.9995901155158834
MATR3	5610.0	-0.04	0.07	-0.569	0.569	1.0	0.9995901155158834
MAU2	148.0	0.02	0.1	0.167	0.867	1.0	0.9995901155158834
MAVS	700.0	0.04	0.09	0.429	0.668	1.0	0.9995901155158834
MAX	274.0	-0.11	0.11	-1.01	0.314	1.0	0.9995901155158834
MAZ	804.0	0.03	0.1	0.354	0.724	1.0	0.9995901155158834
MB21D2	67.1	-0.09	0.14	-0.608	0.543	1.0	0.9995901155158834
MBD1	332.0	-0.02	0.11	-0.178	0.859	1.0	0.9995901155158834
MBD2	244.0	-0.05	0.13	-0.408	0.683	1.0	0.9995901155158834
MBD3	499.0	0.11	0.11	0.989	0.323	1.0	0.9995901155158834
MBD4	160.0	-0.1	0.13	-0.778	0.436	1.0	0.9995901155158834
MBD5	112.0	0.02	0.15	0.126	0.9	1.0	0.9995901155158834
MBD6	84.7	0.09	0.17	0.536	0.592	1.0	0.9995901155158834
MBIP	86.4	0.13	0.14	0.871	0.384	1.0	0.9995901155158834
MBLAC1	3.47	-0.64	0.76	-0.845	0.398	1.0	0.9995901155158834
MBLAC2	109.0	0.1	0.15	0.661	0.509	1.0	0.9995901155158834
MBNL1	930.0	0.08	0.1	0.776	0.438	1.0	0.9995901155158834
MBNL2	219.0	-0.0	0.12	-0.00668	0.995	1.0	0.9995901155158834
MBNL3	47.4	0.18	0.19	0.953	0.341	1.0	0.9995901155158834
MBOAT1	71.4	-0.09	0.16	-0.587	0.557	1.0	0.9995901155158834
MBOAT2	526.0	0.12	0.09	1.31	0.192	1.0	0.9995901155158834
MBOAT7	177.0	-0.04	0.15	-0.248	0.804	1.0	0.9995901155158834
MBP	6.93	0.54	0.43	1.26	0.208	1.0	0.9995901155158834
MBTD1	289.0	0.04	0.12	0.324	0.746	1.0	0.9995901155158834
MBTPS1	1140.0	-0.01	0.08	-0.0708	0.944	1.0	0.9995901155158834
MBTPS2	319.0	0.03	0.09	0.327	0.744	1.0	0.9995901155158834
MC1R	15.1	-0.17	0.27	-0.623	0.534	1.0	0.9995901155158834
MC2R	2.26	0.27	0.86	0.31	0.756	1.0	0.9995901155158834
MC5R	0.41	2.34	2.69	0.87	0.384	1.0	0.9995901155158834
MCAM	4370.0	-0.02	0.11	-0.21	0.833	1.0	0.9995901155158834
MCAT	30.7	0.1	0.25	0.408	0.684	1.0	0.9995901155158834
MCC	405.0	0.13	0.08	1.67	0.0948	1.0	0.9995901155158834
MCCC1	108.0	0.06	0.12	0.516	0.606	1.0	0.9995901155158834
MCCC2	601.0	0.0	0.1	0.0203	0.984	1.0	0.9995901155158834
MCEE	11.3	-0.06	0.39	-0.155	0.877	1.0	0.9995901155158834
MCF2	1.13	0.46	1.18	0.394	0.694	1.0	0.9995901155158834
MCF2L	33.1	0.01	0.29	0.0507	0.96	1.0	0.9995901155158834
MCF2L2	20.8	-0.34	0.26	-1.29	0.198	1.0	0.9995901155158834
MCFD2	1160.0	0.02	0.07	0.224	0.822	1.0	0.9995901155158834
MCHR1	0.616	-0.78	1.48	-0.526	0.599	1.0	0.9995901155158834
MCL1	2640.0	0.04	0.08	0.534	0.594	1.0	0.9995901155158834
MCM10	242.0	-0.08	0.11	-0.737	0.461	1.0	0.9995901155158834
MCM2	473.0	-0.17	0.07	-2.53	0.0115	1.0	0.9995901155158834
MCM3	1410.0	0.0	0.08	0.0221	0.982	1.0	0.9995901155158834
MCM3AP	853.0	-0.04	0.1	-0.371	0.711	1.0	0.9995901155158834
MCM4	1120.0	0.06	0.08	0.754	0.451	1.0	0.9995901155158834
MCM5	543.0	-0.13	0.1	-1.28	0.202	1.0	0.9995901155158834
MCM6	849.0	-0.13	0.07	-1.81	0.0705	1.0	0.9995901155158834
MCM7	922.0	-0.11	0.07	-1.58	0.115	1.0	0.9995901155158834
MCM8	232.0	0.02	0.12	0.171	0.864	1.0	0.9995901155158834
MCM9	162.0	0.06	0.12	0.517	0.605	1.0	0.9995901155158834
MCMBP	1050.0	-0.03	0.08	-0.402	0.688	1.0	0.9995901155158834
MCMDC2	4.16	-0.21	0.61	-0.354	0.723	1.0	0.9995901155158834
MCOLN1	80.8	0.03	0.16	0.173	0.863	1.0	0.9995901155158834
MCOLN2	2.39	-0.81	0.89	-0.91	0.363	1.0	0.9995901155158834
MCOLN3	22.8	0.41	0.29	1.4	0.161	1.0	0.9995901155158834
MCPH1	120.0	0.09	0.12	0.746	0.456	1.0	0.9995901155158834
MCRIP1	664.0	0.09	0.14	0.635	0.525	1.0	0.9995901155158834
MCRIP2	2.75	0.89	0.77	1.16	0.247	1.0	0.9995901155158834
MCRS1	164.0	-0.03	0.14	-0.196	0.845	1.0	0.9995901155158834
MCTP1	21.3	1.11	0.29	3.85	0.000116	1.0	0.9995901155158834
MCTP2	12.5	-0.48	0.45	-1.07	0.286	1.0	0.9995901155158834
MCTS1	124.0	0.06	0.12	0.544	0.586	1.0	0.9995901155158834
MCU	269.0	0.05	0.09	0.544	0.586	1.0	0.9995901155158834
MCUB	165.0	0.01	0.13	0.0473	0.962	1.0	0.9995901155158834
MCUR1	292.0	0.03	0.09	0.381	0.703	1.0	0.9995901155158834
MDC1	536.0	-0.06	0.14	-0.44	0.66	1.0	0.9995901155158834
MDFI	119.0	-0.17	0.22	-0.792	0.429	1.0	0.9995901155158834
MDFIC	544.0	-0.05	0.14	-0.344	0.731	1.0	0.9995901155158834
MDGA1	3.15	0.76	0.65	1.16	0.245	1.0	0.9995901155158834
MDGA2	145.0	-0.04	0.11	-0.354	0.723	1.0	0.9995901155158834
MDH1	312.0	-0.09	0.12	-0.727	0.467	1.0	0.9995901155158834
MDH1B	9.01	-0.8	0.46	-1.73	0.0839	1.0	0.9995901155158834
MDH2	460.0	-0.09	0.1	-0.861	0.389	1.0	0.9995901155158834
MDK	5540.0	-0.09	0.11	-0.766	0.443	1.0	0.9995901155158834
MDM1	141.0	-0.13	0.13	-1.01	0.314	1.0	0.9995901155158834
MDM2	997.0	0.07	0.08	0.829	0.407	1.0	0.9995901155158834
MDM4	200.0	0.27	0.12	2.15	0.0316	1.0	0.9995901155158834
MDN1	1530.0	-0.0	0.2	-0.0247	0.98	1.0	0.9995901155158834
MDP1	31.4	0.02	0.22	0.0772	0.938	1.0	0.9995901155158834
ME1	135.0	-0.22	0.14	-1.52	0.128	1.0	0.9995901155158834
ME2	586.0	0.0	0.08	0.0169	0.987	1.0	0.9995901155158834
ME3	79.0	0.03	0.13	0.19	0.849	1.0	0.9995901155158834
MEA1	314.0	-0.01	0.14	-0.0545	0.957	1.0	0.9995901155158834
MEAF6	327.0	0.1	0.1	1.06	0.291	1.0	0.9995901155158834
MEAK7	254.0	-0.06	0.08	-0.798	0.425	1.0	0.9995901155158834
MECOM	3170.0	-0.04	0.12	-0.347	0.729	1.0	0.9995901155158834
MECP2	345.0	-0.05	0.09	-0.53	0.596	1.0	0.9995901155158834
MECR	69.5	0.22	0.19	1.15	0.251	1.0	0.9995901155158834
MED1	768.0	0.04	0.07	0.594	0.553	1.0	0.9995901155158834
MED10	218.0	0.14	0.13	1.07	0.285	1.0	0.9995901155158834
MED11	67.0	-0.04	0.17	-0.248	0.804	1.0	0.9995901155158834
MED12	330.0	-0.09	0.13	-0.67	0.503	1.0	0.9995901155158834
MED12L	14.3	0.52	0.3	1.74	0.081	1.0	0.9995901155158834
MED13	601.0	-0.01	0.1	-0.0613	0.951	1.0	0.9995901155158834
MED13L	599.0	0.11	0.09	1.23	0.22	1.0	0.9995901155158834
MED14	399.0	-0.09	0.12	-0.718	0.473	1.0	0.9995901155158834
MED15	336.0	-0.05	0.1	-0.48	0.631	1.0	0.9995901155158834
MED16	91.0	-0.31	0.18	-1.72	0.0855	1.0	0.9995901155158834
MED17	160.0	0.0	0.12	0.0173	0.986	1.0	0.9995901155158834
MED18	60.8	-0.03	0.16	-0.18	0.857	1.0	0.9995901155158834
MED19	85.3	-0.13	0.17	-0.762	0.446	1.0	0.9995901155158834
MED20	143.0	-0.16	0.12	-1.37	0.17	1.0	0.9995901155158834
MED21	74.5	0.05	0.14	0.33	0.742	1.0	0.9995901155158834
MED22	203.0	-0.13	0.13	-0.935	0.35	1.0	0.9995901155158834
MED23	448.0	-0.08	0.1	-0.745	0.456	1.0	0.9995901155158834
MED24	357.0	-0.03	0.09	-0.288	0.773	1.0	0.9995901155158834
MED25	237.0	0.01	0.09	0.121	0.903	1.0	0.9995901155158834
MED26	31.6	-0.15	0.21	-0.707	0.479	1.0	0.9995901155158834
MED27	199.0	0.23	0.12	1.93	0.0531	1.0	0.9995901155158834
MED28	1540.0	0.11	0.1	1.13	0.258	1.0	0.9995901155158834
MED29	350.0	-0.16	0.07	-2.21	0.027	1.0	0.9995901155158834
MED30	23.0	-0.1	0.28	-0.367	0.713	1.0	0.9995901155158834
MED31	88.4	0.09	0.16	0.556	0.578	1.0	0.9995901155158834
MED4	237.0	-0.08	0.11	-0.72	0.472	1.0	0.9995901155158834
MED6	352.0	0.0	0.09	0.0331	0.974	1.0	0.9995901155158834
MED7	54.0	-0.14	0.22	-0.653	0.514	1.0	0.9995901155158834
MED8	218.0	0.03	0.09	0.276	0.783	1.0	0.9995901155158834
MED9	170.0	-0.15	0.13	-1.13	0.257	1.0	0.9995901155158834
MEDAG	8.01	0.1	0.36	0.265	0.791	1.0	0.9995901155158834
MEF2A	526.0	0.05	0.09	0.532	0.595	1.0	0.9995901155158834
MEF2B	1.35	2.02	1.4	1.44	0.149	1.0	0.9995901155158834
MEF2C	1590.0	0.02	0.08	0.269	0.788	1.0	0.9995901155158834
MEF2D	512.0	0.04	0.07	0.507	0.612	1.0	0.9995901155158834
MEFV	1.34	-0.3	1.23	-0.239	0.811	1.0	0.9995901155158834
MEGF10	32.4	0.12	0.27	0.454	0.65	1.0	0.9995901155158834
MEGF11	0.954	0.2	1.35	0.152	0.88	1.0	0.9995901155158834
MEGF6	128.0	-0.21	0.15	-1.43	0.154	1.0	0.9995901155158834
MEGF8	1210.0	-0.05	0.1	-0.47	0.639	1.0	0.9995901155158834
MEGF9	168.0	0.11	0.13	0.876	0.381	1.0	0.9995901155158834
MEI4	7.65	0.49	0.48	1.02	0.307	1.0	0.9995901155158834
MEIOC	3.53	1.17	0.57	2.03	0.0419	1.0	0.9995901155158834
MEIS1	1430.0	0.02	0.07	0.269	0.788	1.0	0.9995901155158834
MEIS2	729.0	-0.03	0.07	-0.478	0.632	1.0	0.9995901155158834
MEIS3	43.9	-0.27	0.22	-1.24	0.213	1.0	0.9995901155158834
MELK	125.0	-0.01	0.11	-0.0851	0.932	1.0	0.9995901155158834
MELTF	19.7	-0.33	0.27	-1.22	0.223	1.0	0.9995901155158834
MEMO1	214.0	0.04	0.12	0.315	0.752	1.0	0.9995901155158834
MEN1	163.0	-0.1	0.14	-0.694	0.488	1.0	0.9995901155158834
MEOX2	10.8	-0.05	0.38	-0.12	0.904	1.0	0.9995901155158834
MEPCE	121.0	-0.18	0.14	-1.31	0.191	1.0	0.9995901155158834
MERTK	105.0	0.09	0.12	0.741	0.458	1.0	0.9995901155158834
MESD	2070.0	0.02	0.08	0.245	0.806	1.0	0.9995901155158834
MEST	328.0	0.1	0.1	0.994	0.32	1.0	0.9995901155158834
MET	124.0	0.13	0.16	0.829	0.407	1.0	0.9995901155158834
METAP1	620.0	0.03	0.11	0.305	0.76	1.0	0.9995901155158834
METAP1D	29.6	0.04	0.25	0.17	0.865	1.0	0.9995901155158834
METAP2	2970.0	-0.03	0.06	-0.434	0.664	1.0	0.9995901155158834
METRN	5.91	-0.22	0.48	-0.46	0.645	1.0	0.9995901155158834
METRNL	113.0	-0.34	0.19	-1.74	0.0811	1.0	0.9995901155158834
METTL1	27.0	0.16	0.22	0.699	0.484	1.0	0.9995901155158834
METTL14	415.0	-0.05	0.09	-0.535	0.592	1.0	0.9995901155158834
METTL15	105.0	0.06	0.13	0.476	0.634	1.0	0.9995901155158834
METTL16	299.0	0.02	0.11	0.208	0.835	1.0	0.9995901155158834
METTL17	84.8	0.09	0.14	0.675	0.499	1.0	0.9995901155158834
METTL18	78.9	0.04	0.16	0.229	0.819	1.0	0.9995901155158834
METTL21A	167.0	0.03	0.14	0.238	0.812	1.0	0.9995901155158834
METTL21C	1.85	-1.26	1.03	-1.23	0.22	1.0	0.9995901155158834
METTL22	37.9	0.07	0.2	0.329	0.742	1.0	0.9995901155158834
METTL23	38.8	-0.35	0.2	-1.73	0.0845	1.0	0.9995901155158834
METTL24	19.0	0.25	0.28	0.885	0.376	1.0	0.9995901155158834
METTL25	38.7	0.01	0.21	0.0483	0.962	1.0	0.9995901155158834
METTL25B	23.6	-0.08	0.23	-0.355	0.723	1.0	0.9995901155158834
METTL26	16.6	0.22	0.28	0.789	0.43	1.0	0.9995901155158834
METTL27	3.21	-0.41	0.78	-0.521	0.602	1.0	0.9995901155158834
METTL2A	207.0	0.22	0.1	2.22	0.0266	1.0	0.9995901155158834
METTL2B	346.0	-0.07	0.08	-0.793	0.428	1.0	0.9995901155158834
METTL3	243.0	-0.06	0.11	-0.544	0.586	1.0	0.9995901155158834
METTL4	65.1	0.14	0.15	0.908	0.364	1.0	0.9995901155158834
METTL5	137.0	-0.12	0.12	-1.05	0.295	1.0	0.9995901155158834
METTL6	151.0	0.07	0.12	0.602	0.547	1.0	0.9995901155158834
METTL7A	36.4	0.19	0.27	0.682	0.495	1.0	0.9995901155158834
METTL7B	5.36	-0.11	0.55	-0.206	0.837	1.0	0.9995901155158834
METTL8	141.0	0.07	0.12	0.549	0.583	1.0	0.9995901155158834
METTL9	1220.0	0.01	0.07	0.113	0.91	1.0	0.9995901155158834
MEX3A	606.0	0.04	0.08	0.506	0.613	1.0	0.9995901155158834
MEX3B	174.0	0.03	0.12	0.218	0.827	1.0	0.9995901155158834
MEX3C	424.0	0.1	0.09	1.13	0.26	1.0	0.9995901155158834
MEX3D	219.0	-0.01	0.16	-0.0415	0.967	1.0	0.9995901155158834
MFAP1	1910.0	-0.04	0.13	-0.282	0.778	1.0	0.9995901155158834
MFAP2	57.2	0.24	0.15	1.56	0.119	1.0	0.9995901155158834
MFAP3	521.0	0.01	0.11	0.133	0.894	1.0	0.9995901155158834
MFAP3L	190.0	0.08	0.13	0.651	0.515	1.0	0.9995901155158834
MFAP4	2.57	-0.21	0.94	-0.22	0.826	1.0	0.9995901155158834
MFAP5	0.518	1.07	2.06	0.52	0.603	1.0	0.9995901155158834
MFF	174.0	-0.03	0.12	-0.288	0.773	1.0	0.9995901155158834
MFGE8	209.0	-0.01	0.15	-0.0566	0.955	1.0	0.9995901155158834
MFHAS1	224.0	0.07	0.1	0.728	0.466	1.0	0.9995901155158834
MFN1	382.0	0.04	0.08	0.481	0.63	1.0	0.9995901155158834
MFN2	964.0	-0.01	0.07	-0.198	0.843	1.0	0.9995901155158834
MFNG	14.4	-0.44	0.35	-1.25	0.21	1.0	0.9995901155158834
MFSD1	861.0	0.08	0.1	0.752	0.452	1.0	0.9995901155158834
MFSD10	93.0	0.07	0.15	0.463	0.643	1.0	0.9995901155158834
MFSD11	196.0	-0.04	0.1	-0.409	0.683	1.0	0.9995901155158834
MFSD12	49.2	0.12	0.19	0.622	0.534	1.0	0.9995901155158834
MFSD13A	6.12	0.89	0.5	1.77	0.077	1.0	0.9995901155158834
MFSD14A	452.0	0.06	0.13	0.444	0.657	1.0	0.9995901155158834
MFSD14B	554.0	-0.0	0.11	-0.0155	0.988	1.0	0.9995901155158834
MFSD2A	5.79	0.75	0.68	1.1	0.273	1.0	0.9995901155158834
MFSD2B	0.509	0.1	1.79	0.055	0.956	1.0	0.9995901155158834
MFSD3	8.58	0.41	0.4	1.02	0.308	1.0	0.9995901155158834
MFSD4A	4.52	-0.53	0.54	-0.991	0.322	1.0	0.9995901155158834
MFSD4B	351.0	0.27	0.13	1.99	0.0461	1.0	0.9995901155158834
MFSD5	117.0	-0.08	0.13	-0.611	0.541	1.0	0.9995901155158834
MFSD6	47.6	0.11	0.18	0.621	0.535	1.0	0.9995901155158834
MFSD8	127.0	-0.01	0.11	-0.134	0.894	1.0	0.9995901155158834
MFSD9	122.0	0.05	0.12	0.391	0.696	1.0	0.9995901155158834
MGA	779.0	0.02	0.12	0.141	0.888	1.0	0.9995901155158834
MGAM	4.68	0.46	0.6	0.772	0.44	1.0	0.9995901155158834
MGARP	0.586	1.45	1.84	0.787	0.431	1.0	0.9995901155158834
MGAT1	1240.0	0.03	0.1	0.269	0.788	1.0	0.9995901155158834
MGAT2	580.0	0.01	0.09	0.077	0.939	1.0	0.9995901155158834
MGAT3	18.5	0.03	0.33	0.0892	0.929	1.0	0.9995901155158834
MGAT4A	50.4	-0.02	0.3	-0.0728	0.942	1.0	0.9995901155158834
MGAT4B	703.0	0.04	0.11	0.386	0.7	1.0	0.9995901155158834
MGAT4C	13.4	0.92	0.38	2.41	0.0158	1.0	0.9995901155158834
MGAT5	1050.0	0.03	0.09	0.362	0.718	1.0	0.9995901155158834
MGAT5B	13.2	0.34	0.34	0.999	0.318	1.0	0.9995901155158834
MGLL	2.87	0.42	0.73	0.577	0.564	1.0	0.9995901155158834
MGME1	176.0	-0.08	0.11	-0.762	0.446	1.0	0.9995901155158834
MGMT	40.2	-0.02	0.2	-0.0789	0.937	1.0	0.9995901155158834
MGRN1	282.0	0.04	0.09	0.382	0.702	1.0	0.9995901155158834
MGST1	105.0	-0.0	0.12	-0.00469	0.996	1.0	0.9995901155158834
MGST2	130.0	-0.09	0.13	-0.738	0.46	1.0	0.9995901155158834
MGST3	334.0	0.18	0.13	1.37	0.171	1.0	0.9995901155158834
MIA2	157.0	0.08	0.11	0.757	0.449	1.0	0.9995901155158834
MIA3	835.0	-0.02	0.09	-0.163	0.871	1.0	0.9995901155158834
MIB1	1270.0	0.0	0.11	0.026	0.979	1.0	0.9995901155158834
MIB2	128.0	-0.01	0.13	-0.0665	0.947	1.0	0.9995901155158834
MICA	192.0	-0.04	0.11	-0.354	0.723	1.0	0.9995901155158834
MICAL1	58.1	-0.19	0.16	-1.17	0.243	1.0	0.9995901155158834
MICAL2	1000.0	0.05	0.14	0.357	0.721	1.0	0.9995901155158834
MICAL3	201.0	-0.01	0.16	-0.0535	0.957	1.0	0.9995901155158834
MICALL1	1060.0	0.03	0.09	0.292	0.77	1.0	0.9995901155158834
MICALL2	30.9	0.0	0.23	0.0187	0.985	1.0	0.9995901155158834
MICB	14.2	-0.28	0.33	-0.844	0.399	1.0	0.9995901155158834
MICOS10	460.0	0.03	0.14	0.214	0.83	1.0	0.9995901155158834
MICOS10-NBL1	300.0	-0.12	0.12	-1.01	0.311	1.0	0.9995901155158834
MICOS13	40.8	0.14	0.2	0.702	0.483	1.0	0.9995901155158834
MICU1	329.0	-0.02	0.09	-0.177	0.86	1.0	0.9995901155158834
MICU2	435.0	0.07	0.1	0.727	0.467	1.0	0.9995901155158834
MICU3	50.9	0.31	0.17	1.77	0.0766	1.0	0.9995901155158834
MID1	140.0	-0.16	0.14	-1.14	0.254	1.0	0.9995901155158834
MID1IP1	63.9	0.0	0.17	0.00998	0.992	1.0	0.9995901155158834
MID2	45.0	-0.26	0.18	-1.42	0.155	1.0	0.9995901155158834
MIDEAS	321.0	0.09	0.1	0.93	0.353	1.0	0.9995901155158834
MIDN	766.0	0.08	0.1	0.879	0.379	1.0	0.9995901155158834
MIEF1	422.0	0.08	0.08	0.925	0.355	1.0	0.9995901155158834
MIEF2	53.3	0.09	0.19	0.46	0.645	1.0	0.9995901155158834
MIEN1	87.9	-0.31	0.17	-1.86	0.0631	1.0	0.9995901155158834
MIER1	499.0	-0.09	0.09	-1.02	0.308	1.0	0.9995901155158834
MIER2	220.0	0.03	0.1	0.329	0.742	1.0	0.9995901155158834
MIER3	443.0	0.09	0.1	0.88	0.379	1.0	0.9995901155158834
MIF	104.0	-0.2	0.37	-0.541	0.588	1.0	0.9995901155158834
MIF4GD	20.1	0.03	0.25	0.135	0.892	1.0	0.9995901155158834
MIGA1	221.0	-0.02	0.11	-0.164	0.87	1.0	0.9995901155158834
MIGA2	42.7	-0.18	0.18	-0.998	0.318	1.0	0.9995901155158834
MIIP	43.9	0.37	0.23	1.64	0.102	1.0	0.9995901155158834
MILR1	4.13	-0.31	0.67	-0.457	0.647	1.0	0.9995901155158834
MINAR1	15.9	-0.07	0.36	-0.194	0.846	1.0	0.9995901155158834
MINAR2	0.913	0.98	1.36	0.718	0.473	1.0	0.9995901155158834
MINDY1	24.9	0.25	0.31	0.82	0.412	1.0	0.9995901155158834
MINDY2	544.0	0.07	0.09	0.716	0.474	1.0	0.9995901155158834
MINDY3	279.0	0.01	0.08	0.107	0.915	1.0	0.9995901155158834
MINDY4	12.0	-0.54	0.41	-1.3	0.195	1.0	0.9995901155158834
MINK1	868.0	-0.13	0.09	-1.44	0.151	1.0	0.9995901155158834
MINPP1	184.0	-0.03	0.14	-0.23	0.818	1.0	0.9995901155158834
MIOS	448.0	-0.05	0.09	-0.569	0.569	1.0	0.9995901155158834
MIOX	2.15	-0.54	0.92	-0.592	0.554	1.0	0.9995901155158834
MIPEP	110.0	-0.11	0.13	-0.854	0.393	1.0	0.9995901155158834
MIPOL1	104.0	0.15	0.14	1.06	0.287	1.0	0.9995901155158834
MIS12	166.0	0.06	0.12	0.449	0.653	1.0	0.9995901155158834
MIS18A	149.0	0.07	0.12	0.613	0.54	1.0	0.9995901155158834
MIS18BP1	199.0	0.0	0.09	0.00888	0.993	1.0	0.9995901155158834
MISP3	1.04	-1.57	1.21	-1.3	0.194	1.0	0.9995901155158834
MITD1	221.0	-0.04	0.1	-0.452	0.651	1.0	0.9995901155158834
MITF	27.8	-0.25	0.24	-1.05	0.293	1.0	0.9995901155158834
MIX23	225.0	0.09	0.14	0.648	0.517	1.0	0.9995901155158834
MIXL1	2.69	0.35	0.73	0.48	0.631	1.0	0.9995901155158834
MKI67	346.0	-0.12	0.18	-0.661	0.508	1.0	0.9995901155158834
MKKS	180.0	0.03	0.16	0.192	0.848	1.0	0.9995901155158834
MKLN1	431.0	0.04	0.1	0.374	0.708	1.0	0.9995901155158834
MKNK1	161.0	-0.2	0.12	-1.73	0.0843	1.0	0.9995901155158834
MKNK2	258.0	0.11	0.11	1.04	0.3	1.0	0.9995901155158834
MKRN1	607.0	-0.04	0.08	-0.507	0.612	1.0	0.9995901155158834
MKRN2	362.0	-0.02	0.08	-0.245	0.807	1.0	0.9995901155158834
MKRN2OS	1.27	1.89	1.1	1.72	0.0848	1.0	0.9995901155158834
MKS1	87.4	0.05	0.2	0.232	0.817	1.0	0.9995901155158834
MKX	2.37	0.89	0.82	1.08	0.279	1.0	0.9995901155158834
MLANA	7.56	0.33	0.61	0.537	0.591	1.0	0.9995901155158834
MLC1	6.37	0.26	0.59	0.435	0.663	1.0	0.9995901155158834
MLEC	1310.0	0.09	0.08	1.12	0.265	1.0	0.9995901155158834
MLF1	137.0	-0.01	0.13	-0.114	0.91	1.0	0.9995901155158834
MLF2	828.0	-0.06	0.12	-0.491	0.624	1.0	0.9995901155158834
MLH1	178.0	-0.22	0.11	-2.01	0.0447	1.0	0.9995901155158834
MLH3	193.0	0.15	0.11	1.36	0.174	1.0	0.9995901155158834
MLKL	86.4	-0.24	0.16	-1.52	0.13	1.0	0.9995901155158834
MLLT1	223.0	-0.01	0.1	-0.0986	0.921	1.0	0.9995901155158834
MLLT10	357.0	0.13	0.1	1.29	0.197	1.0	0.9995901155158834
MLLT11	184.0	0.05	0.12	0.456	0.648	1.0	0.9995901155158834
MLLT3	98.1	-0.1	0.13	-0.733	0.464	1.0	0.9995901155158834
MLLT6	248.0	0.0	0.09	0.014	0.989	1.0	0.9995901155158834
MLNR	1.17	-0.75	1.26	-0.597	0.55	1.0	0.9995901155158834
MLST8	90.3	0.07	0.18	0.393	0.694	1.0	0.9995901155158834
MLX	174.0	0.04	0.12	0.322	0.748	1.0	0.9995901155158834
MLXIP	484.0	0.1	0.1	0.947	0.344	1.0	0.9995901155158834
MLYCD	81.3	0.1	0.16	0.63	0.529	1.0	0.9995901155158834
MMAA	71.8	0.02	0.18	0.0941	0.925	1.0	0.9995901155158834
MMAB	117.0	-0.08	0.15	-0.505	0.614	1.0	0.9995901155158834
MMACHC	25.2	0.18	0.26	0.697	0.486	1.0	0.9995901155158834
MMADHC	771.0	0.02	0.09	0.189	0.85	1.0	0.9995901155158834
MMD	1680.0	0.04	0.1	0.372	0.71	1.0	0.9995901155158834
MME	178.0	-0.12	0.11	-1.07	0.286	1.0	0.9995901155158834
MMEL1	0.467	1.98	2.09	0.948	0.343	1.0	0.9995901155158834
MMGT1	263.0	0.18	0.15	1.19	0.236	1.0	0.9995901155158834
MMP1	1790.0	-0.09	0.09	-1.03	0.304	1.0	0.9995901155158834
MMP10	22.8	-0.08	0.28	-0.277	0.781	1.0	0.9995901155158834
MMP11	24.7	0.09	0.27	0.314	0.753	1.0	0.9995901155158834
MMP14	4370.0	-0.05	0.1	-0.52	0.603	1.0	0.9995901155158834
MMP15	351.0	-0.09	0.16	-0.555	0.579	1.0	0.9995901155158834
MMP16	1490.0	0.04	0.11	0.389	0.697	1.0	0.9995901155158834
MMP17	1.04	-0.35	1.13	-0.311	0.756	1.0	0.9995901155158834
MMP19	5.94	0.18	0.5	0.369	0.712	1.0	0.9995901155158834
MMP2	399.0	-0.05	0.13	-0.385	0.7	1.0	0.9995901155158834
MMP21	0.62	-1.03	1.58	-0.655	0.513	1.0	0.9995901155158834
MMP23B	0.93	-1.02	1.32	-0.773	0.439	1.0	0.9995901155158834
MMP24	88.5	0.09	0.14	0.647	0.518	1.0	0.9995901155158834
MMP24-AS1-EDEM2	18.1	-0.7	0.65	-1.08	0.279	1.0	0.9995901155158834
MMP24OS	88.1	-0.04	0.15	-0.271	0.786	1.0	0.9995901155158834
MMP25	18.2	-0.78	0.29	-2.66	0.00772	1.0	0.9995901155158834
MMP7	5.29	0.1	0.63	0.154	0.878	1.0	0.9995901155158834
MMP9	1320.0	0.05	0.09	0.573	0.567	1.0	0.9995901155158834
MMRN1	3430.0	-0.02	0.09	-0.277	0.782	1.0	0.9995901155158834
MMRN2	3660.0	-0.12	0.09	-1.24	0.213	1.0	0.9995901155158834
MMS19	308.0	0.03	0.1	0.314	0.753	1.0	0.9995901155158834
MMS22L	146.0	0.18	0.11	1.63	0.103	1.0	0.9995901155158834
MMUT	372.0	-0.04	0.1	-0.388	0.698	1.0	0.9995901155158834
MN1	71.5	0.1	0.16	0.595	0.552	1.0	0.9995901155158834
MNAT1	222.0	-0.05	0.12	-0.421	0.674	1.0	0.9995901155158834
MND1	29.4	-0.31	0.24	-1.27	0.204	1.0	0.9995901155158834
MNS1	64.2	-0.07	0.18	-0.359	0.72	1.0	0.9995901155158834
MNT	32.1	0.21	0.22	0.957	0.339	1.0	0.9995901155158834
MOAP1	264.0	-0.1	0.11	-0.89	0.374	1.0	0.9995901155158834
MOB1A	1140.0	0.09	0.1	0.933	0.351	1.0	0.9995901155158834
MOB1B	1230.0	0.1	0.09	1.15	0.25	1.0	0.9995901155158834
MOB2	75.2	-0.03	0.15	-0.212	0.832	1.0	0.9995901155158834
MOB3A	187.0	0.2	0.15	1.37	0.17	1.0	0.9995901155158834
MOB3B	70.3	0.19	0.16	1.22	0.224	1.0	0.9995901155158834
MOB3C	241.0	-0.01	0.15	-0.0558	0.955	1.0	0.9995901155158834
MOB4	701.0	-0.04	0.15	-0.28	0.78	1.0	0.9995901155158834
MOBP	1.04	-1.41	1.13	-1.25	0.212	1.0	0.9995901155158834
MOCOS	24.5	-0.16	0.22	-0.748	0.454	1.0	0.9995901155158834
MOCS1	92.0	-0.08	0.17	-0.486	0.627	1.0	0.9995901155158834
MOCS2	713.0	-0.03	0.09	-0.382	0.703	1.0	0.9995901155158834
MOCS3	193.0	0.04	0.11	0.385	0.7	1.0	0.9995901155158834
MOG	1.57	2.11	1.13	1.88	0.0607	1.0	0.9995901155158834
MOGAT3	2.8	-0.69	0.93	-0.745	0.456	1.0	0.9995901155158834
MOGS	167.0	-0.08	0.12	-0.66	0.51	1.0	0.9995901155158834
MOK	10.1	0.09	0.42	0.211	0.833	1.0	0.9995901155158834
MON1A	47.0	0.14	0.23	0.605	0.545	1.0	0.9995901155158834
MON1B	541.0	0.14	0.1	1.33	0.184	1.0	0.9995901155158834
MON2	226.0	0.12	0.1	1.14	0.253	1.0	0.9995901155158834
MORC2	724.0	-0.07	0.09	-0.758	0.449	1.0	0.9995901155158834
MORC3	255.0	0.08	0.1	0.798	0.425	1.0	0.9995901155158834
MORC4	236.0	-0.11	0.1	-1.18	0.236	1.0	0.9995901155158834
MORF4L1	3150.0	-0.07	0.09	-0.812	0.417	1.0	0.9995901155158834
MORF4L2	1450.0	-0.02	0.08	-0.249	0.804	1.0	0.9995901155158834
MORN1	16.1	-0.82	0.34	-2.42	0.0157	1.0	0.9995901155158834
MORN2	135.0	-0.02	0.12	-0.167	0.868	1.0	0.9995901155158834
MORN3	11.6	0.24	0.35	0.688	0.491	1.0	0.9995901155158834
MORN4	72.3	-0.13	0.14	-0.916	0.36	1.0	0.9995901155158834
MOSMO	129.0	0.13	0.13	0.997	0.319	1.0	0.9995901155158834
MOSPD1	166.0	0.06	0.12	0.544	0.587	1.0	0.9995901155158834
MOSPD2	104.0	-0.19	0.14	-1.4	0.162	1.0	0.9995901155158834
MOSPD3	33.0	0.06	0.29	0.208	0.835	1.0	0.9995901155158834
MOV10	182.0	-0.13	0.14	-0.912	0.362	1.0	0.9995901155158834
MOXD1	2.3	0.47	0.79	0.593	0.553	1.0	0.9995901155158834
MPC1	158.0	-0.14	0.12	-1.14	0.255	1.0	0.9995901155158834
MPC2	48.2	-0.06	0.24	-0.266	0.79	1.0	0.9995901155158834
MPDU1	90.2	-0.07	0.19	-0.388	0.698	1.0	0.9995901155158834
MPDZ	2590.0	-0.0	0.1	-0.0361	0.971	1.0	0.9995901155158834
MPG	44.5	0.26	0.23	1.15	0.25	1.0	0.9995901155158834
MPHOSPH10	954.0	0.03	0.1	0.298	0.766	1.0	0.9995901155158834
MPHOSPH6	282.0	0.08	0.14	0.538	0.59	1.0	0.9995901155158834
MPHOSPH8	695.0	-0.04	0.1	-0.393	0.695	1.0	0.9995901155158834
MPHOSPH9	101.0	-0.05	0.11	-0.44	0.66	1.0	0.9995901155158834
MPI	88.0	-0.28	0.22	-1.25	0.211	1.0	0.9995901155158834
MPIG6B	3.23	0.47	0.73	0.654	0.513	1.0	0.9995901155158834
MPL	6.01	0.13	0.49	0.264	0.792	1.0	0.9995901155158834
MPLKIP	124.0	-0.05	0.15	-0.311	0.756	1.0	0.9995901155158834
MPND	39.3	0.09	0.21	0.441	0.659	1.0	0.9995901155158834
MPP1	96.1	-0.14	0.12	-1.17	0.242	1.0	0.9995901155158834
MPP2	36.5	0.03	0.17	0.175	0.861	1.0	0.9995901155158834
MPP3	12.1	-0.12	0.43	-0.271	0.787	1.0	0.9995901155158834
MPP4	3.6	0.19	0.81	0.239	0.811	1.0	0.9995901155158834
MPP7	16.6	0.12	0.34	0.367	0.714	1.0	0.9995901155158834
MPPE1	103.0	0.11	0.13	0.852	0.394	1.0	0.9995901155158834
MPPED2	68.6	0.47	0.18	2.62	0.00892	1.0	0.9995901155158834
MPRIP	2570.0	-0.04	0.06	-0.638	0.523	1.0	0.9995901155158834
MPST	73.4	-0.05	0.22	-0.228	0.819	1.0	0.9995901155158834
MPV17	166.0	-0.15	0.16	-0.908	0.364	1.0	0.9995901155158834
MPV17L	33.3	0.35	0.23	1.52	0.129	1.0	0.9995901155158834
MPV17L2	30.7	-0.11	0.21	-0.532	0.595	1.0	0.9995901155158834
MPZ	1.06	-0.08	1.09	-0.0691	0.945	1.0	0.9995901155158834
MPZL1	2230.0	0.02	0.08	0.288	0.774	1.0	0.9995901155158834
MPZL2	0.67	-1.76	1.54	-1.15	0.251	1.0	0.9995901155158834
MPZL3	28.8	-0.22	0.22	-1.0	0.317	1.0	0.9995901155158834
MR1	8.59	1.51	0.6	2.51	0.0122	1.0	0.9995901155158834
MRAP	19.4	0.43	0.6	0.715	0.475	1.0	0.9995901155158834
MRAP2	69.2	0.07	0.24	0.272	0.785	1.0	0.9995901155158834
MRAS	152.0	0.08	0.13	0.629	0.53	1.0	0.9995901155158834
MRC1	1580.0	-0.07	0.09	-0.789	0.43	1.0	0.9995901155158834
MRC2	661.0	-0.05	0.11	-0.465	0.642	1.0	0.9995901155158834
MRE11	224.0	0.02	0.11	0.173	0.863	1.0	0.9995901155158834
MREG	58.9	-0.17	0.18	-0.945	0.345	1.0	0.9995901155158834
MRFAP1	6250.0	0.03	0.06	0.505	0.613	1.0	0.9995901155158834
MRFAP1L1	1090.0	-0.03	0.07	-0.44	0.66	1.0	0.9995901155158834
MRGBP	153.0	0.14	0.11	1.21	0.227	1.0	0.9995901155158834
MRGPRX3	4.1	0.15	0.66	0.222	0.824	1.0	0.9995901155158834
MRI1	104.0	0.24	0.14	1.69	0.0915	1.0	0.9995901155158834
MRM1	31.5	0.05	0.23	0.201	0.841	1.0	0.9995901155158834
MRM2	427.0	-0.08	0.07	-1.04	0.297	1.0	0.9995901155158834
MRM3	203.0	-0.06	0.1	-0.613	0.54	1.0	0.9995901155158834
MRNIP	52.0	0.15	0.21	0.711	0.477	1.0	0.9995901155158834
MRO	5.98	0.69	0.53	1.3	0.194	1.0	0.9995901155158834
MROH1	92.7	0.02	0.2	0.11	0.913	1.0	0.9995901155158834
MROH6	2.29	-0.23	0.9	-0.255	0.799	1.0	0.9995901155158834
MROH7	2.85	0.32	0.84	0.377	0.706	1.0	0.9995901155158834
MROH8	26.2	-0.1	0.3	-0.321	0.748	1.0	0.9995901155158834
MRPL1	142.0	0.0	0.12	0.0106	0.992	1.0	0.9995901155158834
MRPL10	91.8	-0.01	0.16	-0.0474	0.962	1.0	0.9995901155158834
MRPL11	163.0	0.0	0.1	0.0134	0.989	1.0	0.9995901155158834
MRPL12	171.0	-0.06	0.12	-0.456	0.648	1.0	0.9995901155158834
MRPL13	88.1	-0.02	0.15	-0.105	0.916	1.0	0.9995901155158834
MRPL14	134.0	0.04	0.16	0.223	0.823	1.0	0.9995901155158834
MRPL15	309.0	-0.0	0.1	-0.002	0.998	1.0	0.9995901155158834
MRPL16	124.0	-0.02	0.1	-0.22	0.826	1.0	0.9995901155158834
MRPL17	507.0	-0.08	0.08	-1.0	0.315	1.0	0.9995901155158834
MRPL18	360.0	-0.04	0.1	-0.449	0.654	1.0	0.9995901155158834
MRPL19	726.0	-0.0	0.07	-0.0492	0.961	1.0	0.9995901155158834
MRPL2	89.8	-0.08	0.18	-0.439	0.661	1.0	0.9995901155158834
MRPL20	572.0	0.01	0.1	0.0698	0.944	1.0	0.9995901155158834
MRPL21	108.0	-0.21	0.14	-1.53	0.125	1.0	0.9995901155158834
MRPL22	258.0	-0.1	0.12	-0.766	0.443	1.0	0.9995901155158834
MRPL23	85.6	-0.13	0.18	-0.743	0.457	1.0	0.9995901155158834
MRPL24	130.0	-0.11	0.14	-0.768	0.442	1.0	0.9995901155158834
MRPL27	119.0	-0.02	0.11	-0.168	0.867	1.0	0.9995901155158834
MRPL28	128.0	0.03	0.14	0.227	0.821	1.0	0.9995901155158834
MRPL3	605.0	-0.05	0.09	-0.559	0.576	1.0	0.9995901155158834
MRPL30	336.0	0.02	0.1	0.209	0.835	1.0	0.9995901155158834
MRPL32	133.0	0.07	0.11	0.609	0.543	1.0	0.9995901155158834
MRPL33	137.0	-0.15	0.18	-0.817	0.414	1.0	0.9995901155158834
MRPL34	255.0	0.07	0.14	0.502	0.616	1.0	0.9995901155158834
MRPL35	511.0	0.07	0.1	0.726	0.468	1.0	0.9995901155158834
MRPL36	159.0	-0.06	0.11	-0.522	0.601	1.0	0.9995901155158834
MRPL37	335.0	-0.01	0.15	-0.0406	0.968	1.0	0.9995901155158834
MRPL38	107.0	0.02	0.18	0.115	0.909	1.0	0.9995901155158834
MRPL39	159.0	0.02	0.13	0.124	0.902	1.0	0.9995901155158834
MRPL4	94.6	-0.05	0.16	-0.317	0.751	1.0	0.9995901155158834
MRPL40	94.8	-0.13	0.15	-0.858	0.391	1.0	0.9995901155158834
MRPL41	102.0	-0.53	0.32	-1.67	0.0953	1.0	0.9995901155158834
MRPL42	208.0	0.1	0.12	0.854	0.393	1.0	0.9995901155158834
MRPL43	134.0	-0.16	0.14	-1.13	0.257	1.0	0.9995901155158834
MRPL44	240.0	-0.09	0.1	-0.931	0.352	1.0	0.9995901155158834
MRPL45	243.0	-0.05	0.1	-0.488	0.626	1.0	0.9995901155158834
MRPL46	184.0	-0.07	0.1	-0.67	0.503	1.0	0.9995901155158834
MRPL47	179.0	0.04	0.12	0.365	0.715	1.0	0.9995901155158834
MRPL48	90.5	-0.23	0.17	-1.35	0.177	1.0	0.9995901155158834
MRPL49	309.0	-0.09	0.11	-0.791	0.429	1.0	0.9995901155158834
MRPL50	232.0	0.01	0.14	0.0674	0.946	1.0	0.9995901155158834
MRPL51	626.0	-0.14	0.09	-1.54	0.124	1.0	0.9995901155158834
MRPL52	226.0	0.01	0.14	0.0763	0.939	1.0	0.9995901155158834
MRPL53	64.8	-0.03	0.16	-0.196	0.844	1.0	0.9995901155158834
MRPL54	49.8	-0.1	0.18	-0.562	0.574	1.0	0.9995901155158834
MRPL55	48.2	0.19	0.23	0.842	0.4	1.0	0.9995901155158834
MRPL57	129.0	0.06	0.12	0.551	0.581	1.0	0.9995901155158834
MRPL58	130.0	-0.02	0.13	-0.132	0.895	1.0	0.9995901155158834
MRPL9	350.0	-0.04	0.09	-0.392	0.695	1.0	0.9995901155158834
MRPS10	466.0	0.04	0.09	0.472	0.637	1.0	0.9995901155158834
MRPS11	113.0	-0.33	0.17	-1.98	0.0476	1.0	0.9995901155158834
MRPS12	39.2	-0.2	0.27	-0.754	0.451	1.0	0.9995901155158834
MRPS14	413.0	0.0	0.1	0.0317	0.975	1.0	0.9995901155158834
MRPS15	220.0	0.05	0.12	0.461	0.645	1.0	0.9995901155158834
MRPS16	610.0	0.09	0.1	0.924	0.356	1.0	0.9995901155158834
MRPS17	288.0	0.16	0.11	1.44	0.149	1.0	0.9995901155158834
MRPS18A	80.0	-0.2	0.17	-1.17	0.243	1.0	0.9995901155158834
MRPS18B	88.9	-0.04	0.13	-0.325	0.745	1.0	0.9995901155158834
MRPS18C	168.0	-0.1	0.12	-0.82	0.412	1.0	0.9995901155158834
MRPS2	54.4	-0.06	0.2	-0.297	0.766	1.0	0.9995901155158834
MRPS21	348.0	-0.08	0.1	-0.783	0.434	1.0	0.9995901155158834
MRPS22	155.0	-0.09	0.13	-0.724	0.469	1.0	0.9995901155158834
MRPS23	302.0	-0.06	0.1	-0.633	0.527	1.0	0.9995901155158834
MRPS24	52.7	-0.08	0.23	-0.37	0.711	1.0	0.9995901155158834
MRPS25	279.0	-0.03	0.09	-0.357	0.721	1.0	0.9995901155158834
MRPS26	146.0	-0.02	0.16	-0.144	0.885	1.0	0.9995901155158834
MRPS27	239.0	0.02	0.11	0.197	0.843	1.0	0.9995901155158834
MRPS28	182.0	-0.07	0.14	-0.519	0.604	1.0	0.9995901155158834
MRPS30	119.0	0.03	0.14	0.195	0.845	1.0	0.9995901155158834
MRPS31	98.9	-0.16	0.12	-1.41	0.157	1.0	0.9995901155158834
MRPS33	68.0	-0.21	0.17	-1.2	0.23	1.0	0.9995901155158834
MRPS34	211.0	-0.12	0.12	-0.999	0.318	1.0	0.9995901155158834
MRPS35	408.0	0.04	0.08	0.485	0.628	1.0	0.9995901155158834
MRPS36	48.2	-0.17	0.19	-0.888	0.375	1.0	0.9995901155158834
MRPS5	1040.0	0.01	0.09	0.162	0.871	1.0	0.9995901155158834
MRPS6	586.0	0.02	0.12	0.179	0.858	1.0	0.9995901155158834
MRPS7	209.0	0.02	0.11	0.176	0.86	1.0	0.9995901155158834
MRPS9	465.0	-0.08	0.08	-1.08	0.279	1.0	0.9995901155158834
MRRF	117.0	0.01	0.16	0.0811	0.935	1.0	0.9995901155158834
MRS2	360.0	-0.02	0.1	-0.163	0.871	1.0	0.9995901155158834
MRTFA	173.0	-0.06	0.11	-0.515	0.607	1.0	0.9995901155158834
MRTFB	267.0	0.1	0.11	0.943	0.346	1.0	0.9995901155158834
MRTO4	365.0	0.07	0.1	0.715	0.475	1.0	0.9995901155158834
MS4A10	1.45	1.55	1.13	1.37	0.169	1.0	0.9995901155158834
MS4A2	1.14	0.77	1.09	0.704	0.482	1.0	0.9995901155158834
MS4A4A	9.92	0.08	0.38	0.211	0.833	1.0	0.9995901155158834
MS4A4E	47.7	0.37	0.23	1.65	0.0996	1.0	0.9995901155158834
MS4A6A	1.11	0.21	1.27	0.161	0.872	1.0	0.9995901155158834
MS4A7	1.45	-0.32	1.03	-0.308	0.758	1.0	0.9995901155158834
MSANTD2	124.0	-0.11	0.13	-0.868	0.385	1.0	0.9995901155158834
MSANTD3	629.0	0.11	0.13	0.869	0.385	1.0	0.9995901155158834
MSANTD3-TMEFF1	391.0	0.23	0.25	0.921	0.357	1.0	0.9995901155158834
MSANTD4	256.0	-0.0	0.1	-0.0368	0.971	1.0	0.9995901155158834
MSC	51.0	-0.41	0.18	-2.26	0.0236	1.0	0.9995901155158834
MSH2	711.0	-0.07	0.08	-0.835	0.404	1.0	0.9995901155158834
MSH3	106.0	0.12	0.11	1.1	0.273	1.0	0.9995901155158834
MSH4	0.498	1.26	2.12	0.594	0.553	1.0	0.9995901155158834
MSH5	17.2	-0.2	0.31	-0.643	0.52	1.0	0.9995901155158834
MSH6	1870.0	0.03	0.08	0.368	0.713	1.0	0.9995901155158834
MSI1	35.9	-0.15	0.22	-0.669	0.503	1.0	0.9995901155158834
MSI2	332.0	0.2	0.13	1.62	0.105	1.0	0.9995901155158834
MSL1	1260.0	0.08	0.06	1.29	0.196	1.0	0.9995901155158834
MSL2	237.0	0.06	0.1	0.623	0.533	1.0	0.9995901155158834
MSL3	339.0	-0.05	0.09	-0.625	0.532	1.0	0.9995901155158834
MSMO1	364.0	0.07	0.13	0.545	0.585	1.0	0.9995901155158834
MSMP	43.5	-0.03	0.21	-0.132	0.895	1.0	0.9995901155158834
MSN	13000.0	-0.04	0.07	-0.623	0.533	1.0	0.9995901155158834
MSRA	92.2	-0.13	0.14	-0.951	0.341	1.0	0.9995901155158834
MSRB1	54.9	-0.16	0.2	-0.803	0.422	1.0	0.9995901155158834
MSRB2	56.8	-0.01	0.16	-0.0485	0.961	1.0	0.9995901155158834
MSRB3	315.0	0.0	0.13	0.0127	0.99	1.0	0.9995901155158834
MSS51	10.8	0.36	0.34	1.06	0.288	1.0	0.9995901155158834
MST1	10.5	0.07	0.4	0.17	0.865	1.0	0.9995901155158834
MST1R	0.351	1.15	2.55	0.453	0.65	1.0	0.9995901155158834
MSTO1	224.0	0.01	0.12	0.107	0.915	1.0	0.9995901155158834
MSX1	22.3	-0.25	0.33	-0.762	0.446	1.0	0.9995901155158834
MSX2	5.1	-0.17	0.53	-0.322	0.747	1.0	0.9995901155158834
MT1E	0.854	0.98	1.63	0.601	0.548	1.0	0.9995901155158834
MT1F	1.71	1.16	0.94	1.24	0.216	1.0	0.9995901155158834
MT1X	3.95	0.13	0.59	0.215	0.83	1.0	0.9995901155158834
MT2A	58.9	-0.08	0.18	-0.453	0.651	1.0	0.9995901155158834
MTA1	727.0	0.1	0.13	0.737	0.461	1.0	0.9995901155158834
MTA2	947.0	-0.05	0.07	-0.747	0.455	1.0	0.9995901155158834
MTA3	289.0	-0.09	0.11	-0.776	0.438	1.0	0.9995901155158834
MTAP	412.0	-0.13	0.08	-1.58	0.113	1.0	0.9995901155158834
MTARC1	42.9	-0.1	0.19	-0.536	0.592	1.0	0.9995901155158834
MTARC2	60.9	-0.18	0.2	-0.906	0.365	1.0	0.9995901155158834
MTBP	37.5	0.24	0.19	1.21	0.226	1.0	0.9995901155158834
MTCH1	1950.0	-0.04	0.08	-0.515	0.607	1.0	0.9995901155158834
MTCH2	652.0	0.0	0.09	0.0211	0.983	1.0	0.9995901155158834
MTCL1	158.0	-0.05	0.15	-0.355	0.722	1.0	0.9995901155158834
MTCP1	3.04	0.51	0.72	0.719	0.472	1.0	0.9995901155158834
MTDH	1200.0	0.05	0.06	0.838	0.402	1.0	0.9995901155158834
MTERF1	112.0	0.11	0.11	1.0	0.317	1.0	0.9995901155158834
MTERF2	58.3	0.26	0.16	1.59	0.111	1.0	0.9995901155158834
MTERF3	57.2	0.24	0.2	1.2	0.232	1.0	0.9995901155158834
MTERF4	375.0	0.06	0.09	0.693	0.488	1.0	0.9995901155158834
MTF1	122.0	-0.03	0.11	-0.292	0.77	1.0	0.9995901155158834
MTF2	572.0	-0.0	0.07	-0.0254	0.98	1.0	0.9995901155158834
MTFMT	95.6	0.29	0.17	1.73	0.0835	1.0	0.9995901155158834
MTFP1	107.0	0.01	0.15	0.0791	0.937	1.0	0.9995901155158834
MTFR1	208.0	0.01	0.13	0.0953	0.924	1.0	0.9995901155158834
MTFR1L	171.0	-0.01	0.1	-0.12	0.904	1.0	0.9995901155158834
MTFR2	19.8	-0.23	0.31	-0.743	0.458	1.0	0.9995901155158834
MTG1	220.0	0.02	0.14	0.144	0.886	1.0	0.9995901155158834
MTG2	123.0	-0.19	0.17	-1.12	0.263	1.0	0.9995901155158834
MTHFD1	423.0	-0.01	0.1	-0.144	0.885	1.0	0.9995901155158834
MTHFD1L	438.0	0.01	0.09	0.0992	0.921	1.0	0.9995901155158834
MTHFD2	244.0	0.03	0.12	0.209	0.835	1.0	0.9995901155158834
MTHFD2L	149.0	0.07	0.15	0.462	0.644	1.0	0.9995901155158834
MTHFR	113.0	-0.1	0.14	-0.763	0.446	1.0	0.9995901155158834
MTHFS	28.9	0.32	0.32	1.02	0.308	1.0	0.9995901155158834
MTHFSD	32.1	0.02	0.21	0.0949	0.924	1.0	0.9995901155158834
MTIF2	399.0	0.05	0.09	0.584	0.559	1.0	0.9995901155158834
MTIF3	214.0	-0.19	0.12	-1.67	0.0943	1.0	0.9995901155158834
MTLN	3.89	0.2	0.65	0.304	0.761	1.0	0.9995901155158834
MTM1	161.0	0.17	0.11	1.55	0.122	1.0	0.9995901155158834
MTMR1	154.0	0.09	0.11	0.801	0.423	1.0	0.9995901155158834
MTMR10	151.0	-0.09	0.12	-0.777	0.437	1.0	0.9995901155158834
MTMR11	6.05	0.55	0.56	0.99	0.322	1.0	0.9995901155158834
MTMR12	741.0	-0.03	0.11	-0.245	0.807	1.0	0.9995901155158834
MTMR14	560.0	0.01	0.08	0.162	0.872	1.0	0.9995901155158834
MTMR2	579.0	-0.06	0.07	-0.805	0.421	1.0	0.9995901155158834
MTMR3	358.0	-0.11	0.11	-0.982	0.326	1.0	0.9995901155158834
MTMR4	218.0	0.11	0.11	1.04	0.298	1.0	0.9995901155158834
MTMR6	599.0	0.04	0.09	0.503	0.615	1.0	0.9995901155158834
MTMR7	5.12	-0.41	0.53	-0.772	0.44	1.0	0.9995901155158834
MTMR8	17.4	-0.18	0.28	-0.629	0.529	1.0	0.9995901155158834
MTMR9	430.0	0.07	0.09	0.821	0.412	1.0	0.9995901155158834
MTO1	185.0	-0.04	0.1	-0.394	0.693	1.0	0.9995901155158834
MTOR	473.0	0.03	0.11	0.305	0.76	1.0	0.9995901155158834
MTPAP	79.8	-0.05	0.16	-0.296	0.767	1.0	0.9995901155158834
MTPN	912.0	0.04	0.09	0.46	0.646	1.0	0.9995901155158834
MTR	1050.0	0.04	0.1	0.428	0.668	1.0	0.9995901155158834
MTRES1	567.0	0.03	0.1	0.275	0.784	1.0	0.9995901155158834
MTREX	774.0	0.01	0.08	0.173	0.862	1.0	0.9995901155158834
MTRF1	56.3	-0.12	0.17	-0.687	0.492	1.0	0.9995901155158834
MTRF1L	852.0	-0.17	0.14	-1.23	0.217	1.0	0.9995901155158834
MTRFR	64.6	0.01	0.21	0.0306	0.976	1.0	0.9995901155158834
MTRNR2L1	80.9	0.05	0.16	0.334	0.738	1.0	0.9995901155158834
MTRNR2L10	11.7	0.31	0.38	0.82	0.412	1.0	0.9995901155158834
MTRNR2L2	715.0	-0.01	0.13	-0.102	0.918	1.0	0.9995901155158834
MTRNR2L3	1.34	-1.21	1.3	-0.928	0.353	1.0	0.9995901155158834
MTRNR2L4	1.91	-1.48	1.0	-1.48	0.14	1.0	0.9995901155158834
MTRNR2L5	1.69	-0.02	0.96	-0.0178	0.986	1.0	0.9995901155158834
MTRNR2L6	8.14	0.44	0.45	0.973	0.331	1.0	0.9995901155158834
MTRNR2L8	422.0	0.13	0.11	1.1	0.273	1.0	0.9995901155158834
MTRNR2L9	73.0	-0.2	0.22	-0.92	0.357	1.0	0.9995901155158834
MTRR	136.0	-0.09	0.12	-0.721	0.471	1.0	0.9995901155158834
MTSS1	921.0	0.05	0.08	0.667	0.505	1.0	0.9995901155158834
MTSS2	228.0	0.0	0.1	0.0189	0.985	1.0	0.9995901155158834
MTTP	0.411	0.83	2.0	0.413	0.68	1.0	0.9995901155158834
MTURN	203.0	0.09	0.12	0.726	0.468	1.0	0.9995901155158834
MTUS1	1140.0	0.04	0.11	0.396	0.692	1.0	0.9995901155158834
MTUS2	40.1	0.09	0.28	0.33	0.742	1.0	0.9995901155158834
MTX1	62.5	-0.0	0.22	-0.00318	0.997	1.0	0.9995901155158834
MTX2	163.0	0.04	0.14	0.314	0.754	1.0	0.9995901155158834
MTX3	251.0	0.0	0.13	0.0328	0.974	1.0	0.9995901155158834
MUC1	1.31	1.64	1.24	1.33	0.184	1.0	0.9995901155158834
MUC12	1.38	-0.63	1.14	-0.551	0.582	1.0	0.9995901155158834
MUC19	0.671	-1.84	1.63	-1.12	0.261	1.0	0.9995901155158834
MUC20	1.56	1.97	1.1	1.79	0.0741	1.0	0.9995901155158834
MUC21	0.647	-1.11	1.59	-0.699	0.485	1.0	0.9995901155158834
MUC3A	0.953	-1.55	1.19	-1.29	0.196	1.0	0.9995901155158834
MUC4	1.28	1.43	1.31	1.09	0.274	1.0	0.9995901155158834
MUC6	15.4	0.5	0.52	0.972	0.331	1.0	0.9995901155158834
MUCL3	0.517	1.12	1.88	0.597	0.55	1.0	0.9995901155158834
MUL1	318.0	0.08	0.11	0.76	0.447	1.0	0.9995901155158834
MUS81	131.0	-0.22	0.15	-1.47	0.142	1.0	0.9995901155158834
MUSK	0.843	-0.44	1.34	-0.329	0.742	1.0	0.9995901155158834
MUTYH	63.8	0.04	0.16	0.267	0.789	1.0	0.9995901155158834
MVB12A	109.0	-0.05	0.16	-0.32	0.749	1.0	0.9995901155158834
MVB12B	86.4	-0.03	0.12	-0.254	0.8	1.0	0.9995901155158834
MVD	534.0	0.06	0.12	0.487	0.626	1.0	0.9995901155158834
MVK	92.1	-0.01	0.13	-0.107	0.915	1.0	0.9995901155158834
MVP	25.6	-0.04	0.27	-0.157	0.875	1.0	0.9995901155158834
MX1	12.9	0.61	0.44	1.37	0.171	1.0	0.9995901155158834
MX2	2.78	0.03	0.81	0.0426	0.966	1.0	0.9995901155158834
MXD1	27.8	-0.05	0.22	-0.249	0.804	1.0	0.9995901155158834
MXD3	11.8	-0.45	0.44	-1.02	0.308	1.0	0.9995901155158834
MXD4	235.0	0.05	0.11	0.433	0.665	1.0	0.9995901155158834
MXI1	49.7	0.17	0.18	0.943	0.346	1.0	0.9995901155158834
MXRA5	8.02	-0.1	0.38	-0.269	0.788	1.0	0.9995901155158834
MXRA7	855.0	-0.11	0.08	-1.28	0.201	1.0	0.9995901155158834
MXRA8	8.14	-0.61	0.42	-1.46	0.144	1.0	0.9995901155158834
MYADM	1150.0	0.02	0.12	0.15	0.88	1.0	0.9995901155158834
MYB	163.0	-0.0	0.13	-0.00963	0.992	1.0	0.9995901155158834
MYBBP1A	315.0	-0.0	0.1	-0.0174	0.986	1.0	0.9995901155158834
MYBL1	54.7	0.2	0.22	0.911	0.362	1.0	0.9995901155158834
MYBL2	100.0	-0.31	0.16	-1.97	0.0492	1.0	0.9995901155158834
MYBPC2	1.07	-0.04	1.16	-0.0334	0.973	1.0	0.9995901155158834
MYC	86.8	0.27	0.19	1.43	0.152	1.0	0.9995901155158834
MYCBP	123.0	0.18	0.13	1.35	0.177	1.0	0.9995901155158834
MYCBP2	996.0	-0.06	0.2	-0.308	0.758	1.0	0.9995901155158834
MYCL	59.5	0.0	0.16	0.0281	0.978	1.0	0.9995901155158834
MYCN	37.6	-0.24	0.21	-1.15	0.251	1.0	0.9995901155158834
MYCT1	1210.0	-0.01	0.11	-0.129	0.897	1.0	0.9995901155158834
MYD88	93.9	0.09	0.12	0.776	0.438	1.0	0.9995901155158834
MYDGF	400.0	-0.17	0.16	-1.05	0.292	1.0	0.9995901155158834
MYEF2	579.0	0.03	0.09	0.306	0.76	1.0	0.9995901155158834
MYF6	12.3	0.58	0.51	1.14	0.253	1.0	0.9995901155158834
MYG1	90.5	0.04	0.13	0.335	0.738	1.0	0.9995901155158834
MYH10	4740.0	-0.05	0.13	-0.416	0.677	1.0	0.9995901155158834
MYH11	4.35	1.0	0.54	1.83	0.0667	1.0	0.9995901155158834
MYH13	6.97	-0.46	0.52	-0.881	0.379	1.0	0.9995901155158834
MYH14	86.6	-0.15	0.15	-0.973	0.331	1.0	0.9995901155158834
MYH3	11.5	-0.04	0.36	-0.118	0.906	1.0	0.9995901155158834
MYH6	2.97	-1.37	0.8	-1.71	0.0866	1.0	0.9995901155158834
MYH7	21.5	0.09	0.34	0.274	0.784	1.0	0.9995901155158834
MYH7B	1.67	-1.63	0.94	-1.72	0.0847	1.0	0.9995901155158834
MYH9	24000.0	-0.08	0.12	-0.668	0.504	1.0	0.9995901155158834
MYL10	0.451	0.63	2.0	0.317	0.752	1.0	0.9995901155158834
MYL12A	4850.0	-0.09	0.1	-0.858	0.391	1.0	0.9995901155158834
MYL12B	2580.0	-0.06	0.1	-0.554	0.58	1.0	0.9995901155158834
MYL4	3.14	0.86	0.71	1.22	0.224	1.0	0.9995901155158834
MYL5	14.1	-0.39	0.32	-1.22	0.224	1.0	0.9995901155158834
MYL6	21600.0	-0.03	0.09	-0.369	0.712	1.0	0.9995901155158834
MYL6B	255.0	-0.01	0.1	-0.137	0.891	1.0	0.9995901155158834
MYL9	263.0	0.08	0.13	0.593	0.553	1.0	0.9995901155158834
MYLIP	390.0	0.08	0.09	0.925	0.355	1.0	0.9995901155158834
MYLK	246.0	-0.01	0.1	-0.113	0.91	1.0	0.9995901155158834
MYLK2	0.731	-1.1	1.65	-0.667	0.505	1.0	0.9995901155158834
MYLK3	6.73	1.2	0.58	2.09	0.0369	1.0	0.9995901155158834
MYLK4	17.7	0.16	0.34	0.484	0.629	1.0	0.9995901155158834
MYNN	142.0	-0.05	0.11	-0.457	0.648	1.0	0.9995901155158834
MYO10	3820.0	-0.07	0.11	-0.645	0.519	1.0	0.9995901155158834
MYO15B	69.4	0.15	0.22	0.692	0.489	1.0	0.9995901155158834
MYO16	0.862	-1.73	1.31	-1.31	0.189	1.0	0.9995901155158834
MYO18A	1180.0	-0.08	0.15	-0.549	0.583	1.0	0.9995901155158834
MYO18B	3.34	0.33	0.61	0.542	0.588	1.0	0.9995901155158834
MYO19	58.2	-0.11	0.24	-0.449	0.653	1.0	0.9995901155158834
MYO1B	643.0	0.1	0.09	1.1	0.273	1.0	0.9995901155158834
MYO1C	1460.0	-0.02	0.08	-0.25	0.803	1.0	0.9995901155158834
MYO1D	161.0	-0.09	0.14	-0.685	0.494	1.0	0.9995901155158834
MYO1E	669.0	-0.06	0.1	-0.544	0.586	1.0	0.9995901155158834
MYO1F	11.3	0.02	0.32	0.0519	0.959	1.0	0.9995901155158834
MYO1H	1.08	0.52	1.16	0.447	0.655	1.0	0.9995901155158834
MYO3A	33.6	-0.04	0.21	-0.213	0.831	1.0	0.9995901155158834
MYO3B	3.5	-1.1	0.75	-1.48	0.138	1.0	0.9995901155158834
MYO5A	648.0	0.09	0.09	1.0	0.317	1.0	0.9995901155158834
MYO5B	8.84	0.15	0.35	0.434	0.665	1.0	0.9995901155158834
MYO5C	41.0	-0.06	0.26	-0.241	0.81	1.0	0.9995901155158834
MYO6	1450.0	-0.11	0.08	-1.31	0.19	1.0	0.9995901155158834
MYO7A	155.0	-0.01	0.15	-0.055	0.956	1.0	0.9995901155158834
MYO7B	2.41	0.63	0.91	0.693	0.488	1.0	0.9995901155158834
MYO9A	481.0	0.08	0.1	0.741	0.459	1.0	0.9995901155158834
MYO9B	711.0	-0.05	0.09	-0.59	0.555	1.0	0.9995901155158834
MYOCD	1.95	-0.87	1.1	-0.785	0.433	1.0	0.9995901155158834
MYOF	831.0	-0.01	0.1	-0.0991	0.921	1.0	0.9995901155158834
MYOG	4.82	1.14	0.51	2.23	0.0257	1.0	0.9995901155158834
MYOM1	7.71	0.42	0.42	0.992	0.321	1.0	0.9995901155158834
MYOM2	9.48	-0.06	0.38	-0.168	0.867	1.0	0.9995901155158834
MYOM3	0.671	0.06	1.38	0.0408	0.967	1.0	0.9995901155158834
MYORG	525.0	-0.0	0.11	-0.0187	0.985	1.0	0.9995901155158834
MYOZ1	0.653	-0.91	1.73	-0.524	0.6	1.0	0.9995901155158834
MYOZ2	10.5	-0.11	0.41	-0.274	0.784	1.0	0.9995901155158834
MYOZ3	87.5	0.05	0.17	0.312	0.755	1.0	0.9995901155158834
MYPOP	12.4	0.42	0.35	1.18	0.238	1.0	0.9995901155158834
MYRF	102.0	0.04	0.14	0.263	0.792	1.0	0.9995901155158834
MYRIP	1.16	0.29	1.32	0.217	0.828	1.0	0.9995901155158834
MYSM1	419.0	0.11	0.12	0.983	0.326	1.0	0.9995901155158834
MYT1	0.897	0.65	1.32	0.493	0.622	1.0	0.9995901155158834
MYZAP	290.0	-0.14	0.16	-0.883	0.377	1.0	0.9995901155158834
MZF1	9.73	0.05	0.52	0.0968	0.923	1.0	0.9995901155158834
MZT1	276.0	0.08	0.12	0.629	0.529	1.0	0.9995901155158834
MZT2A	30.3	0.15	0.24	0.631	0.528	1.0	0.9995901155158834
MZT2B	64.9	-0.08	0.17	-0.487	0.626	1.0	0.9995901155158834
N4BP1	202.0	-0.02	0.09	-0.254	0.8	1.0	0.9995901155158834
N4BP2	693.0	-0.02	0.1	-0.259	0.796	1.0	0.9995901155158834
N4BP2L1	36.1	0.02	0.22	0.103	0.918	1.0	0.9995901155158834
N4BP2L2	414.0	-0.02	0.09	-0.2	0.841	1.0	0.9995901155158834
N4BP3	90.1	0.07	0.12	0.559	0.576	1.0	0.9995901155158834
N6AMT1	174.0	0.11	0.1	1.13	0.26	1.0	0.9995901155158834
NAA10	196.0	0.06	0.11	0.535	0.593	1.0	0.9995901155158834
NAA15	1130.0	0.07	0.09	0.805	0.421	1.0	0.9995901155158834
NAA16	176.0	0.06	0.11	0.573	0.567	1.0	0.9995901155158834
NAA20	478.0	-0.05	0.06	-0.808	0.419	1.0	0.9995901155158834
NAA25	313.0	0.04	0.11	0.397	0.692	1.0	0.9995901155158834
NAA30	903.0	0.06	0.1	0.63	0.529	1.0	0.9995901155158834
NAA35	335.0	0.07	0.09	0.862	0.389	1.0	0.9995901155158834
NAA38	97.2	-0.07	0.18	-0.391	0.696	1.0	0.9995901155158834
NAA40	463.0	0.01	0.07	0.129	0.897	1.0	0.9995901155158834
NAA50	1890.0	0.06	0.09	0.652	0.514	1.0	0.9995901155158834
NAA60	135.0	-0.03	0.14	-0.21	0.834	1.0	0.9995901155158834
NAA80	4.31	0.96	0.62	1.57	0.117	1.0	0.9995901155158834
NAAA	26.8	-0.36	0.22	-1.67	0.0953	1.0	0.9995901155158834
NAALAD2	243.0	-0.03	0.12	-0.293	0.77	1.0	0.9995901155158834
NAALADL2	15.9	-0.12	0.33	-0.369	0.712	1.0	0.9995901155158834
NAB1	641.0	0.09	0.08	1.16	0.246	1.0	0.9995901155158834
NAB2	77.0	-0.34	0.18	-1.88	0.0598	1.0	0.9995901155158834
NABP1	220.0	0.08	0.12	0.669	0.504	1.0	0.9995901155158834
NABP2	41.1	0.22	0.2	1.08	0.282	1.0	0.9995901155158834
NACA	2130.0	0.0	0.08	0.0378	0.97	1.0	0.9995901155158834
NACAD	20.4	-0.06	0.26	-0.225	0.822	1.0	0.9995901155158834
NACC1	299.0	-0.05	0.08	-0.581	0.561	1.0	0.9995901155158834
NACC2	585.0	0.05	0.08	0.598	0.55	1.0	0.9995901155158834
NADK	525.0	0.17	0.07	2.41	0.0162	1.0	0.9995901155158834
NADK2	297.0	0.08	0.1	0.795	0.427	1.0	0.9995901155158834
NADSYN1	148.0	-0.02	0.12	-0.165	0.869	1.0	0.9995901155158834
NAE1	510.0	0.02	0.09	0.223	0.823	1.0	0.9995901155158834
NAF1	108.0	0.11	0.14	0.813	0.416	1.0	0.9995901155158834
NAGA	79.0	0.06	0.16	0.39	0.697	1.0	0.9995901155158834
NAGK	353.0	0.01	0.11	0.0596	0.952	1.0	0.9995901155158834
NAGLU	75.3	-0.13	0.2	-0.667	0.505	1.0	0.9995901155158834
NAGPA	58.8	-0.04	0.18	-0.236	0.813	1.0	0.9995901155158834
NAIF1	156.0	0.32	0.14	2.34	0.0193	1.0	0.9995901155158834
NAIP	32.6	0.17	0.25	0.685	0.493	1.0	0.9995901155158834
NALCN	0.566	0.27	1.64	0.167	0.868	1.0	0.9995901155158834
NALF1	463.0	0.11	0.09	1.23	0.217	1.0	0.9995901155158834
NALF2	6.38	-0.19	0.6	-0.324	0.746	1.0	0.9995901155158834
NAMPT	1240.0	-0.05	0.07	-0.668	0.504	1.0	0.9995901155158834
NANOG	3.47	0.38	0.67	0.565	0.572	1.0	0.9995901155158834
NANOGNB	0.584	-0.63	1.63	-0.385	0.7	1.0	0.9995901155158834
NANOS1	35.9	-0.03	0.2	-0.139	0.89	1.0	0.9995901155158834
NANOS3	0.58	-0.05	1.62	-0.0302	0.976	1.0	0.9995901155158834
NANP	100.0	0.12	0.16	0.773	0.439	1.0	0.9995901155158834
NANS	285.0	0.06	0.09	0.731	0.465	1.0	0.9995901155158834
NAP1L1	10700.0	0.03	0.06	0.427	0.67	1.0	0.9995901155158834
NAP1L2	191.0	-0.06	0.12	-0.538	0.591	1.0	0.9995901155158834
NAP1L3	129.0	0.0	0.14	0.00431	0.997	1.0	0.9995901155158834
NAP1L4	2220.0	-0.03	0.06	-0.53	0.596	1.0	0.9995901155158834
NAP1L5	37.7	-0.08	0.19	-0.418	0.676	1.0	0.9995901155158834
NAPA	242.0	-0.03	0.17	-0.168	0.866	1.0	0.9995901155158834
NAPB	212.0	0.15	0.09	1.61	0.108	1.0	0.9995901155158834
NAPEPLD	70.4	0.13	0.14	0.876	0.381	1.0	0.9995901155158834
NAPG	284.0	-0.04	0.1	-0.363	0.717	1.0	0.9995901155158834
NAPRT	63.2	0.12	0.21	0.591	0.554	1.0	0.9995901155158834
NARF	167.0	-0.06	0.14	-0.419	0.675	1.0	0.9995901155158834
NARS1	1820.0	-0.04	0.06	-0.595	0.552	1.0	0.9995901155158834
NARS2	136.0	-0.09	0.12	-0.713	0.476	1.0	0.9995901155158834
NASP	2630.0	-0.05	0.09	-0.508	0.612	1.0	0.9995901155158834
NAT1	45.3	0.08	0.2	0.409	0.683	1.0	0.9995901155158834
NAT10	447.0	-0.03	0.11	-0.227	0.82	1.0	0.9995901155158834
NAT14	34.0	-0.32	0.24	-1.33	0.183	1.0	0.9995901155158834
NAT2	2.35	0.25	0.77	0.327	0.744	1.0	0.9995901155158834
NAT8	1.26	-1.98	1.23	-1.6	0.109	1.0	0.9995901155158834
NAT8L	16.0	-0.23	0.3	-0.769	0.442	1.0	0.9995901155158834
NAT9	112.0	-0.21	0.14	-1.46	0.144	1.0	0.9995901155158834
NATD1	70.2	0.21	0.17	1.29	0.196	1.0	0.9995901155158834
NAV1	535.0	0.12	0.08	1.57	0.115	1.0	0.9995901155158834
NAV2	172.0	0.23	0.18	1.26	0.208	1.0	0.9995901155158834
NAV3	31.1	-0.06	0.27	-0.206	0.837	1.0	0.9995901155158834
NAXD	177.0	-0.01	0.13	-0.0917	0.927	1.0	0.9995901155158834
NAXE	245.0	-0.01	0.13	-0.0805	0.936	1.0	0.9995901155158834
NBAS	286.0	-0.05	0.12	-0.446	0.655	1.0	0.9995901155158834
NBDY	59.1	0.1	0.18	0.555	0.579	1.0	0.9995901155158834
NBEA	194.0	0.09	0.15	0.565	0.572	1.0	0.9995901155158834
NBEAL1	125.0	0.24	0.2	1.21	0.226	1.0	0.9995901155158834
NBEAL2	235.0	0.07	0.13	0.549	0.583	1.0	0.9995901155158834
NBL1	2.94	0.09	0.89	0.0959	0.924	1.0	0.9995901155158834
NBN	623.0	0.04	0.07	0.549	0.583	1.0	0.9995901155158834
NBPF1	278.0	-0.18	0.13	-1.42	0.156	1.0	0.9995901155158834
NBPF10	66.0	-0.81	0.65	-1.25	0.213	1.0	0.9995901155158834
NBPF11	167.0	-0.09	0.17	-0.546	0.585	1.0	0.9995901155158834
NBPF12	117.0	-0.34	0.18	-1.86	0.0635	1.0	0.9995901155158834
NBPF14	67.5	0.27	0.25	1.09	0.276	1.0	0.9995901155158834
NBPF15	313.0	0.06	0.1	0.617	0.537	1.0	0.9995901155158834
NBPF19	96.9	0.2	0.31	0.652	0.514	1.0	0.9995901155158834
NBPF20	113.0	0.18	0.5	0.363	0.717	1.0	0.9995901155158834
NBPF26	116.0	-0.09	0.17	-0.54	0.589	1.0	0.9995901155158834
NBPF3	112.0	0.01	0.14	0.0536	0.957	1.0	0.9995901155158834
NBPF4	3.1	-2.01	0.91	-2.2	0.0276	1.0	0.9995901155158834
NBPF6	1.56	0.77	1.25	0.618	0.537	1.0	0.9995901155158834
NBPF8	96.2	-0.05	0.22	-0.222	0.824	1.0	0.9995901155158834
NBPF9	202.0	0.04	0.13	0.279	0.78	1.0	0.9995901155158834
NBR1	807.0	0.01	0.08	0.166	0.868	1.0	0.9995901155158834
NCALD	51.9	0.23	0.18	1.28	0.2	1.0	0.9995901155158834
NCAM1	121.0	0.04	0.16	0.242	0.809	1.0	0.9995901155158834
NCAM2	71.5	-0.09	0.18	-0.504	0.614	1.0	0.9995901155158834
NCAPD2	214.0	0.11	0.11	0.989	0.323	1.0	0.9995901155158834
NCAPD3	235.0	-0.07	0.11	-0.629	0.529	1.0	0.9995901155158834
NCAPG	173.0	-0.0	0.1	-0.0303	0.976	1.0	0.9995901155158834
NCAPG2	392.0	-0.06	0.1	-0.563	0.573	1.0	0.9995901155158834
NCAPH	63.5	-0.07	0.16	-0.425	0.671	1.0	0.9995901155158834
NCAPH2	214.0	-0.03	0.19	-0.153	0.878	1.0	0.9995901155158834
NCBP1	611.0	0.09	0.08	1.17	0.243	1.0	0.9995901155158834
NCBP2	1430.0	0.01	0.08	0.0714	0.943	1.0	0.9995901155158834
NCBP2AS2	72.4	-0.08	0.2	-0.433	0.665	1.0	0.9995901155158834
NCBP3	780.0	0.07	0.07	0.994	0.32	1.0	0.9995901155158834
NCCRP1	1.12	1.53	1.53	1.0	0.317	1.0	0.9995901155158834
NCDN	101.0	0.11	0.14	0.748	0.454	1.0	0.9995901155158834
NCEH1	96.0	0.01	0.18	0.0742	0.941	1.0	0.9995901155158834
NCK1	438.0	0.06	0.11	0.52	0.603	1.0	0.9995901155158834
NCK2	583.0	-0.04	0.09	-0.441	0.659	1.0	0.9995901155158834
NCKAP1	1630.0	-0.03	0.06	-0.509	0.611	1.0	0.9995901155158834
NCKAP1L	12.5	0.07	0.37	0.175	0.861	1.0	0.9995901155158834
NCKAP5	114.0	0.0	0.21	0.0127	0.99	1.0	0.9995901155158834
NCKAP5L	140.0	0.17	0.15	1.08	0.281	1.0	0.9995901155158834
NCKIPSD	34.4	-0.26	0.2	-1.34	0.181	1.0	0.9995901155158834
NCL	25100.0	0.01	0.12	0.0555	0.956	1.0	0.9995901155158834
NCLN	339.0	0.07	0.13	0.534	0.593	1.0	0.9995901155158834
NCMAP	3.01	-0.52	0.74	-0.697	0.486	1.0	0.9995901155158834
NCOA1	418.0	0.17	0.1	1.67	0.0959	1.0	0.9995901155158834
NCOA2	347.0	0.08	0.12	0.735	0.462	1.0	0.9995901155158834
NCOA3	621.0	0.13	0.11	1.23	0.22	1.0	0.9995901155158834
NCOA4	1600.0	-0.05	0.05	-0.894	0.371	1.0	0.9995901155158834
NCOA5	521.0	-0.04	0.09	-0.492	0.623	1.0	0.9995901155158834
NCOA6	377.0	-0.03	0.13	-0.253	0.8	1.0	0.9995901155158834
NCOA7	273.0	0.04	0.14	0.324	0.746	1.0	0.9995901155158834
NCOR1	1340.0	-0.02	0.09	-0.177	0.86	1.0	0.9995901155158834
NCOR2	763.0	-0.01	0.14	-0.0372	0.97	1.0	0.9995901155158834
NCR3LG1	24.5	-0.38	0.24	-1.6	0.109	1.0	0.9995901155158834
NCS1	333.0	0.12	0.16	0.733	0.463	1.0	0.9995901155158834
NCSTN	877.0	-0.09	0.12	-0.742	0.458	1.0	0.9995901155158834
ND1	1720.0	-0.04	0.2	-0.223	0.823	1.0	0.9995901155158834
ND2	3660.0	-0.06	0.19	-0.302	0.763	1.0	0.9995901155158834
ND3	463.0	0.05	0.15	0.3	0.764	1.0	0.9995901155158834
ND4	3730.0	0.03	0.23	0.139	0.889	1.0	0.9995901155158834
ND4L	440.0	-0.04	0.27	-0.132	0.895	1.0	0.9995901155158834
ND5	4300.0	0.05	0.23	0.199	0.842	1.0	0.9995901155158834
ND6	2990.0	0.04	0.21	0.176	0.86	1.0	0.9995901155158834
NDC1	338.0	0.08	0.12	0.703	0.482	1.0	0.9995901155158834
NDC80	97.6	-0.19	0.15	-1.21	0.225	1.0	0.9995901155158834
NDE1	90.4	-0.12	0.15	-0.779	0.436	1.0	0.9995901155158834
NDEL1	607.0	0.0	0.08	0.0575	0.954	1.0	0.9995901155158834
NDFIP1	1070.0	0.06	0.1	0.591	0.555	1.0	0.9995901155158834
NDFIP2	265.0	0.09	0.1	0.96	0.337	1.0	0.9995901155158834
NDN	280.0	0.23	0.12	1.99	0.0462	1.0	0.9995901155158834
NDNF	3.47	-0.56	0.76	-0.74	0.459	1.0	0.9995901155158834
NDOR1	58.0	0.24	0.18	1.35	0.178	1.0	0.9995901155158834
NDRG1	108.0	0.01	0.22	0.0392	0.969	1.0	0.9995901155158834
NDRG2	79.9	-0.27	0.21	-1.3	0.195	1.0	0.9995901155158834
NDRG3	209.0	0.05	0.11	0.421	0.674	1.0	0.9995901155158834
NDRG4	121.0	-0.09	0.15	-0.608	0.543	1.0	0.9995901155158834
NDST1	1460.0	-0.01	0.06	-0.175	0.861	1.0	0.9995901155158834
NDST2	71.1	0.09	0.16	0.55	0.583	1.0	0.9995901155158834
NDST3	24.7	0.2	0.3	0.661	0.509	1.0	0.9995901155158834
NDUFA1	448.0	-0.12	0.13	-0.914	0.361	1.0	0.9995901155158834
NDUFA10	345.0	-0.01	0.1	-0.0518	0.959	1.0	0.9995901155158834
NDUFA11	126.0	-0.02	0.23	-0.0768	0.939	1.0	0.9995901155158834
NDUFA12	1030.0	0.0	0.14	0.00246	0.998	1.0	0.9995901155158834
NDUFA13	415.0	0.03	0.09	0.328	0.743	1.0	0.9995901155158834
NDUFA2	70.8	-0.09	0.17	-0.502	0.615	1.0	0.9995901155158834
NDUFA3	30.7	0.19	0.22	0.832	0.406	1.0	0.9995901155158834
NDUFA4	234.0	-0.03	0.1	-0.328	0.743	1.0	0.9995901155158834
NDUFA5	768.0	-0.05	0.07	-0.724	0.469	1.0	0.9995901155158834
NDUFA6	287.0	-0.15	0.09	-1.59	0.112	1.0	0.9995901155158834
NDUFA7	40.7	-0.2	0.23	-0.849	0.396	1.0	0.9995901155158834
NDUFA8	128.0	-0.05	0.13	-0.401	0.689	1.0	0.9995901155158834
NDUFA9	268.0	-0.07	0.1	-0.724	0.469	1.0	0.9995901155158834
NDUFAB1	182.0	-0.21	0.14	-1.46	0.145	1.0	0.9995901155158834
NDUFAF1	200.0	-0.1	0.12	-0.896	0.37	1.0	0.9995901155158834
NDUFAF2	162.0	0.02	0.16	0.103	0.918	1.0	0.9995901155158834
NDUFAF3	104.0	0.16	0.18	0.865	0.387	1.0	0.9995901155158834
NDUFAF4	278.0	0.0	0.11	0.0304	0.976	1.0	0.9995901155158834
NDUFAF5	89.5	0.08	0.16	0.476	0.634	1.0	0.9995901155158834
NDUFAF6	89.3	-0.21	0.14	-1.52	0.129	1.0	0.9995901155158834
NDUFAF7	101.0	0.02	0.18	0.0854	0.932	1.0	0.9995901155158834
NDUFAF8	247.0	-0.01	0.17	-0.04	0.968	1.0	0.9995901155158834
NDUFB1	144.0	-0.05	0.15	-0.3	0.764	1.0	0.9995901155158834
NDUFB10	417.0	-0.2	0.11	-1.76	0.0778	1.0	0.9995901155158834
NDUFB11	269.0	-0.13	0.16	-0.783	0.433	1.0	0.9995901155158834
NDUFB2	274.0	-0.05	0.11	-0.424	0.671	1.0	0.9995901155158834
NDUFB3	325.0	-0.08	0.12	-0.698	0.485	1.0	0.9995901155158834
NDUFB4	65.4	-0.31	0.15	-1.99	0.047	1.0	0.9995901155158834
NDUFB5	389.0	0.03	0.08	0.311	0.756	1.0	0.9995901155158834
NDUFB6	160.0	-0.02	0.12	-0.153	0.878	1.0	0.9995901155158834
NDUFB7	175.0	-0.1	0.14	-0.704	0.482	1.0	0.9995901155158834
NDUFB8	973.0	-0.09	0.1	-0.855	0.392	1.0	0.9995901155158834
NDUFB9	311.0	0.1	0.09	1.11	0.269	1.0	0.9995901155158834
NDUFC1	269.0	-0.04	0.23	-0.172	0.864	1.0	0.9995901155158834
NDUFC2	1130.0	0.08	0.11	0.663	0.507	1.0	0.9995901155158834
NDUFC2-KCTD14	438.0	-0.09	0.6	-0.153	0.878	1.0	0.9995901155158834
NDUFS1	1300.0	-0.02	0.06	-0.358	0.721	1.0	0.9995901155158834
NDUFS2	814.0	-0.04	0.09	-0.414	0.679	1.0	0.9995901155158834
NDUFS3	193.0	-0.16	0.13	-1.29	0.196	1.0	0.9995901155158834
NDUFS4	355.0	-0.07	0.1	-0.675	0.5	1.0	0.9995901155158834
NDUFS5	907.0	-0.02	0.12	-0.214	0.831	1.0	0.9995901155158834
NDUFS6	868.0	-0.16	0.11	-1.45	0.146	1.0	0.9995901155158834
NDUFS7	98.2	0.17	0.23	0.776	0.438	1.0	0.9995901155158834
NDUFS8	104.0	-0.14	0.21	-0.651	0.515	1.0	0.9995901155158834
NDUFV1	391.0	-0.07	0.12	-0.617	0.537	1.0	0.9995901155158834
NDUFV2	524.0	-0.09	0.11	-0.766	0.444	1.0	0.9995901155158834
NDUFV3	331.0	-0.04	0.12	-0.297	0.766	1.0	0.9995901155158834
NEB	3.95	-0.07	0.63	-0.109	0.913	1.0	0.9995901155158834
NEBL	23.3	0.11	0.27	0.405	0.685	1.0	0.9995901155158834
NECAB1	11.9	0.32	0.39	0.836	0.403	1.0	0.9995901155158834
NECAB2	0.991	0.08	1.29	0.0652	0.948	1.0	0.9995901155158834
NECAB3	17.8	-0.17	0.33	-0.522	0.602	1.0	0.9995901155158834
NECAP1	147.0	-0.1	0.12	-0.819	0.413	1.0	0.9995901155158834
NECAP2	1100.0	-0.02	0.08	-0.222	0.824	1.0	0.9995901155158834
NECTIN1	149.0	0.18	0.13	1.36	0.172	1.0	0.9995901155158834
NECTIN2	894.0	-0.1	0.14	-0.714	0.475	1.0	0.9995901155158834
NECTIN3	304.0	0.09	0.11	0.798	0.425	1.0	0.9995901155158834
NECTIN4	2.18	0.43	0.83	0.515	0.607	1.0	0.9995901155158834
NEDD1	592.0	-0.02	0.06	-0.289	0.773	1.0	0.9995901155158834
NEDD4	954.0	0.0	0.08	0.0165	0.987	1.0	0.9995901155158834
NEDD4L	149.0	-0.02	0.13	-0.173	0.862	1.0	0.9995901155158834
NEDD8	978.0	-0.14	0.12	-1.13	0.258	1.0	0.9995901155158834
NEDD8-MDP1	77.4	-0.12	0.45	-0.265	0.791	1.0	0.9995901155158834
NEDD9	237.0	0.13	0.12	1.1	0.27	1.0	0.9995901155158834
NEFH	173.0	-0.06	0.11	-0.512	0.609	1.0	0.9995901155158834
NEFL	15.2	-0.31	0.36	-0.869	0.385	1.0	0.9995901155158834
NEFM	45.0	-0.12	0.42	-0.282	0.778	1.0	0.9995901155158834
NEGR1	67.4	-0.17	0.19	-0.885	0.376	1.0	0.9995901155158834
NEIL1	25.3	0.17	0.31	0.557	0.578	1.0	0.9995901155158834
NEIL2	285.0	0.11	0.11	1.01	0.311	1.0	0.9995901155158834
NEIL3	27.8	-0.11	0.23	-0.491	0.623	1.0	0.9995901155158834
NEK1	353.0	0.1	0.12	0.831	0.406	1.0	0.9995901155158834
NEK10	5.42	0.17	0.58	0.295	0.768	1.0	0.9995901155158834
NEK11	41.9	-0.39	0.16	-2.39	0.0167	1.0	0.9995901155158834
NEK2	57.5	-0.25	0.17	-1.47	0.142	1.0	0.9995901155158834
NEK3	341.0	-0.05	0.09	-0.545	0.586	1.0	0.9995901155158834
NEK4	108.0	0.12	0.14	0.872	0.383	1.0	0.9995901155158834
NEK5	14.5	0.41	0.35	1.17	0.243	1.0	0.9995901155158834
NEK6	368.0	-0.03	0.11	-0.248	0.804	1.0	0.9995901155158834
NEK7	252.0	0.18	0.13	1.38	0.168	1.0	0.9995901155158834
NEK8	8.29	0.65	0.37	1.75	0.0803	1.0	0.9995901155158834
NEK9	566.0	0.06	0.1	0.636	0.525	1.0	0.9995901155158834
NELFA	118.0	0.01	0.15	0.0456	0.964	1.0	0.9995901155158834
NELFB	273.0	-0.08	0.11	-0.754	0.451	1.0	0.9995901155158834
NELFCD	239.0	-0.09	0.09	-0.982	0.326	1.0	0.9995901155158834
NELFE	276.0	-0.07	0.11	-0.619	0.536	1.0	0.9995901155158834
NELL2	2.07	0.54	0.86	0.628	0.53	1.0	0.9995901155158834
NEMF	1220.0	0.0	0.09	0.0195	0.984	1.0	0.9995901155158834
NEMP1	230.0	0.02	0.13	0.165	0.869	1.0	0.9995901155158834
NEMP2	149.0	0.03	0.14	0.222	0.824	1.0	0.9995901155158834
NENF	42.8	-0.03	0.22	-0.13	0.897	1.0	0.9995901155158834
NEO1	818.0	0.06	0.12	0.534	0.593	1.0	0.9995901155158834
NEPRO	278.0	0.01	0.1	0.0874	0.93	1.0	0.9995901155158834
NES	6310.0	-0.04	0.12	-0.301	0.763	1.0	0.9995901155158834
NET1	428.0	0.18	0.14	1.27	0.205	1.0	0.9995901155158834
NETO1	46.0	0.15	0.3	0.49	0.624	1.0	0.9995901155158834
NETO2	498.0	0.01	0.08	0.176	0.86	1.0	0.9995901155158834
NEU1	573.0	0.02	0.16	0.138	0.89	1.0	0.9995901155158834
NEU3	83.2	-0.06	0.17	-0.362	0.718	1.0	0.9995901155158834
NEURL1	1.49	-0.31	1.0	-0.311	0.756	1.0	0.9995901155158834
NEURL1B	6.59	-0.31	0.58	-0.526	0.599	1.0	0.9995901155158834
NEURL3	0.694	1.77	1.33	1.33	0.183	1.0	0.9995901155158834
NEURL4	133.0	0.21	0.14	1.46	0.144	1.0	0.9995901155158834
NEXMIF	5.59	-0.25	0.54	-0.468	0.64	1.0	0.9995901155158834
NEXN	432.0	-0.04	0.1	-0.43	0.668	1.0	0.9995901155158834
NF1	335.0	0.13	0.12	1.1	0.272	1.0	0.9995901155158834
NF2	385.0	0.01	0.1	0.109	0.913	1.0	0.9995901155158834
NFAM1	1.11	0.27	1.19	0.225	0.822	1.0	0.9995901155158834
NFASC	1.72	-0.21	1.33	-0.16	0.873	1.0	0.9995901155158834
NFAT5	726.0	0.12	0.15	0.817	0.414	1.0	0.9995901155158834
NFATC1	70.2	-0.0	0.16	-0.0267	0.979	1.0	0.9995901155158834
NFATC2	15.1	0.07	0.38	0.187	0.852	1.0	0.9995901155158834
NFATC2IP	244.0	0.08	0.1	0.793	0.428	1.0	0.9995901155158834
NFATC3	322.0	-0.02	0.11	-0.212	0.832	1.0	0.9995901155158834
NFATC4	23.5	0.14	0.29	0.475	0.634	1.0	0.9995901155158834
NFE2	0.791	0.46	1.31	0.353	0.724	1.0	0.9995901155158834
NFE2L1	4650.0	0.02	0.07	0.259	0.795	1.0	0.9995901155158834
NFE2L2	295.0	-0.06	0.09	-0.669	0.504	1.0	0.9995901155158834
NFE2L3	212.0	0.02	0.12	0.139	0.89	1.0	0.9995901155158834
NFIA	20.4	0.15	0.31	0.463	0.643	1.0	0.9995901155158834
NFIB	501.0	0.09	0.12	0.752	0.452	1.0	0.9995901155158834
NFIC	50.2	-0.11	0.21	-0.514	0.607	1.0	0.9995901155158834
NFIL3	80.4	-0.1	0.17	-0.569	0.569	1.0	0.9995901155158834
NFILZ	1.98	0.05	1.01	0.0487	0.961	1.0	0.9995901155158834
NFIX	2.69	0.51	0.87	0.59	0.556	1.0	0.9995901155158834
NFKB1	326.0	-0.03	0.1	-0.353	0.724	1.0	0.9995901155158834
NFKB2	485.0	0.14	0.15	0.888	0.375	1.0	0.9995901155158834
NFKBIA	420.0	0.06	0.12	0.511	0.609	1.0	0.9995901155158834
NFKBIB	71.4	-0.09	0.18	-0.521	0.602	1.0	0.9995901155158834
NFKBID	2.26	0.65	0.81	0.808	0.419	1.0	0.9995901155158834
NFKBIE	167.0	0.15	0.11	1.33	0.184	1.0	0.9995901155158834
NFKBIL1	68.1	-0.44	0.18	-2.51	0.0121	1.0	0.9995901155158834
NFKBIZ	78.8	0.13	0.13	0.965	0.334	1.0	0.9995901155158834
NFRKB	152.0	-0.02	0.12	-0.209	0.834	1.0	0.9995901155158834
NFS1	56.5	-0.13	0.18	-0.708	0.479	1.0	0.9995901155158834
NFU1	211.0	0.05	0.1	0.46	0.645	1.0	0.9995901155158834
NFX1	295.0	-0.06	0.1	-0.642	0.521	1.0	0.9995901155158834
NFXL1	114.0	-0.13	0.11	-1.19	0.235	1.0	0.9995901155158834
NFYA	932.0	0.05	0.11	0.483	0.629	1.0	0.9995901155158834
NFYB	409.0	-0.01	0.09	-0.0929	0.926	1.0	0.9995901155158834
NFYC	209.0	0.09	0.1	0.884	0.377	1.0	0.9995901155158834
NGDN	318.0	-0.1	0.11	-0.868	0.386	1.0	0.9995901155158834
NGEF	1.42	-1.36	1.13	-1.2	0.229	1.0	0.9995901155158834
NGFR	19.2	0.26	0.37	0.711	0.477	1.0	0.9995901155158834
NGLY1	430.0	0.08	0.07	1.03	0.305	1.0	0.9995901155158834
NGRN	728.0	-0.13	0.09	-1.47	0.141	1.0	0.9995901155158834
NHEJ1	117.0	0.1	0.14	0.704	0.481	1.0	0.9995901155158834
NHLH2	12.8	0.34	0.31	1.09	0.275	1.0	0.9995901155158834
NHLRC1	6.56	-1.49	0.54	-2.77	0.00555	1.0	0.9995901155158834
NHLRC2	275.0	0.19	0.14	1.34	0.179	1.0	0.9995901155158834
NHLRC3	215.0	0.09	0.12	0.758	0.448	1.0	0.9995901155158834
NHLRC4	1.12	0.81	1.34	0.605	0.545	1.0	0.9995901155158834
NHP2	297.0	-0.23	0.11	-2.01	0.0449	1.0	0.9995901155158834
NHS	67.5	0.12	0.18	0.67	0.503	1.0	0.9995901155158834
NHSL1	540.0	0.04	0.07	0.62	0.536	1.0	0.9995901155158834
NHSL2	624.0	0.1	0.13	0.758	0.448	1.0	0.9995901155158834
NIBAN1	48.4	0.11	0.2	0.536	0.592	1.0	0.9995901155158834
NIBAN2	2440.0	0.01	0.09	0.152	0.879	1.0	0.9995901155158834
NIBAN3	3.85	0.25	0.55	0.446	0.656	1.0	0.9995901155158834
NICN1	68.2	-0.2	0.14	-1.42	0.155	1.0	0.9995901155158834
NID1	5980.0	-0.05	0.06	-0.94	0.347	1.0	0.9995901155158834
NID2	258.0	-0.08	0.1	-0.826	0.409	1.0	0.9995901155158834
NIF3L1	104.0	0.21	0.13	1.59	0.111	1.0	0.9995901155158834
NIFK	511.0	0.05	0.1	0.459	0.646	1.0	0.9995901155158834
NIM1K	0.422	-0.36	2.01	-0.18	0.857	1.0	0.9995901155158834
NIN	1330.0	-0.02	0.15	-0.134	0.893	1.0	0.9995901155158834
NINJ1	17.5	0.05	0.34	0.136	0.892	1.0	0.9995901155158834
NINJ2	5.82	0.67	0.56	1.19	0.236	1.0	0.9995901155158834
NINL	369.0	-0.08	0.13	-0.563	0.573	1.0	0.9995901155158834
NIP7	468.0	0.11	0.11	1.01	0.311	1.0	0.9995901155158834
NIPA1	296.0	0.08	0.11	0.734	0.463	1.0	0.9995901155158834
NIPA2	567.0	-0.07	0.09	-0.805	0.421	1.0	0.9995901155158834
NIPAL1	11.6	0.16	0.33	0.499	0.618	1.0	0.9995901155158834
NIPAL2	91.4	-0.02	0.14	-0.115	0.908	1.0	0.9995901155158834
NIPAL3	91.4	-0.29	0.15	-1.93	0.0538	1.0	0.9995901155158834
NIPAL4	0.486	-1.76	1.54	-1.14	0.253	1.0	0.9995901155158834
NIPBL	929.0	0.01	0.12	0.0614	0.951	1.0	0.9995901155158834
NIPSNAP1	226.0	-0.0	0.12	-0.0317	0.975	1.0	0.9995901155158834
NIPSNAP2	464.0	0.08	0.09	0.885	0.376	1.0	0.9995901155158834
NIPSNAP3A	300.0	-0.0	0.12	-0.0172	0.986	1.0	0.9995901155158834
NIPSNAP3B	18.7	0.01	0.31	0.0432	0.966	1.0	0.9995901155158834
NISCH	392.0	-0.08	0.11	-0.741	0.459	1.0	0.9995901155158834
NIT1	36.2	-0.16	0.22	-0.751	0.453	1.0	0.9995901155158834
NIT2	54.5	0.1	0.19	0.552	0.581	1.0	0.9995901155158834
NKAIN1	4.18	0.95	0.63	1.52	0.129	1.0	0.9995901155158834
NKAIN2	5.95	0.31	0.54	0.582	0.56	1.0	0.9995901155158834
NKAIN3	118.0	0.28	0.23	1.22	0.224	1.0	0.9995901155158834
NKAP	221.0	-0.06	0.11	-0.509	0.611	1.0	0.9995901155158834
NKAPD1	584.0	0.04	0.1	0.38	0.704	1.0	0.9995901155158834
NKD1	13.6	-0.42	0.46	-0.91	0.363	1.0	0.9995901155158834
NKD2	5.12	0.21	0.68	0.306	0.76	1.0	0.9995901155158834
NKIRAS1	130.0	-0.05	0.15	-0.374	0.708	1.0	0.9995901155158834
NKIRAS2	432.0	-0.08	0.11	-0.759	0.448	1.0	0.9995901155158834
NKPD1	1.39	0.04	1.2	0.0317	0.975	1.0	0.9995901155158834
NKRF	158.0	-0.0	0.11	-0.0444	0.965	1.0	0.9995901155158834
NKTR	626.0	0.03	0.13	0.236	0.814	1.0	0.9995901155158834
NKX2-1	2.76	0.7	0.65	1.08	0.28	1.0	0.9995901155158834
NKX2-3	11.0	0.1	0.46	0.213	0.831	1.0	0.9995901155158834
NKX2-5	0.977	0.84	1.35	0.618	0.536	1.0	0.9995901155158834
NKX3-1	4.43	-0.46	0.63	-0.734	0.463	1.0	0.9995901155158834
NKX3-2	1.7	1.24	1.04	1.19	0.233	1.0	0.9995901155158834
NLE1	53.3	0.35	0.21	1.68	0.0922	1.0	0.9995901155158834
NLGN1	73.4	-0.1	0.15	-0.669	0.504	1.0	0.9995901155158834
NLGN2	79.8	-0.03	0.18	-0.181	0.857	1.0	0.9995901155158834
NLGN3	6.78	0.41	0.46	0.88	0.379	1.0	0.9995901155158834
NLGN4X	550.0	0.04	0.12	0.344	0.731	1.0	0.9995901155158834
NLK	369.0	0.02	0.11	0.144	0.885	1.0	0.9995901155158834
NLN	827.0	0.01	0.07	0.172	0.864	1.0	0.9995901155158834
NLRC3	59.8	0.11	0.18	0.654	0.513	1.0	0.9995901155158834
NLRC4	0.833	0.66	1.38	0.478	0.633	1.0	0.9995901155158834
NLRC5	1.25	0.57	1.07	0.537	0.591	1.0	0.9995901155158834
NLRP1	92.0	-0.26	0.16	-1.62	0.105	1.0	0.9995901155158834
NLRP10	1.7	2.22	1.03	2.16	0.0311	1.0	0.9995901155158834
NLRP11	0.87	-0.75	1.33	-0.567	0.571	1.0	0.9995901155158834
NLRP12	2.58	-0.1	0.72	-0.14	0.889	1.0	0.9995901155158834
NLRP14	1.76	-2.48	1.1	-2.25	0.0243	1.0	0.9995901155158834
NLRP3	4.32	-0.23	0.59	-0.391	0.695	1.0	0.9995901155158834
NLRX1	60.5	0.14	0.17	0.815	0.415	1.0	0.9995901155158834
NMB	1.81	-0.36	1.23	-0.289	0.772	1.0	0.9995901155158834
NMD3	607.0	-0.05	0.09	-0.597	0.551	1.0	0.9995901155158834
NME1	147.0	-0.14	0.17	-0.858	0.391	1.0	0.9995901155158834
NME1-NME2	622.0	0.08	0.13	0.609	0.543	1.0	0.9995901155158834
NME2	405.0	-0.07	0.15	-0.502	0.616	1.0	0.9995901155158834
NME3	16.8	0.01	0.32	0.0178	0.986	1.0	0.9995901155158834
NME4	241.0	-0.11	0.11	-0.985	0.325	1.0	0.9995901155158834
NME5	2.47	0.49	0.85	0.577	0.564	1.0	0.9995901155158834
NME6	105.0	0.05	0.15	0.364	0.716	1.0	0.9995901155158834
NME7	196.0	0.03	0.11	0.231	0.817	1.0	0.9995901155158834
NME9	6.43	-0.02	0.6	-0.0336	0.973	1.0	0.9995901155158834
NMI	134.0	0.06	0.13	0.473	0.636	1.0	0.9995901155158834
NMNAT1	210.0	0.04	0.15	0.286	0.775	1.0	0.9995901155158834
NMNAT2	77.5	-0.14	0.13	-1.03	0.304	1.0	0.9995901155158834
NMNAT3	1.9	-2.01	0.92	-2.17	0.0301	1.0	0.9995901155158834
NMRAL1	157.0	0.04	0.11	0.308	0.758	1.0	0.9995901155158834
NMRK1	67.1	-0.14	0.22	-0.654	0.513	1.0	0.9995901155158834
NMT1	825.0	-0.01	0.07	-0.14	0.888	1.0	0.9995901155158834
NMT2	229.0	-0.11	0.18	-0.594	0.553	1.0	0.9995901155158834
NMU	0.728	-1.15	1.58	-0.728	0.466	1.0	0.9995901155158834
NMUR1	1.87	0.76	1.09	0.697	0.486	1.0	0.9995901155158834
NNAT	59.9	-0.06	0.17	-0.338	0.735	1.0	0.9995901155158834
NNMT	3.07	1.4	0.92	1.53	0.127	1.0	0.9995901155158834
NNT	806.0	-0.01	0.08	-0.0978	0.922	1.0	0.9995901155158834
NOA1	67.2	-0.11	0.16	-0.715	0.475	1.0	0.9995901155158834
NOB1	162.0	-0.16	0.11	-1.48	0.14	1.0	0.9995901155158834
NOC2L	795.0	-0.06	0.09	-0.687	0.492	1.0	0.9995901155158834
NOC3L	222.0	0.11	0.1	1.11	0.267	1.0	0.9995901155158834
NOC4L	47.3	-0.6	0.2	-2.98	0.00285	1.0	0.9995901155158834
NOCT	41.2	0.16	0.21	0.776	0.438	1.0	0.9995901155158834
NOD1	170.0	-0.09	0.12	-0.771	0.441	1.0	0.9995901155158834
NOG	15.6	0.0	0.3	0.00698	0.994	1.0	0.9995901155158834
NOL10	427.0	0.0	0.09	0.0106	0.992	1.0	0.9995901155158834
NOL11	409.0	-0.18	0.09	-2.01	0.0446	1.0	0.9995901155158834
NOL12	119.0	0.14	0.12	1.19	0.235	1.0	0.9995901155158834
NOL3	4.59	0.7	0.56	1.26	0.209	1.0	0.9995901155158834
NOL4	16.0	-0.17	0.35	-0.482	0.63	1.0	0.9995901155158834
NOL4L	603.0	0.15	0.08	1.86	0.0629	1.0	0.9995901155158834
NOL6	189.0	0.04	0.12	0.377	0.706	1.0	0.9995901155158834
NOL7	619.0	-0.16	0.13	-1.24	0.216	1.0	0.9995901155158834
NOL8	731.0	0.01	0.07	0.192	0.848	1.0	0.9995901155158834
NOL9	270.0	0.13	0.11	1.21	0.228	1.0	0.9995901155158834
NOLC1	986.0	0.02	0.08	0.2	0.842	1.0	0.9995901155158834
NOM1	327.0	0.08	0.14	0.532	0.595	1.0	0.9995901155158834
NOMO1	1310.0	-0.07	0.08	-0.898	0.369	1.0	0.9995901155158834
NOMO2	1150.0	0.01	0.08	0.112	0.911	1.0	0.9995901155158834
NOMO3	104.0	-0.12	0.52	-0.237	0.813	1.0	0.9995901155158834
NONO	5610.0	-0.09	0.08	-1.21	0.226	1.0	0.9995901155158834
NOP10	106.0	-0.04	0.17	-0.209	0.835	1.0	0.9995901155158834
NOP14	800.0	-0.05	0.09	-0.62	0.536	1.0	0.9995901155158834
NOP16	261.0	0.08	0.11	0.737	0.461	1.0	0.9995901155158834
NOP2	343.0	0.05	0.09	0.514	0.607	1.0	0.9995901155158834
NOP53	580.0	0.07	0.11	0.595	0.552	1.0	0.9995901155158834
NOP56	1040.0	0.08	0.11	0.773	0.44	1.0	0.9995901155158834
NOP58	905.0	-0.01	0.1	-0.0886	0.929	1.0	0.9995901155158834
NOP9	452.0	0.21	0.14	1.56	0.119	1.0	0.9995901155158834
NOPCHAP1	345.0	0.34	0.16	2.08	0.0371	1.0	0.9995901155158834
NOS1	3.49	-0.19	0.55	-0.344	0.731	1.0	0.9995901155158834
NOS1AP	49.6	-0.01	0.19	-0.0778	0.938	1.0	0.9995901155158834
NOS2	1.39	2.05	1.21	1.69	0.0907	1.0	0.9995901155158834
NOS3	399.0	-0.11	0.11	-0.934	0.35	1.0	0.9995901155158834
NOSIP	250.0	-0.09	0.1	-0.921	0.357	1.0	0.9995901155158834
NOSTRIN	96.8	0.04	0.18	0.231	0.817	1.0	0.9995901155158834
NOTCH1	2290.0	0.01	0.09	0.116	0.907	1.0	0.9995901155158834
NOTCH2	385.0	0.09	0.1	0.835	0.404	1.0	0.9995901155158834
NOTCH2NLA	17.0	-1.24	0.4	-3.06	0.00222	1.0	0.9995901155158834
NOTCH2NLB	58.6	0.14	0.27	0.532	0.594	1.0	0.9995901155158834
NOTCH2NLC	36.8	0.24	0.32	0.74	0.459	1.0	0.9995901155158834
NOTCH3	348.0	-0.0	0.12	-0.0144	0.989	1.0	0.9995901155158834
NOTCH4	650.0	0.01	0.12	0.0505	0.96	1.0	0.9995901155158834
NOTO	0.845	-1.04	1.36	-0.764	0.445	1.0	0.9995901155158834
NOVA1	82.4	0.15	0.19	0.785	0.432	1.0	0.9995901155158834
NOVA2	243.0	0.02	0.12	0.166	0.868	1.0	0.9995901155158834
NOX4	32.3	-0.06	0.26	-0.237	0.812	1.0	0.9995901155158834
NOXA1	0.977	2.03	1.33	1.53	0.125	1.0	0.9995901155158834
NOXRED1	3.76	0.75	0.62	1.2	0.231	1.0	0.9995901155158834
NPAP1	10.5	-0.04	0.41	-0.094	0.925	1.0	0.9995901155158834
NPAS1	9.66	-0.31	0.36	-0.863	0.388	1.0	0.9995901155158834
NPAS2	50.3	-0.38	0.15	-2.51	0.0121	1.0	0.9995901155158834
NPAS3	7.38	0.42	0.41	1.02	0.309	1.0	0.9995901155158834
NPAT	66.7	0.17	0.18	0.914	0.361	1.0	0.9995901155158834
NPBWR1	10.3	-0.59	0.37	-1.61	0.108	1.0	0.9995901155158834
NPC1	221.0	-0.03	0.12	-0.278	0.781	1.0	0.9995901155158834
NPC2	932.0	0.05	0.08	0.684	0.494	1.0	0.9995901155158834
NPDC1	67.4	-0.03	0.22	-0.15	0.881	1.0	0.9995901155158834
NPEPL1	151.0	-0.02	0.14	-0.126	0.9	1.0	0.9995901155158834
NPEPPS	947.0	0.08	0.08	1.12	0.264	1.0	0.9995901155158834
NPFF	0.736	-0.25	1.42	-0.179	0.858	1.0	0.9995901155158834
NPFFR1	5.47	-0.36	0.55	-0.651	0.515	1.0	0.9995901155158834
NPFFR2	14.8	-0.23	0.33	-0.71	0.478	1.0	0.9995901155158834
NPHP1	32.0	-0.0	0.25	-0.00967	0.992	1.0	0.9995901155158834
NPHP3	446.0	-0.08	0.09	-0.967	0.334	1.0	0.9995901155158834
NPHP4	45.0	0.08	0.18	0.476	0.634	1.0	0.9995901155158834
NPHS1	1.21	-0.24	1.26	-0.192	0.848	1.0	0.9995901155158834
NPIPA1	346.0	-0.07	0.17	-0.436	0.663	1.0	0.9995901155158834
NPIPA2	19.4	-0.02	1.08	-0.0173	0.986	1.0	0.9995901155158834
NPIPA3	2.31	0.75	2.94	0.254	0.799	1.0	0.9995901155158834
NPIPA5	380.0	-0.01	0.17	-0.051	0.959	1.0	0.9995901155158834
NPIPA7	43.4	0.82	0.8	1.02	0.309	1.0	0.9995901155158834
NPIPA8	33.8	0.76	0.27	2.8	0.00505	1.0	0.9995901155158834
NPIPB11	54.6	0.29	0.3	0.968	0.333	1.0	0.9995901155158834
NPIPB13	75.2	0.35	0.59	0.581	0.561	1.0	0.9995901155158834
NPIPB15	58.9	0.3	0.25	1.2	0.229	1.0	0.9995901155158834
NPIPB2	3.93	-0.26	0.57	-0.454	0.65	1.0	0.9995901155158834
NPIPB3	264.0	-0.36	0.38	-0.948	0.343	1.0	0.9995901155158834
NPIPB4	505.0	0.02	0.23	0.0797	0.936	1.0	0.9995901155158834
NPIPB5	244.0	0.22	0.17	1.26	0.206	1.0	0.9995901155158834
NPIPB6	0.77	-0.61	1.8	-0.338	0.735	1.0	0.9995901155158834
NPIPB9	8.79	1.18	0.44	2.67	0.00756	1.0	0.9995901155158834
NPL	71.1	0.1	0.16	0.605	0.545	1.0	0.9995901155158834
NPLOC4	337.0	-0.05	0.1	-0.491	0.623	1.0	0.9995901155158834
NPM1	13900.0	0.03	0.07	0.391	0.695	1.0	0.9995901155158834
NPM2	11.9	0.24	0.33	0.733	0.463	1.0	0.9995901155158834
NPM3	177.0	-0.06	0.14	-0.458	0.647	1.0	0.9995901155158834
NPNT	0.503	-1.65	2.09	-0.787	0.431	1.0	0.9995901155158834
NPPC	51.4	0.0	0.18	0.00614	0.995	1.0	0.9995901155158834
NPR1	602.0	-0.03	0.1	-0.3	0.764	1.0	0.9995901155158834
NPR2	108.0	0.02	0.14	0.14	0.889	1.0	0.9995901155158834
NPR3	7050.0	-0.03	0.12	-0.246	0.805	1.0	0.9995901155158834
NPRL2	16.9	-0.16	0.29	-0.566	0.571	1.0	0.9995901155158834
NPRL3	50.6	-0.04	0.2	-0.216	0.829	1.0	0.9995901155158834
NPTN	869.0	-0.04	0.11	-0.355	0.723	1.0	0.9995901155158834
NPTX1	2.76	0.54	0.63	0.864	0.388	1.0	0.9995901155158834
NPTX2	32.1	0.02	0.22	0.0979	0.922	1.0	0.9995901155158834
NPTXR	5.66	0.56	0.56	1.01	0.311	1.0	0.9995901155158834
NPY1R	33.8	-0.1	0.2	-0.484	0.629	1.0	0.9995901155158834
NPY5R	30.7	-0.06	0.2	-0.279	0.781	1.0	0.9995901155158834
NQO1	348.0	0.06	0.13	0.438	0.661	1.0	0.9995901155158834
NQO2	63.8	-0.02	0.19	-0.104	0.917	1.0	0.9995901155158834
NR1D1	8.64	-0.29	0.42	-0.688	0.492	1.0	0.9995901155158834
NR1D2	162.0	0.14	0.11	1.35	0.177	1.0	0.9995901155158834
NR1H2	131.0	-0.05	0.12	-0.39	0.696	1.0	0.9995901155158834
NR1H3	42.2	-0.03	0.22	-0.118	0.906	1.0	0.9995901155158834
NR1I3	2.02	1.82	1.03	1.76	0.0779	1.0	0.9995901155158834
NR2C1	165.0	0.1	0.12	0.807	0.42	1.0	0.9995901155158834
NR2C2	246.0	0.01	0.12	0.108	0.914	1.0	0.9995901155158834
NR2C2AP	25.3	-0.06	0.29	-0.203	0.839	1.0	0.9995901155158834
NR2F1	140.0	-0.04	0.12	-0.355	0.722	1.0	0.9995901155158834
NR2F2	115.0	0.26	0.21	1.26	0.207	1.0	0.9995901155158834
NR2F6	89.8	0.29	0.16	1.84	0.0665	1.0	0.9995901155158834
NR3C1	1180.0	0.06	0.1	0.61	0.542	1.0	0.9995901155158834
NR3C2	6.0	0.56	0.49	1.15	0.25	1.0	0.9995901155158834
NR4A1	6.93	0.5	0.67	0.739	0.46	1.0	0.9995901155158834
NR4A2	2.57	-0.01	0.64	-0.0181	0.986	1.0	0.9995901155158834
NR4A3	2.36	0.77	0.94	0.819	0.413	1.0	0.9995901155158834
NR5A1	0.834	0.05	1.42	0.0344	0.973	1.0	0.9995901155158834
NR5A2	449.0	0.04	0.08	0.532	0.595	1.0	0.9995901155158834
NR6A1	365.0	0.13	0.08	1.64	0.101	1.0	0.9995901155158834
NRARP	1300.0	0.13	0.12	1.11	0.267	1.0	0.9995901155158834
NRAS	2200.0	0.05	0.09	0.592	0.554	1.0	0.9995901155158834
NRBF2	183.0	-0.09	0.12	-0.784	0.433	1.0	0.9995901155158834
NRBP1	1010.0	-0.15	0.08	-1.86	0.0633	1.0	0.9995901155158834
NRBP2	10.8	-0.14	0.36	-0.38	0.704	1.0	0.9995901155158834
NRCAM	1190.0	-0.01	0.07	-0.12	0.904	1.0	0.9995901155158834
NRDC	1080.0	-0.09	0.09	-1.0	0.315	1.0	0.9995901155158834
NRDE2	160.0	-0.04	0.12	-0.36	0.719	1.0	0.9995901155158834
NREP	2340.0	0.04	0.12	0.343	0.731	1.0	0.9995901155158834
NRF1	140.0	-0.0	0.14	-0.0253	0.98	1.0	0.9995901155158834
NRG1	288.0	0.16	0.16	1.01	0.314	1.0	0.9995901155158834
NRG2	2.81	0.75	0.72	1.05	0.293	1.0	0.9995901155158834
NRG3	68.1	0.15	0.13	1.16	0.245	1.0	0.9995901155158834
NRG4	0.725	0.76	1.8	0.421	0.674	1.0	0.9995901155158834
NRGN	97.3	-0.23	0.19	-1.25	0.213	1.0	0.9995901155158834
NRIP1	571.0	0.03	0.08	0.303	0.762	1.0	0.9995901155158834
NRIP2	7.76	0.21	0.48	0.444	0.657	1.0	0.9995901155158834
NRIP3	44.3	0.01	0.32	0.0286	0.977	1.0	0.9995901155158834
NRK	45.4	-0.01	0.21	-0.0342	0.973	1.0	0.9995901155158834
NRL	5.38	-0.83	0.58	-1.42	0.154	1.0	0.9995901155158834
NRM	44.6	-0.14	0.22	-0.654	0.513	1.0	0.9995901155158834
NRN1	84.7	-0.01	0.14	-0.0357	0.972	1.0	0.9995901155158834
NRP1	6870.0	-0.07	0.12	-0.578	0.563	1.0	0.9995901155158834
NRP2	3290.0	-0.06	0.07	-0.817	0.414	1.0	0.9995901155158834
NRROS	124.0	-0.06	0.19	-0.333	0.739	1.0	0.9995901155158834
NRSN1	30.2	0.45	0.3	1.51	0.132	1.0	0.9995901155158834
NRSN2	141.0	0.02	0.12	0.21	0.834	1.0	0.9995901155158834
NRXN1	32.8	0.34	0.29	1.17	0.241	1.0	0.9995901155158834
NRXN2	3.37	-0.21	0.66	-0.311	0.756	1.0	0.9995901155158834
NRXN3	2.06	-0.44	0.77	-0.567	0.57	1.0	0.9995901155158834
NSA2	534.0	-0.07	0.12	-0.594	0.553	1.0	0.9995901155158834
NSD1	1390.0	-0.02	0.11	-0.175	0.861	1.0	0.9995901155158834
NSD2	716.0	-0.04	0.08	-0.46	0.646	1.0	0.9995901155158834
NSD3	985.0	-0.1	0.08	-1.21	0.226	1.0	0.9995901155158834
NSDHL	145.0	-0.16	0.11	-1.4	0.163	1.0	0.9995901155158834
NSF	286.0	-0.02	0.1	-0.236	0.814	1.0	0.9995901155158834
NSFL1C	1070.0	-0.16	0.08	-1.99	0.0461	1.0	0.9995901155158834
NSG1	1.53	1.89	0.93	2.05	0.0408	1.0	0.9995901155158834
NSL1	163.0	0.03	0.17	0.151	0.88	1.0	0.9995901155158834
NSMAF	271.0	-0.16	0.1	-1.66	0.0969	1.0	0.9995901155158834
NSMCE1	91.7	-0.13	0.14	-0.926	0.354	1.0	0.9995901155158834
NSMCE2	183.0	0.06	0.13	0.415	0.679	1.0	0.9995901155158834
NSMCE3	454.0	0.1	0.11	0.93	0.353	1.0	0.9995901155158834
NSMCE4A	129.0	-0.02	0.12	-0.156	0.876	1.0	0.9995901155158834
NSMF	98.2	-0.21	0.19	-1.11	0.265	1.0	0.9995901155158834
NSRP1	1070.0	-0.1	0.11	-0.871	0.384	1.0	0.9995901155158834
NSUN2	1800.0	0.14	0.07	1.95	0.0515	1.0	0.9995901155158834
NSUN3	105.0	-0.0	0.12	-0.0153	0.988	1.0	0.9995901155158834
NSUN4	144.0	0.18	0.15	1.18	0.24	1.0	0.9995901155158834
NSUN5	149.0	-0.02	0.15	-0.123	0.902	1.0	0.9995901155158834
NSUN6	88.4	-0.03	0.13	-0.201	0.841	1.0	0.9995901155158834
NSUN7	11.5	-0.19	0.4	-0.477	0.633	1.0	0.9995901155158834
NT5C	82.1	-0.13	0.15	-0.858	0.391	1.0	0.9995901155158834
NT5C1A	6.49	0.32	0.63	0.502	0.615	1.0	0.9995901155158834
NT5C2	910.0	0.0	0.07	0.0175	0.986	1.0	0.9995901155158834
NT5C3A	175.0	0.08	0.15	0.519	0.604	1.0	0.9995901155158834
NT5C3B	153.0	0.07	0.13	0.515	0.606	1.0	0.9995901155158834
NT5DC1	165.0	0.08	0.11	0.682	0.495	1.0	0.9995901155158834
NT5DC2	775.0	-0.09	0.1	-0.881	0.379	1.0	0.9995901155158834
NT5DC3	59.9	0.24	0.23	1.07	0.287	1.0	0.9995901155158834
NT5E	1070.0	-0.01	0.08	-0.152	0.879	1.0	0.9995901155158834
NT5M	3.28	-1.47	0.72	-2.04	0.0417	1.0	0.9995901155158834
NTAN1	137.0	0.15	0.13	1.17	0.244	1.0	0.9995901155158834
NTAQ1	82.7	0.06	0.16	0.385	0.7	1.0	0.9995901155158834
NTHL1	114.0	-0.1	0.12	-0.884	0.377	1.0	0.9995901155158834
NTM	50.3	-0.3	0.21	-1.47	0.142	1.0	0.9995901155158834
NTMT1	124.0	-0.17	0.15	-1.1	0.273	1.0	0.9995901155158834
NTN1	1.84	1.09	0.91	1.19	0.234	1.0	0.9995901155158834
NTN4	79.0	0.0	0.19	0.0197	0.984	1.0	0.9995901155158834
NTNG1	46.2	0.09	0.22	0.403	0.687	1.0	0.9995901155158834
NTNG2	2.48	1.03	0.82	1.25	0.213	1.0	0.9995901155158834
NTPCR	240.0	0.05	0.09	0.497	0.619	1.0	0.9995901155158834
NTRK1	0.438	1.98	1.93	1.02	0.306	1.0	0.9995901155158834
NTRK2	132.0	-0.15	0.31	-0.494	0.622	1.0	0.9995901155158834
NTRK3	2.97	-0.21	0.88	-0.235	0.814	1.0	0.9995901155158834
NTS	144.0	0.19	0.11	1.73	0.0831	1.0	0.9995901155158834
NTSR1	0.674	-2.73	1.78	-1.53	0.125	1.0	0.9995901155158834
NUAK1	349.0	0.02	0.09	0.182	0.856	1.0	0.9995901155158834
NUAK2	36.8	0.03	0.25	0.124	0.901	1.0	0.9995901155158834
NUB1	400.0	0.05	0.12	0.406	0.684	1.0	0.9995901155158834
NUBP1	159.0	-0.11	0.11	-0.973	0.331	1.0	0.9995901155158834
NUBP2	190.0	0.02	0.16	0.125	0.901	1.0	0.9995901155158834
NUBPL	37.3	-0.06	0.19	-0.285	0.776	1.0	0.9995901155158834
NUCB1	1680.0	-0.16	0.11	-1.55	0.12	1.0	0.9995901155158834
NUCB2	648.0	-0.06	0.08	-0.673	0.501	1.0	0.9995901155158834
NUCKS1	3960.0	-0.0	0.07	-0.0216	0.983	1.0	0.9995901155158834
NUDC	2040.0	-0.04	0.11	-0.329	0.742	1.0	0.9995901155158834
NUDCD1	428.0	0.01	0.1	0.137	0.891	1.0	0.9995901155158834
NUDCD2	690.0	0.12	0.1	1.18	0.238	1.0	0.9995901155158834
NUDCD3	629.0	-0.01	0.08	-0.0716	0.943	1.0	0.9995901155158834
NUDT1	47.9	-0.1	0.18	-0.556	0.578	1.0	0.9995901155158834
NUDT10	91.4	-0.03	0.14	-0.231	0.817	1.0	0.9995901155158834
NUDT11	186.0	0.16	0.14	1.15	0.251	1.0	0.9995901155158834
NUDT12	89.2	-0.04	0.14	-0.292	0.771	1.0	0.9995901155158834
NUDT13	11.3	0.1	0.36	0.281	0.778	1.0	0.9995901155158834
NUDT14	208.0	-0.07	0.11	-0.648	0.517	1.0	0.9995901155158834
NUDT15	223.0	0.19	0.09	2.11	0.0347	1.0	0.9995901155158834
NUDT16	652.0	0.11	0.11	1.06	0.29	1.0	0.9995901155158834
NUDT16L1	81.7	-0.06	0.15	-0.389	0.697	1.0	0.9995901155158834
NUDT17	11.0	-0.27	0.5	-0.531	0.596	1.0	0.9995901155158834
NUDT18	24.3	-0.33	0.24	-1.38	0.168	1.0	0.9995901155158834
NUDT19	29.1	0.05	0.26	0.192	0.848	1.0	0.9995901155158834
NUDT2	33.1	-0.4	0.22	-1.81	0.0711	1.0	0.9995901155158834
NUDT21	1210.0	0.07	0.07	0.946	0.344	1.0	0.9995901155158834
NUDT22	20.0	-0.16	0.43	-0.371	0.711	1.0	0.9995901155158834
NUDT3	1690.0	0.02	0.06	0.325	0.745	1.0	0.9995901155158834
NUDT4	1130.0	0.14	0.11	1.24	0.213	1.0	0.9995901155158834
NUDT4B	5300.0	0.05	0.12	0.393	0.694	1.0	0.9995901155158834
NUDT5	308.0	0.0	0.1	0.0329	0.974	1.0	0.9995901155158834
NUDT6	22.9	0.16	0.27	0.606	0.545	1.0	0.9995901155158834
NUDT7	5.9	-0.09	0.48	-0.185	0.853	1.0	0.9995901155158834
NUDT8	11.5	-0.13	0.47	-0.281	0.779	1.0	0.9995901155158834
NUDT9	271.0	0.01	0.09	0.137	0.891	1.0	0.9995901155158834
NUF2	75.4	0.12	0.16	0.782	0.434	1.0	0.9995901155158834
NUFIP1	107.0	0.0	0.14	0.00747	0.994	1.0	0.9995901155158834
NUFIP2	1070.0	0.08	0.09	0.998	0.318	1.0	0.9995901155158834
NUGGC	11.9	0.14	0.41	0.343	0.732	1.0	0.9995901155158834
NUMA1	1510.0	-0.2	0.13	-1.55	0.121	1.0	0.9995901155158834
NUMB	1200.0	0.01	0.06	0.252	0.801	1.0	0.9995901155158834
NUMBL	28.6	0.12	0.29	0.413	0.68	1.0	0.9995901155158834
NUP107	579.0	0.05	0.07	0.645	0.519	1.0	0.9995901155158834
NUP133	568.0	0.08	0.07	1.18	0.239	1.0	0.9995901155158834
NUP153	371.0	-0.09	0.08	-1.21	0.225	1.0	0.9995901155158834
NUP155	339.0	-0.08	0.08	-0.993	0.321	1.0	0.9995901155158834
NUP160	659.0	-0.01	0.07	-0.135	0.892	1.0	0.9995901155158834
NUP188	332.0	-0.1	0.09	-1.13	0.26	1.0	0.9995901155158834
NUP205	665.0	-0.1	0.07	-1.46	0.145	1.0	0.9995901155158834
NUP210	19.7	-0.33	0.3	-1.09	0.275	1.0	0.9995901155158834
NUP210L	1.23	1.93	1.23	1.57	0.117	1.0	0.9995901155158834
NUP214	375.0	-0.03	0.11	-0.263	0.792	1.0	0.9995901155158834
NUP35	80.4	-0.04	0.17	-0.248	0.804	1.0	0.9995901155158834
NUP37	83.7	-0.09	0.13	-0.662	0.508	1.0	0.9995901155158834
NUP42	67.3	0.03	0.14	0.236	0.813	1.0	0.9995901155158834
NUP43	284.0	0.1	0.08	1.18	0.237	1.0	0.9995901155158834
NUP50	967.0	-0.02	0.08	-0.245	0.807	1.0	0.9995901155158834
NUP54	187.0	-0.14	0.11	-1.29	0.196	1.0	0.9995901155158834
NUP58	412.0	0.07	0.1	0.713	0.476	1.0	0.9995901155158834
NUP62	634.0	0.06	0.08	0.766	0.444	1.0	0.9995901155158834
NUP62CL	36.8	0.08	0.2	0.397	0.692	1.0	0.9995901155158834
NUP85	161.0	0.09	0.18	0.49	0.624	1.0	0.9995901155158834
NUP88	205.0	-0.14	0.1	-1.5	0.135	1.0	0.9995901155158834
NUP93	487.0	-0.07	0.08	-0.861	0.389	1.0	0.9995901155158834
NUP98	408.0	-0.04	0.08	-0.493	0.622	1.0	0.9995901155158834
NUPR1	9.88	0.71	0.47	1.52	0.129	1.0	0.9995901155158834
NUS1	706.0	0.03	0.08	0.405	0.686	1.0	0.9995901155158834
NUSAP1	73.0	-0.05	0.17	-0.261	0.794	1.0	0.9995901155158834
NUTF2	527.0	-0.03	0.13	-0.217	0.828	1.0	0.9995901155158834
NUTM2A	2.77	-2.15	1.67	-1.29	0.198	1.0	0.9995901155158834
NUTM2B	0.617	-2.59	3.02	-0.855	0.392	1.0	0.9995901155158834
NUTM2D	13.8	0.21	0.37	0.585	0.559	1.0	0.9995901155158834
NUTM2E	111.0	-0.04	0.12	-0.323	0.747	1.0	0.9995901155158834
NUTM2F	0.921	-0.98	2.59	-0.38	0.704	1.0	0.9995901155158834
NUTM2G	6.98	-0.39	0.5	-0.788	0.431	1.0	0.9995901155158834
NVL	285.0	-0.01	0.09	-0.102	0.919	1.0	0.9995901155158834
NWD1	1.01	0.03	1.19	0.0283	0.977	1.0	0.9995901155158834
NXF1	164.0	-0.04	0.13	-0.294	0.769	1.0	0.9995901155158834
NXF3	0.861	-0.4	1.42	-0.278	0.781	1.0	0.9995901155158834
NXN	504.0	0.11	0.08	1.52	0.128	1.0	0.9995901155158834
NXNL2	3.72	-0.56	0.67	-0.838	0.402	1.0	0.9995901155158834
NXPE1	0.449	0.53	1.97	0.267	0.79	1.0	0.9995901155158834
NXPE2	0.422	-0.33	2.03	-0.161	0.872	1.0	0.9995901155158834
NXPE3	577.0	0.12	0.08	1.49	0.136	1.0	0.9995901155158834
NXPH2	60.9	-0.15	0.15	-0.991	0.322	1.0	0.9995901155158834
NXPH3	1.37	1.56	1.05	1.48	0.138	1.0	0.9995901155158834
NXT1	90.6	-0.0	0.14	-0.0181	0.986	1.0	0.9995901155158834
NXT2	95.2	0.25	0.15	1.72	0.0858	1.0	0.9995901155158834
NYAP1	8.83	0.56	0.46	1.2	0.23	1.0	0.9995901155158834
NYAP2	3.19	-0.33	0.78	-0.424	0.672	1.0	0.9995901155158834
NYNRIN	239.0	-0.2	0.14	-1.4	0.163	1.0	0.9995901155158834
OAF	186.0	-0.13	0.17	-0.79	0.429	1.0	0.9995901155158834
OARD1	272.0	-0.1	0.11	-0.913	0.361	1.0	0.9995901155158834
OAS1	3.25	-0.18	0.84	-0.209	0.835	1.0	0.9995901155158834
OAS2	1.38	-0.4	1.04	-0.386	0.7	1.0	0.9995901155158834
OAS3	9.94	-0.17	0.37	-0.459	0.646	1.0	0.9995901155158834
OAT	345.0	-0.1	0.09	-1.12	0.264	1.0	0.9995901155158834
OAZ1	895.0	-0.02	0.15	-0.118	0.906	1.0	0.9995901155158834
OAZ2	929.0	-0.04	0.1	-0.36	0.719	1.0	0.9995901155158834
OAZ3	2.91	-0.31	0.73	-0.419	0.675	1.0	0.9995901155158834
OBI1	715.0	0.06	0.08	0.759	0.448	1.0	0.9995901155158834
OBP2A	0.607	-0.89	1.73	-0.515	0.606	1.0	0.9995901155158834
OBSCN	137.0	0.11	0.18	0.593	0.553	1.0	0.9995901155158834
OBSL1	135.0	-0.01	0.17	-0.0752	0.94	1.0	0.9995901155158834
OCEL1	10.4	-0.73	0.4	-1.81	0.07	1.0	0.9995901155158834
OCIAD1	409.0	0.0	0.1	0.00209	0.998	1.0	0.9995901155158834
OCIAD2	89.1	-0.06	0.13	-0.467	0.641	1.0	0.9995901155158834
OCLN	210.0	0.11	0.1	1.09	0.278	1.0	0.9995901155158834
OCRL	359.0	0.05	0.09	0.5	0.617	1.0	0.9995901155158834
ODAD1	1.99	-0.25	0.89	-0.277	0.782	1.0	0.9995901155158834
ODAD2	26.0	-0.03	0.23	-0.114	0.909	1.0	0.9995901155158834
ODAD3	1.98	-1.14	0.9	-1.27	0.205	1.0	0.9995901155158834
ODAD4	7.29	-0.45	0.5	-0.91	0.363	1.0	0.9995901155158834
ODAPH	0.621	-0.02	1.57	-0.00982	0.992	1.0	0.9995901155158834
ODC1	483.0	-0.02	0.12	-0.177	0.86	1.0	0.9995901155158834
ODF2	601.0	-0.09	0.13	-0.715	0.475	1.0	0.9995901155158834
ODF2L	280.0	-0.02	0.13	-0.118	0.906	1.0	0.9995901155158834
ODF3B	1.46	0.11	1.15	0.0938	0.925	1.0	0.9995901155158834
ODF3L2	0.546	-0.48	1.52	-0.315	0.753	1.0	0.9995901155158834
ODR4	179.0	-0.0	0.12	-0.00724	0.994	1.0	0.9995901155158834
OFD1	139.0	0.03	0.14	0.193	0.847	1.0	0.9995901155158834
OGA	916.0	0.04	0.09	0.409	0.682	1.0	0.9995901155158834
OGDH	548.0	-0.1	0.11	-0.938	0.348	1.0	0.9995901155158834
OGDHL	6.53	0.11	0.45	0.244	0.807	1.0	0.9995901155158834
OGFOD1	339.0	-0.05	0.09	-0.596	0.551	1.0	0.9995901155158834
OGFOD2	33.6	0.07	0.19	0.364	0.716	1.0	0.9995901155158834
OGFOD3	208.0	-0.01	0.1	-0.141	0.888	1.0	0.9995901155158834
OGFR	227.0	-0.15	0.14	-1.11	0.266	1.0	0.9995901155158834
OGFRL1	145.0	0.05	0.11	0.458	0.647	1.0	0.9995901155158834
OGG1	52.7	-0.1	0.26	-0.397	0.691	1.0	0.9995901155158834
OGN	0.699	1.11	1.45	0.767	0.443	1.0	0.9995901155158834
OGT	854.0	0.02	0.1	0.182	0.856	1.0	0.9995901155158834
OIP5	16.6	-0.56	0.29	-1.92	0.0551	1.0	0.9995901155158834
OIT3	78.2	0.07	0.15	0.446	0.656	1.0	0.9995901155158834
OLA1	740.0	-0.03	0.11	-0.257	0.797	1.0	0.9995901155158834
OLAH	0.42	-1.0	1.72	-0.581	0.561	1.0	0.9995901155158834
OLFM1	4.53	-0.21	0.57	-0.358	0.72	1.0	0.9995901155158834
OLFM2	84.0	0.06	0.18	0.335	0.738	1.0	0.9995901155158834
OLFM3	0.424	-2.07	2.16	-0.954	0.34	1.0	0.9995901155158834
OLFM4	0.556	2.74	2.21	1.24	0.215	1.0	0.9995901155158834
OLFML2A	26.0	0.15	0.24	0.641	0.521	1.0	0.9995901155158834
OLFML2B	26.7	0.12	0.24	0.502	0.616	1.0	0.9995901155158834
OLFML3	637.0	0.05	0.08	0.707	0.48	1.0	0.9995901155158834
OMA1	35.8	0.01	0.19	0.0454	0.964	1.0	0.9995901155158834
OMD	0.957	-0.66	1.31	-0.501	0.616	1.0	0.9995901155158834
OMG	1.47	0.76	1.17	0.644	0.52	1.0	0.9995901155158834
ONECUT1	1.04	1.69	1.36	1.24	0.214	1.0	0.9995901155158834
ONECUT2	14.0	0.18	0.33	0.566	0.572	1.0	0.9995901155158834
ONECUT3	2.47	-0.08	0.72	-0.111	0.912	1.0	0.9995901155158834
OPA1	856.0	0.08	0.09	0.93	0.352	1.0	0.9995901155158834
OPA3	143.0	0.19	0.17	1.09	0.274	1.0	0.9995901155158834
OPCML	22.3	0.1	0.24	0.413	0.68	1.0	0.9995901155158834
OPHN1	198.0	0.08	0.1	0.805	0.421	1.0	0.9995901155158834
OPLAH	14.2	0.04	0.34	0.108	0.914	1.0	0.9995901155158834
OPN3	262.0	0.11	0.12	0.918	0.359	1.0	0.9995901155158834
OPN5	0.503	-0.32	1.47	-0.215	0.83	1.0	0.9995901155158834
OPRD1	5.75	0.78	0.73	1.07	0.286	1.0	0.9995901155158834
OPRL1	8.52	-0.38	0.43	-0.864	0.388	1.0	0.9995901155158834
OPRM1	8.83	0.57	0.4	1.41	0.158	1.0	0.9995901155158834
OPTN	1640.0	-0.03	0.13	-0.221	0.825	1.0	0.9995901155158834
OR10A2	2.81	-0.38	0.68	-0.557	0.578	1.0	0.9995901155158834
OR10A3	0.776	0.59	1.77	0.334	0.739	1.0	0.9995901155158834
OR10G3	5.08	1.43	0.63	2.28	0.0226	1.0	0.9995901155158834
OR10G4	4.51	0.57	0.71	0.806	0.42	1.0	0.9995901155158834
OR10H1	22.6	0.61	0.42	1.45	0.146	1.0	0.9995901155158834
OR10H5	5.23	0.48	0.59	0.822	0.411	1.0	0.9995901155158834
OR10Z1	0.537	-0.57	1.78	-0.317	0.751	1.0	0.9995901155158834
OR11A1	1.54	2.47	1.1	2.26	0.0241	1.0	0.9995901155158834
OR11G2	1.17	0.16	1.34	0.12	0.905	1.0	0.9995901155158834
OR14J1	68.6	0.4	0.19	2.14	0.032	1.0	0.9995901155158834
OR1A1	36.0	0.22	0.26	0.85	0.395	1.0	0.9995901155158834
OR1D2	4.85	0.06	0.48	0.129	0.897	1.0	0.9995901155158834
OR1F1	10.5	0.2	0.41	0.484	0.629	1.0	0.9995901155158834
OR1I1	5.87	-0.21	0.58	-0.361	0.718	1.0	0.9995901155158834
OR1M1	0.786	-1.31	1.44	-0.909	0.364	1.0	0.9995901155158834
OR2A1	40.6	0.2	0.27	0.764	0.445	1.0	0.9995901155158834
OR2A14	7.65	-0.04	0.4	-0.108	0.914	1.0	0.9995901155158834
OR2A25	9.37	0.02	0.37	0.0451	0.964	1.0	0.9995901155158834
OR2A4	3.09	-0.45	1.02	-0.441	0.659	1.0	0.9995901155158834
OR2A42	12.0	-1.54	1.4	-1.1	0.271	1.0	0.9995901155158834
OR2A5	3.73	-0.02	0.63	-0.0303	0.976	1.0	0.9995901155158834
OR2A7	3.19	0.33	1.54	0.212	0.832	1.0	0.9995901155158834
OR2AG1	1.2	0.11	1.15	0.0971	0.923	1.0	0.9995901155158834
OR2AG2	1.46	1.26	0.91	1.38	0.167	1.0	0.9995901155158834
OR2B11	5.6	0.36	0.49	0.722	0.47	1.0	0.9995901155158834
OR2C3	31.5	0.73	0.31	2.35	0.0187	1.0	0.9995901155158834
OR2F1	13.1	-0.53	0.4	-1.34	0.181	1.0	0.9995901155158834
OR2G6	4.03	0.7	0.69	1.02	0.309	1.0	0.9995901155158834
OR2H2	1.08	1.21	1.45	0.833	0.405	1.0	0.9995901155158834
OR2L13	0.699	-2.77	1.79	-1.55	0.121	1.0	0.9995901155158834
OR2L2	15.4	0.41	0.41	1.01	0.313	1.0	0.9995901155158834
OR2L3	0.55	0.58	1.89	0.305	0.76	1.0	0.9995901155158834
OR2M3	24.1	0.33	0.31	1.07	0.284	1.0	0.9995901155158834
OR2M4	1.56	0.27	1.0	0.268	0.788	1.0	0.9995901155158834
OR2T12	14.7	0.29	0.32	0.924	0.355	1.0	0.9995901155158834
OR2T33	1.01	0.42	1.29	0.324	0.746	1.0	0.9995901155158834
OR2V1	1.36	1.82	1.2	1.52	0.129	1.0	0.9995901155158834
OR2V2	1.96	1.62	0.87	1.85	0.0641	1.0	0.9995901155158834
OR3A2	1.39	1.15	1.07	1.08	0.281	1.0	0.9995901155158834
OR3A3	1.09	0.73	1.08	0.676	0.499	1.0	0.9995901155158834
OR4D1	2.25	1.63	0.86	1.89	0.059	1.0	0.9995901155158834
OR4D9	4.49	1.31	0.67	1.96	0.0497	1.0	0.9995901155158834
OR4K13	0.617	-1.6	1.58	-1.01	0.312	1.0	0.9995901155158834
OR4K17	10.6	0.45	0.35	1.29	0.196	1.0	0.9995901155158834
OR51E2	1.83	2.87	1.36	2.12	0.0343	1.0	0.9995901155158834
OR51L1	0.572	-0.55	1.76	-0.31	0.756	1.0	0.9995901155158834
OR51M1	0.629	-0.47	1.62	-0.293	0.77	1.0	0.9995901155158834
OR52A1	0.951	-0.03	1.25	-0.0277	0.978	1.0	0.9995901155158834
OR52E4	2.06	0.68	0.8	0.843	0.399	1.0	0.9995901155158834
OR52K1	2.47	0.2	0.79	0.258	0.796	1.0	0.9995901155158834
OR52N1	2.56	0.73	0.93	0.784	0.433	1.0	0.9995901155158834
OR56A1	1.62	0.76	0.95	0.799	0.424	1.0	0.9995901155158834
OR56A4	2.58	0.64	0.78	0.814	0.416	1.0	0.9995901155158834
OR5A1	8.97	0.68	0.39	1.73	0.0842	1.0	0.9995901155158834
OR5A2	5.72	0.48	0.6	0.793	0.428	1.0	0.9995901155158834
OR5AN1	0.779	-0.1	1.37	-0.0741	0.941	1.0	0.9995901155158834
OR5AS1	108.0	0.28	0.29	0.956	0.339	1.0	0.9995901155158834
OR5H1	2.6	0.06	0.74	0.0792	0.937	1.0	0.9995901155158834
OR5H14	4.59	0.51	0.57	0.904	0.366	1.0	0.9995901155158834
OR6A2	0.784	0.15	1.34	0.112	0.911	1.0	0.9995901155158834
OR6C4	0.779	-1.89	1.4	-1.35	0.176	1.0	0.9995901155158834
OR6C74	6.59	0.75	0.5	1.5	0.133	1.0	0.9995901155158834
OR6C75	3.0	-0.05	0.69	-0.0779	0.938	1.0	0.9995901155158834
OR6J1	6.15	-0.4	0.46	-0.861	0.389	1.0	0.9995901155158834
OR6M1	0.781	-1.97	1.51	-1.3	0.193	1.0	0.9995901155158834
OR6T1	0.571	1.96	1.67	1.18	0.24	1.0	0.9995901155158834
OR6Y1	3.96	0.02	0.51	0.0314	0.975	1.0	0.9995901155158834
OR7A17	2.42	1.46	0.74	1.96	0.0497	1.0	0.9995901155158834
OR7D2	7.15	0.05	0.51	0.0926	0.926	1.0	0.9995901155158834
OR7D4	3.48	1.27	0.64	1.97	0.0492	1.0	0.9995901155158834
OR7E24	0.854	0.53	1.35	0.392	0.695	1.0	0.9995901155158834
OR7G2	1.06	0.25	1.34	0.186	0.853	1.0	0.9995901155158834
OR8B8	0.919	-1.87	1.22	-1.54	0.123	1.0	0.9995901155158834
OR8D1	0.752	1.14	1.42	0.8	0.424	1.0	0.9995901155158834
OR8D4	1.69	-0.53	1.32	-0.401	0.689	1.0	0.9995901155158834
OR8H1	0.608	-2.09	1.56	-1.34	0.181	1.0	0.9995901155158834
ORAI1	57.2	0.47	0.2	2.29	0.0222	1.0	0.9995901155158834
ORAI2	513.0	-0.01	0.11	-0.114	0.909	1.0	0.9995901155158834
ORAI3	66.8	-0.09	0.18	-0.481	0.63	1.0	0.9995901155158834
ORC1	83.0	0.01	0.16	0.0747	0.94	1.0	0.9995901155158834
ORC2	440.0	0.09	0.1	0.918	0.358	1.0	0.9995901155158834
ORC3	131.0	0.02	0.12	0.168	0.866	1.0	0.9995901155158834
ORC4	268.0	0.05	0.11	0.413	0.679	1.0	0.9995901155158834
ORC5	122.0	-0.3	0.12	-2.46	0.014	1.0	0.9995901155158834
ORC6	227.0	-0.06	0.11	-0.584	0.559	1.0	0.9995901155158834
ORMDL1	141.0	-0.01	0.12	-0.0546	0.956	1.0	0.9995901155158834
ORMDL2	57.8	0.06	0.21	0.285	0.776	1.0	0.9995901155158834
ORMDL3	159.0	-0.01	0.1	-0.0848	0.932	1.0	0.9995901155158834
OS9	5040.0	-0.07	0.09	-0.761	0.447	1.0	0.9995901155158834
OSBP	719.0	-0.03	0.08	-0.357	0.721	1.0	0.9995901155158834
OSBP2	24.0	0.16	0.27	0.614	0.539	1.0	0.9995901155158834
OSBPL10	493.0	-0.12	0.1	-1.29	0.196	1.0	0.9995901155158834
OSBPL11	296.0	0.04	0.08	0.444	0.657	1.0	0.9995901155158834
OSBPL1A	131.0	-0.04	0.13	-0.298	0.766	1.0	0.9995901155158834
OSBPL2	306.0	0.04	0.09	0.419	0.675	1.0	0.9995901155158834
OSBPL3	270.0	0.06	0.12	0.546	0.585	1.0	0.9995901155158834
OSBPL5	120.0	0.04	0.16	0.273	0.785	1.0	0.9995901155158834
OSBPL6	124.0	-0.01	0.18	-0.0579	0.954	1.0	0.9995901155158834
OSBPL7	35.6	0.25	0.26	0.988	0.323	1.0	0.9995901155158834
OSBPL8	951.0	-0.02	0.1	-0.163	0.871	1.0	0.9995901155158834
OSBPL9	1060.0	-0.06	0.07	-0.79	0.43	1.0	0.9995901155158834
OSCAR	0.865	0.15	1.51	0.0966	0.923	1.0	0.9995901155158834
OSCP1	10.9	-0.76	0.33	-2.29	0.0221	1.0	0.9995901155158834
OSER1	154.0	-0.0	0.13	-0.011	0.991	1.0	0.9995901155158834
OSGEP	176.0	0.12	0.12	1.0	0.317	1.0	0.9995901155158834
OSGEPL1	74.0	0.11	0.13	0.834	0.404	1.0	0.9995901155158834
OSGIN1	4.02	0.41	0.6	0.675	0.5	1.0	0.9995901155158834
OSGIN2	401.0	0.12	0.12	0.994	0.32	1.0	0.9995901155158834
OSMR	337.0	0.12	0.12	0.966	0.334	1.0	0.9995901155158834
OST4	422.0	-0.08	0.13	-0.591	0.554	1.0	0.9995901155158834
OSTC	632.0	0.03	0.1	0.241	0.809	1.0	0.9995901155158834
OSTF1	558.0	-0.1	0.11	-0.892	0.372	1.0	0.9995901155158834
OSTM1	766.0	0.06	0.11	0.529	0.597	1.0	0.9995901155158834
OTC	0.366	-0.81	2.29	-0.354	0.724	1.0	0.9995901155158834
OTOA	1.61	-1.84	1.26	-1.46	0.143	1.0	0.9995901155158834
OTOGL	10.7	0.08	0.37	0.22	0.826	1.0	0.9995901155158834
OTUB1	193.0	-0.06	0.16	-0.348	0.728	1.0	0.9995901155158834
OTUB2	20.7	-0.1	0.28	-0.339	0.734	1.0	0.9995901155158834
OTUD1	213.0	0.14	0.12	1.12	0.262	1.0	0.9995901155158834
OTUD3	212.0	0.11	0.11	0.95	0.342	1.0	0.9995901155158834
OTUD4	627.0	0.05	0.11	0.419	0.675	1.0	0.9995901155158834
OTUD5	217.0	0.01	0.11	0.0944	0.925	1.0	0.9995901155158834
OTUD6A	1.08	1.28	1.28	1.0	0.316	1.0	0.9995901155158834
OTUD6B	216.0	0.05	0.12	0.432	0.666	1.0	0.9995901155158834
OTUD7A	6.06	0.02	0.58	0.0348	0.972	1.0	0.9995901155158834
OTUD7B	335.0	-0.05	0.09	-0.53	0.596	1.0	0.9995901155158834
OTULIN	450.0	0.08	0.07	1.1	0.273	1.0	0.9995901155158834
OTULINL	43.2	0.16	0.22	0.711	0.477	1.0	0.9995901155158834
OTX2	5.29	-0.19	0.58	-0.332	0.74	1.0	0.9995901155158834
OVCA2	59.3	-0.52	0.22	-2.35	0.0186	1.0	0.9995901155158834
OVGP1	2.62	-0.43	0.73	-0.589	0.556	1.0	0.9995901155158834
OXA1L	339.0	-0.1	0.11	-0.917	0.359	1.0	0.9995901155158834
OXCT1	289.0	-0.02	0.08	-0.278	0.781	1.0	0.9995901155158834
OXCT2	0.637	-0.98	1.69	-0.582	0.561	1.0	0.9995901155158834
OXER1	0.762	-1.55	1.26	-1.23	0.219	1.0	0.9995901155158834
OXGR1	2.61	0.68	0.91	0.749	0.454	1.0	0.9995901155158834
OXLD1	93.0	-0.05	0.17	-0.279	0.78	1.0	0.9995901155158834
OXNAD1	103.0	0.01	0.12	0.0542	0.957	1.0	0.9995901155158834
OXR1	276.0	0.13	0.12	1.11	0.268	1.0	0.9995901155158834
OXSM	35.9	0.01	0.22	0.028	0.978	1.0	0.9995901155158834
OXSR1	677.0	0.04	0.1	0.407	0.684	1.0	0.9995901155158834
OXTR	6.18	-0.1	0.44	-0.22	0.826	1.0	0.9995901155158834
P2RX4	100.0	-0.15	0.15	-0.99	0.322	1.0	0.9995901155158834
P2RX5	0.576	-2.04	1.7	-1.2	0.232	1.0	0.9995901155158834
P2RX7	4.3	-0.22	0.57	-0.387	0.699	1.0	0.9995901155158834
P2RY1	865.0	0.15	0.09	1.66	0.0971	1.0	0.9995901155158834
P2RY10	1.47	1.59	1.0	1.59	0.111	1.0	0.9995901155158834
P2RY2	2.83	-0.17	0.67	-0.253	0.801	1.0	0.9995901155158834
P2RY6	0.986	-0.09	1.26	-0.0692	0.945	1.0	0.9995901155158834
P2RY8	1.19	1.8	1.05	1.71	0.0871	1.0	0.9995901155158834
P3H1	803.0	-0.08	0.12	-0.676	0.499	1.0	0.9995901155158834
P3H2	221.0	0.18	0.1	1.75	0.0795	1.0	0.9995901155158834
P3H3	204.0	0.09	0.14	0.644	0.52	1.0	0.9995901155158834
P3H4	191.0	-0.02	0.13	-0.13	0.896	1.0	0.9995901155158834
P4HA1	363.0	-0.0	0.1	-0.0271	0.978	1.0	0.9995901155158834
P4HA2	217.0	0.03	0.09	0.334	0.738	1.0	0.9995901155158834
P4HA3	1.34	0.15	1.2	0.128	0.898	1.0	0.9995901155158834
P4HB	5130.0	-0.05	0.05	-0.939	0.348	1.0	0.9995901155158834
P4HTM	45.9	-0.24	0.2	-1.24	0.216	1.0	0.9995901155158834
PA2G4	1430.0	-0.06	0.07	-0.847	0.397	1.0	0.9995901155158834
PAAF1	194.0	-0.01	0.12	-0.0507	0.96	1.0	0.9995901155158834
PABIR1	110.0	0.32	0.13	2.56	0.0105	1.0	0.9995901155158834
PABIR2	304.0	0.22	0.14	1.56	0.119	1.0	0.9995901155158834
PABIR3	21.5	-0.1	0.24	-0.435	0.664	1.0	0.9995901155158834
PABPC1	10700.0	-0.01	0.08	-0.115	0.909	1.0	0.9995901155158834
PABPC1L	3.59	-0.01	0.65	-0.0177	0.986	1.0	0.9995901155158834
PABPC1L2A	9.51	-0.19	0.4	-0.461	0.645	1.0	0.9995901155158834
PABPC1L2B	9.51	0.26	0.47	0.567	0.571	1.0	0.9995901155158834
PABPC4	1680.0	0.03	0.07	0.477	0.633	1.0	0.9995901155158834
PABPC4L	178.0	-0.01	0.12	-0.0722	0.942	1.0	0.9995901155158834
PABPC5	87.3	-0.02	0.15	-0.135	0.892	1.0	0.9995901155158834
PABPN1	777.0	0.05	0.08	0.663	0.507	1.0	0.9995901155158834
PACC1	168.0	-0.06	0.12	-0.539	0.59	1.0	0.9995901155158834
PACRG	2.91	-0.62	0.72	-0.862	0.389	1.0	0.9995901155158834
PACRGL	59.9	-0.03	0.14	-0.195	0.845	1.0	0.9995901155158834
PACS1	267.0	0.01	0.11	0.109	0.913	1.0	0.9995901155158834
PACS2	336.0	-0.02	0.12	-0.166	0.868	1.0	0.9995901155158834
PACSIN2	654.0	-0.07	0.1	-0.725	0.469	1.0	0.9995901155158834
PACSIN3	40.0	0.05	0.26	0.196	0.844	1.0	0.9995901155158834
PAF1	1230.0	-0.04	0.12	-0.315	0.753	1.0	0.9995901155158834
PAFAH1B1	2090.0	0.1	0.08	1.27	0.206	1.0	0.9995901155158834
PAFAH1B2	1160.0	0.12	0.09	1.39	0.166	1.0	0.9995901155158834
PAFAH1B3	139.0	-0.02	0.19	-0.129	0.897	1.0	0.9995901155158834
PAFAH2	111.0	-0.0	0.16	-0.0283	0.977	1.0	0.9995901155158834
PAG1	12.9	0.39	0.35	1.12	0.262	1.0	0.9995901155158834
PAGR1	680.0	-0.01	0.07	-0.18	0.857	1.0	0.9995901155158834
PAICS	1040.0	0.04	0.07	0.491	0.624	1.0	0.9995901155158834
PAIP1	952.0	0.07	0.07	1.04	0.298	1.0	0.9995901155158834
PAIP2	536.0	-0.11	0.1	-1.07	0.285	1.0	0.9995901155158834
PAIP2B	50.0	-0.26	0.21	-1.25	0.211	1.0	0.9995901155158834
PAK1	228.0	-0.12	0.1	-1.2	0.228	1.0	0.9995901155158834
PAK1IP1	313.0	0.0	0.11	0.00912	0.993	1.0	0.9995901155158834
PAK2	1630.0	0.14	0.08	1.82	0.0687	1.0	0.9995901155158834
PAK3	14.5	0.04	0.32	0.111	0.911	1.0	0.9995901155158834
PAK4	153.0	-0.1	0.14	-0.727	0.467	1.0	0.9995901155158834
PAK5	1.22	-0.65	1.26	-0.514	0.607	1.0	0.9995901155158834
PALB2	127.0	-0.08	0.12	-0.69	0.49	1.0	0.9995901155158834
PALD1	99.7	0.21	0.15	1.38	0.167	1.0	0.9995901155158834
PALLD	821.0	0.06	0.09	0.701	0.483	1.0	0.9995901155158834
PALM	305.0	-0.01	0.12	-0.101	0.919	1.0	0.9995901155158834
PALM2AKAP2	6030.0	0.01	0.07	0.119	0.905	1.0	0.9995901155158834
PALM3	2.26	-0.65	0.99	-0.662	0.508	1.0	0.9995901155158834
PALMD	1680.0	-0.03	0.08	-0.353	0.724	1.0	0.9995901155158834
PALS1	617.0	0.04	0.07	0.604	0.546	1.0	0.9995901155158834
PALS2	166.0	0.02	0.14	0.115	0.908	1.0	0.9995901155158834
PAM	2010.0	-0.03	0.07	-0.39	0.697	1.0	0.9995901155158834
PAM16	27.5	0.05	0.26	0.176	0.86	1.0	0.9995901155158834
PAMR1	11.3	0.04	0.35	0.115	0.908	1.0	0.9995901155158834
PAN2	56.6	-0.11	0.21	-0.536	0.592	1.0	0.9995901155158834
PAN3	420.0	0.12	0.09	1.34	0.182	1.0	0.9995901155158834
PANK1	168.0	0.05	0.12	0.38	0.704	1.0	0.9995901155158834
PANK2	399.0	0.18	0.09	2.04	0.041	1.0	0.9995901155158834
PANK3	1480.0	0.09	0.13	0.713	0.476	1.0	0.9995901155158834
PANK4	154.0	-0.09	0.11	-0.843	0.399	1.0	0.9995901155158834
PANX1	169.0	0.08	0.11	0.688	0.491	1.0	0.9995901155158834
PANX2	8.98	-0.39	0.48	-0.816	0.415	1.0	0.9995901155158834
PAOX	5.23	-0.28	0.44	-0.634	0.526	1.0	0.9995901155158834
PAPLN	4.98	-0.06	0.51	-0.111	0.912	1.0	0.9995901155158834
PAPOLA	972.0	0.05	0.09	0.599	0.549	1.0	0.9995901155158834
PAPOLB	0.917	-1.78	1.61	-1.1	0.271	1.0	0.9995901155158834
PAPOLG	164.0	-0.05	0.15	-0.356	0.721	1.0	0.9995901155158834
PAPPA	3.63	0.11	0.63	0.178	0.858	1.0	0.9995901155158834
PAPSS1	3010.0	0.01	0.07	0.0819	0.935	1.0	0.9995901155158834
PAPSS2	242.0	-0.1	0.12	-0.836	0.403	1.0	0.9995901155158834
PAQR3	409.0	0.14	0.12	1.22	0.223	1.0	0.9995901155158834
PAQR4	219.0	-0.06	0.17	-0.322	0.747	1.0	0.9995901155158834
PAQR5	9.43	0.21	0.48	0.442	0.659	1.0	0.9995901155158834
PAQR6	4.15	0.23	0.62	0.366	0.715	1.0	0.9995901155158834
PAQR7	107.0	0.14	0.19	0.766	0.444	1.0	0.9995901155158834
PAQR8	346.0	-0.0	0.08	-0.0196	0.984	1.0	0.9995901155158834
PAQR9	0.212	0.01	2.72	0.00387	0.997	1.0	0.9995901155158834
PARD3	574.0	0.01	0.11	0.0793	0.937	1.0	0.9995901155158834
PARD3B	225.0	-0.21	0.17	-1.22	0.224	1.0	0.9995901155158834
PARD6A	2.71	-0.83	0.74	-1.12	0.265	1.0	0.9995901155158834
PARD6B	10.9	-0.48	0.4	-1.2	0.23	1.0	0.9995901155158834
PARD6G	107.0	0.11	0.14	0.803	0.422	1.0	0.9995901155158834
PARG	430.0	0.05	0.07	0.721	0.471	1.0	0.9995901155158834
PARK7	993.0	-0.03	0.09	-0.289	0.772	1.0	0.9995901155158834
PARL	595.0	0.04	0.08	0.448	0.654	1.0	0.9995901155158834
PARM1	8.26	0.59	0.43	1.37	0.171	1.0	0.9995901155158834
PARN	287.0	0.02	0.09	0.21	0.834	1.0	0.9995901155158834
PARP1	2990.0	-0.12	0.09	-1.28	0.202	1.0	0.9995901155158834
PARP10	22.0	0.18	0.29	0.641	0.521	1.0	0.9995901155158834
PARP11	68.3	-0.14	0.16	-0.906	0.365	1.0	0.9995901155158834
PARP12	17.5	0.04	0.27	0.162	0.872	1.0	0.9995901155158834
PARP14	581.0	0.04	0.13	0.297	0.766	1.0	0.9995901155158834
PARP15	35.8	0.48	0.29	1.66	0.0975	1.0	0.9995901155158834
PARP16	12.3	0.34	0.34	1.0	0.317	1.0	0.9995901155158834
PARP2	250.0	0.02	0.09	0.214	0.831	1.0	0.9995901155158834
PARP3	6.79	-0.3	0.48	-0.64	0.522	1.0	0.9995901155158834
PARP4	783.0	-0.07	0.08	-0.927	0.354	1.0	0.9995901155158834
PARP6	64.8	0.14	0.18	0.812	0.417	1.0	0.9995901155158834
PARP8	287.0	-0.02	0.1	-0.184	0.854	1.0	0.9995901155158834
PARP9	76.0	0.08	0.2	0.4	0.689	1.0	0.9995901155158834
PARPBP	90.6	-0.04	0.14	-0.265	0.791	1.0	0.9995901155158834
PARS2	29.0	0.06	0.22	0.254	0.799	1.0	0.9995901155158834
PARVA	994.0	0.06	0.06	0.986	0.324	1.0	0.9995901155158834
PARVB	442.0	-0.08	0.09	-0.88	0.379	1.0	0.9995901155158834
PARVG	3.01	1.33	0.65	2.07	0.0389	1.0	0.9995901155158834
PASK	84.3	0.18	0.16	1.14	0.256	1.0	0.9995901155158834
PATE4	1.24	1.52	1.11	1.36	0.173	1.0	0.9995901155158834
PATJ	25.3	0.27	0.27	1.03	0.304	1.0	0.9995901155158834
PATL1	184.0	0.03	0.1	0.279	0.781	1.0	0.9995901155158834
PATZ1	202.0	0.07	0.11	0.611	0.541	1.0	0.9995901155158834
PAWR	231.0	-0.02	0.18	-0.134	0.893	1.0	0.9995901155158834
PAX3	0.705	-0.14	1.37	-0.102	0.919	1.0	0.9995901155158834
PAXBP1	226.0	-0.09	0.13	-0.718	0.473	1.0	0.9995901155158834
PAXIP1	138.0	0.02	0.1	0.214	0.83	1.0	0.9995901155158834
PAXX	21.6	-0.97	0.33	-2.93	0.00337	1.0	0.9995901155158834
PBDC1	722.0	-0.05	0.1	-0.56	0.576	1.0	0.9995901155158834
PBK	48.5	-0.09	0.19	-0.479	0.632	1.0	0.9995901155158834
PBLD	25.7	-0.15	0.24	-0.621	0.535	1.0	0.9995901155158834
PBOV1	2.03	0.18	1.01	0.176	0.861	1.0	0.9995901155158834
PBRM1	1070.0	0.08	0.09	0.87	0.384	1.0	0.9995901155158834
PBX1	564.0	0.11	0.09	1.31	0.191	1.0	0.9995901155158834
PBX2	1930.0	0.11	0.08	1.37	0.172	1.0	0.9995901155158834
PBX3	141.0	-0.14	0.12	-1.2	0.231	1.0	0.9995901155158834
PBXIP1	300.0	-0.05	0.16	-0.326	0.744	1.0	0.9995901155158834
PC	30.5	0.24	0.24	1.03	0.303	1.0	0.9995901155158834
PCBD1	58.6	-0.08	0.2	-0.379	0.704	1.0	0.9995901155158834
PCBD2	97.2	0.11	0.15	0.78	0.435	1.0	0.9995901155158834
PCBP1	1970.0	0.05	0.11	0.422	0.673	1.0	0.9995901155158834
PCBP2	3770.0	-0.06	0.06	-1.08	0.282	1.0	0.9995901155158834
PCBP3	8.82	-0.08	0.44	-0.188	0.851	1.0	0.9995901155158834
PCBP4	51.2	0.15	0.19	0.823	0.411	1.0	0.9995901155158834
PCCA	174.0	0.08	0.11	0.769	0.442	1.0	0.9995901155158834
PCCB	281.0	-0.1	0.11	-0.897	0.37	1.0	0.9995901155158834
PCDH1	650.0	-0.05	0.11	-0.426	0.67	1.0	0.9995901155158834
PCDH10	1400.0	-0.05	0.1	-0.52	0.603	1.0	0.9995901155158834
PCDH11X	13.1	-0.24	0.4	-0.592	0.554	1.0	0.9995901155158834
PCDH11Y	6.55	0.37	0.54	0.688	0.491	1.0	0.9995901155158834
PCDH12	344.0	-0.02	0.12	-0.146	0.884	1.0	0.9995901155158834
PCDH15	1.25	-1.62	1.12	-1.45	0.148	1.0	0.9995901155158834
PCDH17	597.0	-0.11	0.21	-0.544	0.587	1.0	0.9995901155158834
PCDH18	87.0	-0.11	0.19	-0.542	0.588	1.0	0.9995901155158834
PCDH19	55.8	0.14	0.2	0.696	0.487	1.0	0.9995901155158834
PCDH20	2.72	-0.08	0.76	-0.112	0.911	1.0	0.9995901155158834
PCDH7	905.0	0.02	0.09	0.273	0.785	1.0	0.9995901155158834
PCDH9	54.0	0.03	0.18	0.155	0.877	1.0	0.9995901155158834
PCDHA1	5.86	-0.74	0.5	-1.48	0.138	1.0	0.9995901155158834
PCDHA10	418.0	-0.01	0.09	-0.131	0.896	1.0	0.9995901155158834
PCDHA11	29.3	-0.38	0.33	-1.15	0.249	1.0	0.9995901155158834
PCDHA12	89.3	-0.16	0.16	-0.978	0.328	1.0	0.9995901155158834
PCDHA13	2.74	1.93	0.82	2.35	0.0187	1.0	0.9995901155158834
PCDHA2	57.9	0.09	0.21	0.411	0.681	1.0	0.9995901155158834
PCDHA3	16.8	-0.18	0.32	-0.55	0.582	1.0	0.9995901155158834
PCDHA4	381.0	0.05	0.1	0.551	0.582	1.0	0.9995901155158834
PCDHA5	8.53	0.17	0.44	0.386	0.699	1.0	0.9995901155158834
PCDHA6	7.48	0.63	0.67	0.934	0.35	1.0	0.9995901155158834
PCDHA7	2.79	-0.05	0.89	-0.0574	0.954	1.0	0.9995901155158834
PCDHA8	6.79	-0.5	0.57	-0.884	0.377	1.0	0.9995901155158834
PCDHA9	14.8	0.63	0.33	1.87	0.061	1.0	0.9995901155158834
PCDHAC1	18.1	-0.31	0.31	-0.998	0.318	1.0	0.9995901155158834
PCDHAC2	46.9	-0.25	0.21	-1.18	0.239	1.0	0.9995901155158834
PCDHB1	3.49	1.88	0.67	2.82	0.00483	1.0	0.9995901155158834
PCDHB10	139.0	0.06	0.18	0.304	0.761	1.0	0.9995901155158834
PCDHB11	23.9	-0.4	0.33	-1.22	0.223	1.0	0.9995901155158834
PCDHB12	38.7	0.13	0.24	0.553	0.58	1.0	0.9995901155158834
PCDHB13	43.6	0.11	0.19	0.556	0.578	1.0	0.9995901155158834
PCDHB14	58.0	0.22	0.16	1.36	0.172	1.0	0.9995901155158834
PCDHB15	175.0	0.01	0.12	0.113	0.91	1.0	0.9995901155158834
PCDHB16	383.0	-0.12	0.09	-1.32	0.186	1.0	0.9995901155158834
PCDHB2	820.0	-0.01	0.08	-0.0665	0.947	1.0	0.9995901155158834
PCDHB3	39.2	0.55	0.22	2.52	0.0118	1.0	0.9995901155158834
PCDHB4	3.84	0.5	0.55	0.91	0.363	1.0	0.9995901155158834
PCDHB5	16.7	-0.36	0.3	-1.19	0.233	1.0	0.9995901155158834
PCDHB6	2.65	-0.26	0.84	-0.312	0.755	1.0	0.9995901155158834
PCDHB7	15.1	-0.89	0.31	-2.85	0.00436	1.0	0.9995901155158834
PCDHB8	22.5	0.19	0.3	0.629	0.529	1.0	0.9995901155158834
PCDHB9	139.0	0.04	0.13	0.273	0.785	1.0	0.9995901155158834
PCDHGA1	6.71	0.05	0.47	0.112	0.911	1.0	0.9995901155158834
PCDHGA10	499.0	-0.0	0.09	-0.032	0.974	1.0	0.9995901155158834
PCDHGA11	20.2	0.33	0.29	1.16	0.247	1.0	0.9995901155158834
PCDHGA12	2.53	-0.71	0.82	-0.864	0.388	1.0	0.9995901155158834
PCDHGA2	5.81	-0.05	0.6	-0.0829	0.934	1.0	0.9995901155158834
PCDHGA3	0.794	-0.21	1.5	-0.14	0.888	1.0	0.9995901155158834
PCDHGA4	2.29	-0.27	0.99	-0.271	0.786	1.0	0.9995901155158834
PCDHGA5	4.76	0.12	0.71	0.173	0.862	1.0	0.9995901155158834
PCDHGA6	3.48	-0.5	0.59	-0.855	0.392	1.0	0.9995901155158834
PCDHGA7	1.01	-1.24	2.55	-0.486	0.627	1.0	0.9995901155158834
PCDHGA8	3.82	0.77	0.52	1.48	0.138	1.0	0.9995901155158834
PCDHGA9	4.8	0.37	0.67	0.549	0.583	1.0	0.9995901155158834
PCDHGB1	20.1	-0.14	0.28	-0.493	0.622	1.0	0.9995901155158834
PCDHGB2	25.2	0.07	0.27	0.241	0.81	1.0	0.9995901155158834
PCDHGB3	1.41	-0.25	1.24	-0.204	0.839	1.0	0.9995901155158834
PCDHGB4	97.3	-0.06	0.17	-0.347	0.728	1.0	0.9995901155158834
PCDHGB5	80.6	0.0	0.19	0.00268	0.998	1.0	0.9995901155158834
PCDHGB6	1180.0	-0.25	0.1	-2.52	0.0119	1.0	0.9995901155158834
PCDHGB7	224.0	-0.03	0.11	-0.274	0.784	1.0	0.9995901155158834
PCDHGC3	491.0	0.08	0.17	0.456	0.648	1.0	0.9995901155158834
PCDHGC4	51.2	-1.05	0.6	-1.74	0.0811	1.0	0.9995901155158834
PCDHGC5	3.95	-1.18	0.61	-1.94	0.0523	1.0	0.9995901155158834
PCED1A	62.4	0.17	0.21	0.812	0.417	1.0	0.9995901155158834
PCED1B	2.66	0.32	0.7	0.456	0.649	1.0	0.9995901155158834
PCF11	823.0	-0.0	0.1	-0.017	0.986	1.0	0.9995901155158834
PCGF1	13.0	0.14	0.3	0.448	0.654	1.0	0.9995901155158834
PCGF2	358.0	0.09	0.08	1.15	0.251	1.0	0.9995901155158834
PCGF3	968.0	0.07	0.06	1.22	0.224	1.0	0.9995901155158834
PCGF5	286.0	0.05	0.12	0.432	0.665	1.0	0.9995901155158834
PCGF6	150.0	0.04	0.12	0.295	0.768	1.0	0.9995901155158834
PCID2	177.0	0.08	0.13	0.652	0.514	1.0	0.9995901155158834
PCIF1	76.5	-0.1	0.18	-0.564	0.573	1.0	0.9995901155158834
PCK2	22.8	-0.11	0.29	-0.369	0.712	1.0	0.9995901155158834
PCLAF	120.0	0.16	0.14	1.18	0.238	1.0	0.9995901155158834
PCLO	54.4	0.03	0.2	0.16	0.873	1.0	0.9995901155158834
PCM1	1700.0	-0.07	0.1	-0.723	0.47	1.0	0.9995901155158834
PCMT1	823.0	-0.02	0.07	-0.332	0.74	1.0	0.9995901155158834
PCMTD1	387.0	0.04	0.13	0.302	0.763	1.0	0.9995901155158834
PCMTD2	296.0	0.0	0.11	0.00354	0.997	1.0	0.9995901155158834
PCNA	460.0	-0.06	0.08	-0.78	0.435	1.0	0.9995901155158834
PCNP	676.0	0.07	0.11	0.672	0.502	1.0	0.9995901155158834
PCNT	392.0	-0.1	0.15	-0.653	0.513	1.0	0.9995901155158834
PCNX1	879.0	0.03	0.09	0.297	0.767	1.0	0.9995901155158834
PCNX2	17.5	0.01	0.26	0.029	0.977	1.0	0.9995901155158834
PCNX3	247.0	0.03	0.1	0.311	0.756	1.0	0.9995901155158834
PCNX4	406.0	0.04	0.09	0.4	0.689	1.0	0.9995901155158834
PCOLCE	2.4	0.69	0.99	0.695	0.487	1.0	0.9995901155158834
PCOLCE2	4.7	-0.25	0.61	-0.407	0.684	1.0	0.9995901155158834
PCOTH	1.96	2.22	1.07	2.07	0.0383	1.0	0.9995901155158834
PCP4L1	0.577	1.11	1.48	0.749	0.454	1.0	0.9995901155158834
PCSK1	0.495	-0.77	1.78	-0.431	0.667	1.0	0.9995901155158834
PCSK2	1.1	0.09	1.38	0.0682	0.946	1.0	0.9995901155158834
PCSK4	1.9	1.03	1.14	0.9	0.368	1.0	0.9995901155158834
PCSK5	270.0	0.09	0.09	0.944	0.345	1.0	0.9995901155158834
PCSK6	185.0	0.05	0.14	0.358	0.72	1.0	0.9995901155158834
PCSK7	369.0	-0.15	0.14	-1.13	0.256	1.0	0.9995901155158834
PCSK9	14.0	0.14	0.28	0.513	0.608	1.0	0.9995901155158834
PCTP	1040.0	-0.09	0.11	-0.84	0.401	1.0	0.9995901155158834
PCYOX1	982.0	-0.08	0.06	-1.37	0.17	1.0	0.9995901155158834
PCYOX1L	118.0	0.18	0.13	1.4	0.161	1.0	0.9995901155158834
PCYT1A	1210.0	-0.02	0.06	-0.317	0.751	1.0	0.9995901155158834
PCYT1B	46.9	-0.26	0.21	-1.23	0.22	1.0	0.9995901155158834
PCYT2	127.0	-0.3	0.15	-2.04	0.0411	1.0	0.9995901155158834
PDAP1	1890.0	-0.1	0.1	-1.04	0.298	1.0	0.9995901155158834
PDCD10	384.0	-0.02	0.11	-0.151	0.88	1.0	0.9995901155158834
PDCD11	859.0	0.03	0.08	0.33	0.741	1.0	0.9995901155158834
PDCD1LG2	4.55	0.18	0.63	0.291	0.771	1.0	0.9995901155158834
PDCD2	403.0	-0.01	0.1	-0.138	0.89	1.0	0.9995901155158834
PDCD2L	25.0	0.33	0.24	1.37	0.17	1.0	0.9995901155158834
PDCD4	1910.0	-0.02	0.15	-0.108	0.914	1.0	0.9995901155158834
PDCD5	407.0	0.01	0.1	0.0761	0.939	1.0	0.9995901155158834
PDCD6	453.0	-0.09	0.07	-1.24	0.216	1.0	0.9995901155158834
PDCD6IP	1270.0	0.05	0.1	0.504	0.614	1.0	0.9995901155158834
PDCD7	227.0	0.02	0.13	0.175	0.861	1.0	0.9995901155158834
PDCL	916.0	0.04	0.09	0.465	0.642	1.0	0.9995901155158834
PDCL3	488.0	-0.14	0.1	-1.29	0.196	1.0	0.9995901155158834
PDE10A	118.0	-0.1	0.18	-0.561	0.575	1.0	0.9995901155158834
PDE11A	19.3	-0.14	0.27	-0.526	0.599	1.0	0.9995901155158834
PDE12	283.0	0.07	0.12	0.635	0.525	1.0	0.9995901155158834
PDE1A	1.73	-1.21	0.98	-1.24	0.215	1.0	0.9995901155158834
PDE1B	17.6	-0.31	0.37	-0.853	0.394	1.0	0.9995901155158834
PDE1C	47.8	0.03	0.21	0.133	0.894	1.0	0.9995901155158834
PDE2A	5.31	0.18	0.5	0.352	0.725	1.0	0.9995901155158834
PDE3A	447.0	-0.07	0.08	-0.887	0.375	1.0	0.9995901155158834
PDE3B	207.0	-0.05	0.1	-0.514	0.607	1.0	0.9995901155158834
PDE4A	9.32	0.36	0.43	0.839	0.402	1.0	0.9995901155158834
PDE4B	206.0	-0.15	0.12	-1.32	0.188	1.0	0.9995901155158834
PDE4C	3.1	0.6	0.72	0.827	0.409	1.0	0.9995901155158834
PDE4D	108.0	-0.15	0.14	-1.09	0.276	1.0	0.9995901155158834
PDE4DIP	107.0	-0.07	0.13	-0.557	0.578	1.0	0.9995901155158834
PDE5A	74.1	-0.01	0.16	-0.0671	0.947	1.0	0.9995901155158834
PDE6A	6.9	-0.03	0.49	-0.0607	0.952	1.0	0.9995901155158834
PDE6B	19.0	0.51	0.35	1.44	0.149	1.0	0.9995901155158834
PDE6D	272.0	0.06	0.11	0.537	0.591	1.0	0.9995901155158834
PDE6G	7.27	0.23	0.45	0.514	0.607	1.0	0.9995901155158834
PDE7A	351.0	0.04	0.11	0.373	0.709	1.0	0.9995901155158834
PDE7B	55.5	0.13	0.2	0.657	0.511	1.0	0.9995901155158834
PDE8A	340.0	0.04	0.1	0.416	0.677	1.0	0.9995901155158834
PDE8B	12.0	-0.13	0.39	-0.336	0.737	1.0	0.9995901155158834
PDE9A	65.8	-0.03	0.18	-0.15	0.881	1.0	0.9995901155158834
PDF	93.8	0.17	0.2	0.831	0.406	1.0	0.9995901155158834
PDGFA	401.0	-0.04	0.15	-0.285	0.776	1.0	0.9995901155158834
PDGFB	161.0	-0.06	0.16	-0.383	0.701	1.0	0.9995901155158834
PDGFC	56.2	0.04	0.2	0.179	0.858	1.0	0.9995901155158834
PDGFD	81.8	0.02	0.12	0.123	0.902	1.0	0.9995901155158834
PDGFRA	62.5	0.04	0.17	0.233	0.816	1.0	0.9995901155158834
PDGFRB	115.0	0.17	0.16	1.08	0.28	1.0	0.9995901155158834
PDGFRL	7.15	0.34	0.45	0.769	0.442	1.0	0.9995901155158834
PDHA1	1170.0	-0.01	0.09	-0.154	0.877	1.0	0.9995901155158834
PDHB	1650.0	-0.12	0.09	-1.32	0.188	1.0	0.9995901155158834
PDHX	355.0	-0.08	0.1	-0.766	0.444	1.0	0.9995901155158834
PDIA3	7020.0	-0.02	0.06	-0.358	0.72	1.0	0.9995901155158834
PDIA4	3110.0	-0.06	0.07	-0.821	0.412	1.0	0.9995901155158834
PDIA5	335.0	-0.03	0.09	-0.376	0.707	1.0	0.9995901155158834
PDIA6	8100.0	-0.03	0.07	-0.382	0.702	1.0	0.9995901155158834
PDIK1L	75.2	0.08	0.18	0.461	0.645	1.0	0.9995901155158834
PDK1	206.0	-0.14	0.11	-1.3	0.194	1.0	0.9995901155158834
PDK2	32.6	-0.09	0.34	-0.274	0.784	1.0	0.9995901155158834
PDK3	120.0	0.03	0.22	0.136	0.891	1.0	0.9995901155158834
PDK4	94.0	0.13	0.2	0.668	0.504	1.0	0.9995901155158834
PDLIM1	349.0	-0.01	0.11	-0.0958	0.924	1.0	0.9995901155158834
PDLIM2	48.6	0.01	0.29	0.0256	0.98	1.0	0.9995901155158834
PDLIM3	203.0	-0.06	0.15	-0.429	0.668	1.0	0.9995901155158834
PDLIM4	13.8	-0.26	0.44	-0.597	0.551	1.0	0.9995901155158834
PDLIM5	1620.0	0.14	0.09	1.52	0.129	1.0	0.9995901155158834
PDLIM7	287.0	-0.05	0.13	-0.393	0.695	1.0	0.9995901155158834
PDP1	617.0	0.08	0.12	0.666	0.506	1.0	0.9995901155158834
PDP2	94.1	-0.04	0.16	-0.261	0.794	1.0	0.9995901155158834
PDPK1	350.0	-0.05	0.08	-0.625	0.532	1.0	0.9995901155158834
PDPN	4.08	-0.08	0.73	-0.106	0.916	1.0	0.9995901155158834
PDPR	360.0	0.01	0.08	0.117	0.907	1.0	0.9995901155158834
PDRG1	112.0	-0.02	0.14	-0.168	0.867	1.0	0.9995901155158834
PDS5A	1220.0	-0.02	0.08	-0.227	0.821	1.0	0.9995901155158834
PDS5B	1100.0	0.01	0.1	0.0577	0.954	1.0	0.9995901155158834
PDSS1	34.4	-0.05	0.19	-0.246	0.806	1.0	0.9995901155158834
PDSS2	86.3	-0.18	0.16	-1.09	0.274	1.0	0.9995901155158834
PDXDC1	787.0	-0.1	0.09	-1.14	0.253	1.0	0.9995901155158834
PDXK	295.0	0.22	0.09	2.33	0.02	1.0	0.9995901155158834
PDXP	38.6	-0.29	0.2	-1.43	0.152	1.0	0.9995901155158834
PDZD11	115.0	-0.04	0.13	-0.32	0.749	1.0	0.9995901155158834
PDZD2	642.0	0.17	0.16	1.05	0.296	1.0	0.9995901155158834
PDZD4	15.2	0.04	0.27	0.168	0.867	1.0	0.9995901155158834
PDZD7	1.07	-0.54	1.37	-0.394	0.694	1.0	0.9995901155158834
PDZD8	431.0	0.1	0.12	0.796	0.426	1.0	0.9995901155158834
PDZD9	1.19	0.82	0.99	0.822	0.411	1.0	0.9995901155158834
PDZK1	4.7	0.18	0.62	0.282	0.778	1.0	0.9995901155158834
PDZRN3	17.8	-0.26	0.28	-0.926	0.354	1.0	0.9995901155158834
PEA15	2130.0	-0.14	0.07	-1.94	0.0528	1.0	0.9995901155158834
PEAK1	1980.0	-0.02	0.12	-0.194	0.846	1.0	0.9995901155158834
PEAR1	152.0	-0.01	0.15	-0.0818	0.935	1.0	0.9995901155158834
PEBP1	1150.0	0.08	0.1	0.79	0.43	1.0	0.9995901155158834
PEBP4	0.702	0.68	1.54	0.444	0.657	1.0	0.9995901155158834
PECAM1	10000.0	-0.06	0.07	-0.826	0.409	1.0	0.9995901155158834
PECR	31.2	0.09	0.21	0.424	0.672	1.0	0.9995901155158834
PEDS1	455.0	0.08	0.12	0.704	0.481	1.0	0.9995901155158834
PEDS1-UBE2V1	0.275	-1.52	3.05	-0.498	0.618	1.0	0.9995901155158834
PEF1	204.0	-0.05	0.13	-0.425	0.671	1.0	0.9995901155158834
PEG10	785.0	0.07	0.08	0.851	0.395	1.0	0.9995901155158834
PEG3	93.0	0.07	0.17	0.399	0.69	1.0	0.9995901155158834
PELI1	307.0	-0.05	0.09	-0.575	0.566	1.0	0.9995901155158834
PELI2	236.0	0.1	0.1	0.965	0.335	1.0	0.9995901155158834
PELI3	11.4	-0.29	0.4	-0.728	0.467	1.0	0.9995901155158834
PELO	139.0	-0.12	0.12	-0.981	0.326	1.0	0.9995901155158834
PELP1	1710.0	0.11	0.13	0.845	0.398	1.0	0.9995901155158834
PEMT	37.8	0.05	0.24	0.201	0.841	1.0	0.9995901155158834
PENK	1.15	-0.18	1.27	-0.143	0.887	1.0	0.9995901155158834
PEPD	252.0	0.04	0.11	0.354	0.723	1.0	0.9995901155158834
PER1	31.2	-0.09	0.24	-0.368	0.713	1.0	0.9995901155158834
PER2	23.7	-0.18	0.28	-0.656	0.512	1.0	0.9995901155158834
PER3	18.5	-0.54	0.27	-2.0	0.0458	1.0	0.9995901155158834
PERP	774.0	0.04	0.08	0.539	0.59	1.0	0.9995901155158834
PES1	1090.0	-0.01	0.11	-0.114	0.909	1.0	0.9995901155158834
PET100	619.0	-0.1	0.15	-0.67	0.503	1.0	0.9995901155158834
PET117	114.0	0.03	0.19	0.152	0.879	1.0	0.9995901155158834
PEX1	190.0	-0.14	0.12	-1.12	0.263	1.0	0.9995901155158834
PEX10	65.1	-0.16	0.2	-0.8	0.423	1.0	0.9995901155158834
PEX11A	49.8	0.2	0.2	1.02	0.306	1.0	0.9995901155158834
PEX11B	186.0	-0.02	0.14	-0.137	0.891	1.0	0.9995901155158834
PEX11G	4.32	0.7	0.66	1.07	0.286	1.0	0.9995901155158834
PEX12	33.5	0.1	0.25	0.398	0.69	1.0	0.9995901155158834
PEX13	209.0	0.03	0.11	0.308	0.758	1.0	0.9995901155158834
PEX14	84.8	0.04	0.17	0.24	0.81	1.0	0.9995901155158834
PEX16	159.0	0.11	0.16	0.671	0.502	1.0	0.9995901155158834
PEX19	226.0	-0.0	0.08	-0.0132	0.989	1.0	0.9995901155158834
PEX2	83.6	0.16	0.16	1.03	0.301	1.0	0.9995901155158834
PEX26	313.0	0.22	0.1	2.22	0.0262	1.0	0.9995901155158834
PEX3	77.0	0.0	0.14	0.0213	0.983	1.0	0.9995901155158834
PEX5	220.0	-0.05	0.12	-0.46	0.645	1.0	0.9995901155158834
PEX5L	2.21	0.99	0.84	1.17	0.242	1.0	0.9995901155158834
PEX6	77.3	-0.1	0.18	-0.563	0.574	1.0	0.9995901155158834
PEX7	45.2	-0.02	0.21	-0.0772	0.938	1.0	0.9995901155158834
PFAS	384.0	0.0	0.09	0.0138	0.989	1.0	0.9995901155158834
PFDN1	187.0	-0.17	0.14	-1.29	0.198	1.0	0.9995901155158834
PFDN2	893.0	-0.1	0.11	-0.937	0.349	1.0	0.9995901155158834
PFDN4	312.0	0.03	0.11	0.254	0.8	1.0	0.9995901155158834
PFDN5	2280.0	-0.02	0.1	-0.181	0.856	1.0	0.9995901155158834
PFDN6	238.0	-0.17	0.14	-1.25	0.21	1.0	0.9995901155158834
PFKFB2	133.0	0.11	0.13	0.853	0.394	1.0	0.9995901155158834
PFKFB3	887.0	0.11	0.12	0.854	0.393	1.0	0.9995901155158834
PFKFB4	24.4	-0.22	0.25	-0.907	0.364	1.0	0.9995901155158834
PFKL	970.0	-0.08	0.11	-0.75	0.453	1.0	0.9995901155158834
PFKM	386.0	-0.08	0.1	-0.791	0.429	1.0	0.9995901155158834
PFKP	928.0	0.06	0.14	0.419	0.675	1.0	0.9995901155158834
PFN1	7370.0	-0.05	0.08	-0.586	0.558	1.0	0.9995901155158834
PFN2	1420.0	-0.03	0.07	-0.381	0.703	1.0	0.9995901155158834
PFN4	3.99	-0.54	0.63	-0.863	0.388	1.0	0.9995901155158834
PGAM1	1230.0	0.03	0.07	0.417	0.677	1.0	0.9995901155158834
PGAM4	5.66	-1.06	0.8	-1.32	0.188	1.0	0.9995901155158834
PGAM5	155.0	0.25	0.13	1.95	0.0513	1.0	0.9995901155158834
PGAP1	1000.0	0.09	0.12	0.706	0.48	1.0	0.9995901155158834
PGAP2	21.5	-0.4	0.24	-1.62	0.104	1.0	0.9995901155158834
PGAP3	78.8	0.13	0.16	0.821	0.412	1.0	0.9995901155158834
PGAP4	187.0	0.0	0.15	0.0289	0.977	1.0	0.9995901155158834
PGAP6	330.0	0.01	0.14	0.0836	0.933	1.0	0.9995901155158834
PGBD1	137.0	0.06	0.14	0.45	0.652	1.0	0.9995901155158834
PGBD2	56.0	0.16	0.18	0.92	0.358	1.0	0.9995901155158834
PGBD3	0.589	2.8	2.43	1.15	0.249	1.0	0.9995901155158834
PGBD4	32.5	0.26	0.22	1.19	0.235	1.0	0.9995901155158834
PGBD5	10.9	-0.08	0.38	-0.2	0.841	1.0	0.9995901155158834
PGD	3330.0	-0.03	0.07	-0.459	0.646	1.0	0.9995901155158834
PGF	3.84	-0.5	0.68	-0.736	0.462	1.0	0.9995901155158834
PGGHG	99.5	-0.02	0.21	-0.11	0.912	1.0	0.9995901155158834
PGGT1B	613.0	0.07	0.09	0.76	0.448	1.0	0.9995901155158834
PGK1	4450.0	-0.04	0.06	-0.661	0.509	1.0	0.9995901155158834
PGLS	80.9	-0.16	0.23	-0.68	0.496	1.0	0.9995901155158834
PGLYRP3	3.25	-0.02	0.8	-0.0263	0.979	1.0	0.9995901155158834
PGLYRP4	0.887	-0.28	1.11	-0.255	0.799	1.0	0.9995901155158834
PGM1	245.0	0.04	0.12	0.301	0.763	1.0	0.9995901155158834
PGM2	349.0	0.03	0.09	0.343	0.731	1.0	0.9995901155158834
PGM2L1	728.0	0.03	0.1	0.274	0.784	1.0	0.9995901155158834
PGM3	448.0	-0.17	0.11	-1.61	0.108	1.0	0.9995901155158834
PGM5	2.61	-0.78	0.75	-1.04	0.297	1.0	0.9995901155158834
PGP	67.0	0.06	0.18	0.363	0.717	1.0	0.9995901155158834
PGPEP1	231.0	0.0	0.1	0.0495	0.961	1.0	0.9995901155158834
PGPEP1L	0.473	2.53	2.04	1.24	0.216	1.0	0.9995901155158834
PGRMC1	693.0	0.01	0.1	0.0696	0.944	1.0	0.9995901155158834
PGRMC2	422.0	0.01	0.08	0.148	0.883	1.0	0.9995901155158834
PGS1	64.1	-0.1	0.22	-0.431	0.666	1.0	0.9995901155158834
PHACTR1	51.3	-0.01	0.18	-0.0292	0.977	1.0	0.9995901155158834
PHACTR2	1080.0	-0.05	0.12	-0.389	0.697	1.0	0.9995901155158834
PHACTR4	354.0	-0.03	0.14	-0.21	0.833	1.0	0.9995901155158834
PHAF1	56.2	-0.14	0.17	-0.819	0.413	1.0	0.9995901155158834
PHAX	537.0	0.05	0.09	0.628	0.53	1.0	0.9995901155158834
PHB	1190.0	-0.06	0.07	-0.868	0.385	1.0	0.9995901155158834
PHB2	715.0	-0.02	0.12	-0.155	0.877	1.0	0.9995901155158834
PHC1	262.0	0.07	0.11	0.651	0.515	1.0	0.9995901155158834
PHC2	391.0	-0.11	0.11	-0.967	0.334	1.0	0.9995901155158834
PHC3	315.0	0.21	0.12	1.79	0.0741	1.0	0.9995901155158834
PHETA1	137.0	0.01	0.15	0.0899	0.928	1.0	0.9995901155158834
PHEX	6.18	0.38	0.54	0.699	0.485	1.0	0.9995901155158834
PHF1	114.0	-0.06	0.13	-0.433	0.665	1.0	0.9995901155158834
PHF10	155.0	-0.04	0.16	-0.273	0.785	1.0	0.9995901155158834
PHF11	103.0	-0.15	0.16	-0.964	0.335	1.0	0.9995901155158834
PHF12	208.0	0.08	0.1	0.867	0.386	1.0	0.9995901155158834
PHF13	281.0	0.01	0.1	0.0691	0.945	1.0	0.9995901155158834
PHF14	1080.0	-0.06	0.09	-0.591	0.555	1.0	0.9995901155158834
PHF19	78.5	-0.38	0.13	-2.78	0.00542	1.0	0.9995901155158834
PHF2	417.0	-0.01	0.07	-0.206	0.837	1.0	0.9995901155158834
PHF20	462.0	-0.01	0.11	-0.098	0.922	1.0	0.9995901155158834
PHF20L1	915.0	0.05	0.08	0.642	0.521	1.0	0.9995901155158834
PHF21A	351.0	-0.05	0.1	-0.517	0.605	1.0	0.9995901155158834
PHF21B	17.2	-0.07	0.29	-0.238	0.812	1.0	0.9995901155158834
PHF23	409.0	-0.1	0.09	-1.16	0.245	1.0	0.9995901155158834
PHF24	7.09	-0.16	0.46	-0.357	0.721	1.0	0.9995901155158834
PHF3	1240.0	0.04	0.1	0.399	0.69	1.0	0.9995901155158834
PHF5A	146.0	0.09	0.13	0.67	0.503	1.0	0.9995901155158834
PHF6	578.0	-0.06	0.12	-0.469	0.639	1.0	0.9995901155158834
PHF7	16.8	0.11	0.29	0.374	0.709	1.0	0.9995901155158834
PHF8	216.0	-0.14	0.12	-1.18	0.24	1.0	0.9995901155158834
PHGDH	507.0	-0.05	0.11	-0.477	0.633	1.0	0.9995901155158834
PHIP	773.0	0.06	0.11	0.537	0.591	1.0	0.9995901155158834
PHKA1	41.2	0.09	0.22	0.386	0.699	1.0	0.9995901155158834
PHKA2	77.8	-0.07	0.19	-0.376	0.707	1.0	0.9995901155158834
PHKB	517.0	-0.07	0.07	-0.953	0.341	1.0	0.9995901155158834
PHKG1	0.546	-0.59	1.65	-0.36	0.719	1.0	0.9995901155158834
PHKG2	55.5	-0.12	0.16	-0.737	0.461	1.0	0.9995901155158834
PHLDA1	840.0	-0.03	0.1	-0.306	0.76	1.0	0.9995901155158834
PHLDA2	37.9	-0.07	0.32	-0.204	0.838	1.0	0.9995901155158834
PHLDA3	60.9	0.19	0.16	1.17	0.241	1.0	0.9995901155158834
PHLDB1	757.0	-0.08	0.1	-0.84	0.401	1.0	0.9995901155158834
PHLDB2	273.0	-0.05	0.1	-0.464	0.643	1.0	0.9995901155158834
PHLDB3	16.1	0.11	0.35	0.317	0.751	1.0	0.9995901155158834
PHLPP1	157.0	0.16	0.11	1.47	0.143	1.0	0.9995901155158834
PHLPP2	120.0	0.11	0.12	0.893	0.372	1.0	0.9995901155158834
PHOSPHO1	1.15	0.45	1.11	0.404	0.686	1.0	0.9995901155158834
PHOSPHO2	30.8	-0.18	0.27	-0.671	0.502	1.0	0.9995901155158834
PHOSPHO2-KLHL23	208.0	0.34	0.56	0.601	0.548	1.0	0.9995901155158834
PHPT1	131.0	-0.0	0.12	-0.0282	0.977	1.0	0.9995901155158834
PHRF1	604.0	-0.06	0.11	-0.585	0.558	1.0	0.9995901155158834
PHTF1	646.0	-0.13	0.08	-1.63	0.104	1.0	0.9995901155158834
PHTF2	179.0	0.03	0.12	0.28	0.78	1.0	0.9995901155158834
PHYH	56.3	-0.08	0.19	-0.413	0.68	1.0	0.9995901155158834
PHYHD1	20.0	-0.15	0.31	-0.474	0.635	1.0	0.9995901155158834
PHYHIPL	3.18	0.55	0.96	0.574	0.566	1.0	0.9995901155158834
PHYKPL	33.6	-0.21	0.23	-0.951	0.342	1.0	0.9995901155158834
PI16	1.26	-0.06	1.3	-0.043	0.966	1.0	0.9995901155158834
PI4K2A	133.0	0.02	0.12	0.142	0.887	1.0	0.9995901155158834
PI4K2B	202.0	0.03	0.11	0.246	0.806	1.0	0.9995901155158834
PI4KA	350.0	-0.06	0.09	-0.65	0.516	1.0	0.9995901155158834
PI4KB	265.0	0.02	0.1	0.17	0.865	1.0	0.9995901155158834
PIANP	5.18	-0.64	0.52	-1.24	0.215	1.0	0.9995901155158834
PIAS1	301.0	0.09	0.12	0.727	0.467	1.0	0.9995901155158834
PIAS2	320.0	0.15	0.11	1.39	0.164	1.0	0.9995901155158834
PIAS3	161.0	0.21	0.11	1.8	0.0717	1.0	0.9995901155158834
PIAS4	164.0	-0.05	0.13	-0.385	0.7	1.0	0.9995901155158834
PIBF1	130.0	0.09	0.13	0.672	0.501	1.0	0.9995901155158834
PICALM	2500.0	0.03	0.08	0.332	0.74	1.0	0.9995901155158834
PICK1	62.5	-0.28	0.17	-1.61	0.106	1.0	0.9995901155158834
PID1	1.18	0.82	1.34	0.614	0.539	1.0	0.9995901155158834
PIDD1	9.05	-0.07	0.41	-0.17	0.865	1.0	0.9995901155158834
PIEZO1	845.0	-0.0	0.11	-0.00816	0.993	1.0	0.9995901155158834
PIEZO2	1160.0	-0.05	0.12	-0.402	0.688	1.0	0.9995901155158834
PIF1	3.7	-1.2	0.71	-1.7	0.089	1.0	0.9995901155158834
PIFO	11.8	-0.09	0.37	-0.24	0.81	1.0	0.9995901155158834
PIGA	128.0	-0.03	0.11	-0.281	0.779	1.0	0.9995901155158834
PIGB	34.5	-0.01	0.22	-0.0626	0.95	1.0	0.9995901155158834
PIGBOS1	74.8	-0.15	0.15	-0.978	0.328	1.0	0.9995901155158834
PIGC	285.0	-0.07	0.1	-0.678	0.498	1.0	0.9995901155158834
PIGF	88.0	0.07	0.2	0.328	0.743	1.0	0.9995901155158834
PIGG	318.0	0.06	0.11	0.581	0.561	1.0	0.9995901155158834
PIGH	64.0	0.31	0.17	1.78	0.0748	1.0	0.9995901155158834
PIGK	394.0	0.01	0.1	0.0984	0.922	1.0	0.9995901155158834
PIGL	16.7	0.16	0.34	0.477	0.633	1.0	0.9995901155158834
PIGM	178.0	0.22	0.15	1.43	0.153	1.0	0.9995901155158834
PIGN	438.0	0.12	0.12	1.05	0.293	1.0	0.9995901155158834
PIGO	107.0	0.08	0.15	0.548	0.584	1.0	0.9995901155158834
PIGP	15.9	-0.08	0.37	-0.214	0.831	1.0	0.9995901155158834
PIGQ	51.4	0.06	0.2	0.317	0.751	1.0	0.9995901155158834
PIGR	1.2	-0.51	1.0	-0.51	0.61	1.0	0.9995901155158834
PIGS	350.0	0.05	0.08	0.653	0.513	1.0	0.9995901155158834
PIGT	346.0	-0.09	0.14	-0.635	0.525	1.0	0.9995901155158834
PIGU	41.4	-0.37	0.24	-1.52	0.128	1.0	0.9995901155158834
PIGV	21.1	-0.04	0.27	-0.139	0.889	1.0	0.9995901155158834
PIGW	323.0	0.06	0.13	0.469	0.639	1.0	0.9995901155158834
PIGX	129.0	0.11	0.11	1.01	0.314	1.0	0.9995901155158834
PIGY	210.0	-0.09	0.13	-0.658	0.51	1.0	0.9995901155158834
PIGZ	1.85	1.16	0.91	1.26	0.206	1.0	0.9995901155158834
PIH1D1	195.0	-0.03	0.09	-0.274	0.784	1.0	0.9995901155158834
PIH1D2	1.67	-0.4	0.88	-0.454	0.65	1.0	0.9995901155158834
PIK3AP1	3.24	-0.04	0.61	-0.0652	0.948	1.0	0.9995901155158834
PIK3C2A	913.0	0.05	0.08	0.592	0.554	1.0	0.9995901155158834
PIK3C2B	1380.0	0.04	0.08	0.498	0.619	1.0	0.9995901155158834
PIK3C3	415.0	0.04	0.1	0.454	0.65	1.0	0.9995901155158834
PIK3CA	415.0	0.07	0.09	0.728	0.467	1.0	0.9995901155158834
PIK3CB	255.0	-0.12	0.1	-1.18	0.238	1.0	0.9995901155158834
PIK3CD	111.0	-0.16	0.14	-1.19	0.235	1.0	0.9995901155158834
PIK3CG	88.4	-0.11	0.15	-0.692	0.489	1.0	0.9995901155158834
PIK3IP1	66.7	-0.1	0.15	-0.639	0.523	1.0	0.9995901155158834
PIK3R1	909.0	0.0	0.08	0.0382	0.97	1.0	0.9995901155158834
PIK3R2	50.2	-0.06	0.19	-0.34	0.734	1.0	0.9995901155158834
PIK3R3	498.0	0.0	0.11	0.0336	0.973	1.0	0.9995901155158834
PIK3R4	167.0	-0.04	0.11	-0.382	0.703	1.0	0.9995901155158834
PIK3R5	1.05	-1.64	1.46	-1.13	0.259	1.0	0.9995901155158834
PIKFYVE	630.0	0.04	0.09	0.455	0.649	1.0	0.9995901155158834
PILRB	16.7	0.41	0.31	1.33	0.183	1.0	0.9995901155158834
PIM1	30.5	0.21	0.2	1.03	0.302	1.0	0.9995901155158834
PIM2	6.36	0.15	0.54	0.275	0.783	1.0	0.9995901155158834
PIM3	109.0	-0.04	0.14	-0.278	0.781	1.0	0.9995901155158834
PIMREG	25.2	-0.62	0.31	-1.99	0.0463	1.0	0.9995901155158834
PIN1	275.0	-0.26	0.13	-1.97	0.0484	1.0	0.9995901155158834
PIN4	271.0	-0.11	0.14	-0.825	0.41	1.0	0.9995901155158834
PINK1	294.0	-0.09	0.13	-0.72	0.472	1.0	0.9995901155158834
PINLYP	3.98	-0.8	0.66	-1.23	0.22	1.0	0.9995901155158834
PINX1	177.0	-0.14	0.11	-1.19	0.233	1.0	0.9995901155158834
PIP4K2A	650.0	-0.02	0.08	-0.195	0.845	1.0	0.9995901155158834
PIP4K2B	941.0	0.07	0.08	0.986	0.324	1.0	0.9995901155158834
PIP4K2C	44.1	0.09	0.18	0.479	0.632	1.0	0.9995901155158834
PIP4P1	36.9	-0.21	0.25	-0.849	0.396	1.0	0.9995901155158834
PIP4P2	63.3	-0.09	0.2	-0.453	0.65	1.0	0.9995901155158834
PIP5K1A	638.0	-0.0	0.07	-0.0236	0.981	1.0	0.9995901155158834
PIP5K1B	2.38	0.73	0.72	1.02	0.306	1.0	0.9995901155158834
PIP5K1C	550.0	0.03	0.07	0.418	0.676	1.0	0.9995901155158834
PIP5KL1	1.88	-0.48	0.77	-0.618	0.537	1.0	0.9995901155158834
PIPOX	2.87	-0.37	0.71	-0.527	0.598	1.0	0.9995901155158834
PIR	47.0	-0.19	0.21	-0.912	0.362	1.0	0.9995901155158834
PISD	196.0	0.04	0.11	0.35	0.726	1.0	0.9995901155158834
PITHD1	361.0	0.11	0.1	1.11	0.265	1.0	0.9995901155158834
PITPNA	759.0	-0.0	0.09	-0.0428	0.966	1.0	0.9995901155158834
PITPNB	1860.0	0.03	0.11	0.275	0.783	1.0	0.9995901155158834
PITPNC1	346.0	-0.15	0.11	-1.3	0.195	1.0	0.9995901155158834
PITPNM1	49.6	-0.19	0.22	-0.837	0.402	1.0	0.9995901155158834
PITPNM2	86.8	-0.19	0.18	-1.1	0.27	1.0	0.9995901155158834
PITPNM3	76.8	0.25	0.24	1.03	0.304	1.0	0.9995901155158834
PITRM1	247.0	-0.05	0.11	-0.472	0.637	1.0	0.9995901155158834
PITX2	33.9	-0.2	0.21	-0.968	0.333	1.0	0.9995901155158834
PIWIL1	0.753	-1.35	1.38	-0.979	0.328	1.0	0.9995901155158834
PIWIL2	0.522	0.92	1.62	0.569	0.57	1.0	0.9995901155158834
PIWIL3	0.498	1.29	1.72	0.751	0.453	1.0	0.9995901155158834
PIWIL4	4.8	-0.75	0.51	-1.45	0.146	1.0	0.9995901155158834
PJA1	258.0	0.02	0.09	0.223	0.824	1.0	0.9995901155158834
PJA2	1380.0	-0.03	0.08	-0.347	0.729	1.0	0.9995901155158834
PJVK	5.18	0.87	0.45	1.91	0.0559	1.0	0.9995901155158834
PKD1	443.0	0.14	0.13	1.04	0.297	1.0	0.9995901155158834
PKD1L1	13.0	0.28	0.34	0.828	0.408	1.0	0.9995901155158834
PKD2	492.0	-0.01	0.08	-0.157	0.875	1.0	0.9995901155158834
PKDCC	38.6	0.04	0.25	0.152	0.879	1.0	0.9995901155158834
PKDREJ	0.828	0.04	1.4	0.0311	0.975	1.0	0.9995901155158834
PKHD1L1	1.46	0.69	1.09	0.629	0.529	1.0	0.9995901155158834
PKIA	168.0	0.09	0.13	0.681	0.496	1.0	0.9995901155158834
PKIB	584.0	0.2	0.14	1.5	0.134	1.0	0.9995901155158834
PKIG	1100.0	-0.07	0.09	-0.699	0.484	1.0	0.9995901155158834
PKLR	0.468	-2.19	2.63	-0.835	0.404	1.0	0.9995901155158834
PKM	12900.0	-0.11	0.07	-1.55	0.121	1.0	0.9995901155158834
PKMYT1	43.8	-0.39	0.21	-1.85	0.0636	1.0	0.9995901155158834
PKN1	809.0	-0.02	0.12	-0.134	0.894	1.0	0.9995901155158834
PKN2	619.0	0.02	0.08	0.262	0.794	1.0	0.9995901155158834
PKN3	66.7	-0.22	0.2	-1.12	0.264	1.0	0.9995901155158834
PKNOX1	270.0	0.01	0.12	0.0846	0.933	1.0	0.9995901155158834
PKP2	27.6	-0.16	0.21	-0.793	0.428	1.0	0.9995901155158834
PKP4	1200.0	0.09	0.06	1.47	0.141	1.0	0.9995901155158834
PLA2G10	1.2	0.48	1.07	0.452	0.652	1.0	0.9995901155158834
PLA2G12A	143.0	-0.08	0.11	-0.728	0.467	1.0	0.9995901155158834
PLA2G15	110.0	-0.18	0.17	-1.05	0.293	1.0	0.9995901155158834
PLA2G2A	0.431	-2.09	1.95	-1.07	0.283	1.0	0.9995901155158834
PLA2G2D	1.42	3.09	1.25	2.48	0.0131	1.0	0.9995901155158834
PLA2G3	20.8	-0.35	0.26	-1.36	0.172	1.0	0.9995901155158834
PLA2G4A	89.0	0.13	0.17	0.76	0.447	1.0	0.9995901155158834
PLA2G4B	1.1	0.72	2.63	0.274	0.784	1.0	0.9995901155158834
PLA2G4C	21.0	-0.07	0.33	-0.197	0.844	1.0	0.9995901155158834
PLA2G4D	1.1	0.74	1.26	0.584	0.559	1.0	0.9995901155158834
PLA2G4E	0.49	1.08	2.12	0.508	0.612	1.0	0.9995901155158834
PLA2G5	1.45	-0.03	1.15	-0.0218	0.983	1.0	0.9995901155158834
PLA2G6	6.43	-0.4	0.48	-0.831	0.406	1.0	0.9995901155158834
PLA2G7	4.24	-0.95	1.29	-0.732	0.464	1.0	0.9995901155158834
PLA2R1	44.2	-0.07	0.22	-0.326	0.745	1.0	0.9995901155158834
PLAA	1090.0	0.02	0.06	0.268	0.789	1.0	0.9995901155158834
PLAAT1	16.6	-0.45	0.31	-1.44	0.151	1.0	0.9995901155158834
PLAAT3	366.0	0.01	0.09	0.155	0.877	1.0	0.9995901155158834
PLAAT5	1.36	-0.2	1.12	-0.182	0.856	1.0	0.9995901155158834
PLAC1	0.563	-1.02	1.75	-0.58	0.562	1.0	0.9995901155158834
PLAC8	4.83	-0.41	0.6	-0.693	0.488	1.0	0.9995901155158834
PLAC8L1	1.29	0.56	1.12	0.497	0.619	1.0	0.9995901155158834
PLAC9	0.816	0.81	1.48	0.549	0.583	1.0	0.9995901155158834
PLAG1	93.6	0.14	0.12	1.17	0.242	1.0	0.9995901155158834
PLAGL1	509.0	-0.06	0.08	-0.764	0.445	1.0	0.9995901155158834
PLAGL2	194.0	0.13	0.11	1.23	0.22	1.0	0.9995901155158834
PLAT	265.0	0.02	0.11	0.197	0.843	1.0	0.9995901155158834
PLAU	279.0	-0.09	0.12	-0.703	0.482	1.0	0.9995901155158834
PLAUR	454.0	-0.15	0.16	-0.931	0.352	1.0	0.9995901155158834
PLB1	1.84	-0.31	0.95	-0.328	0.743	1.0	0.9995901155158834
PLBD1	57.9	-0.25	0.18	-1.43	0.152	1.0	0.9995901155158834
PLBD2	759.0	-0.16	0.14	-1.15	0.252	1.0	0.9995901155158834
PLCB1	112.0	-0.12	0.14	-0.837	0.402	1.0	0.9995901155158834
PLCB2	404.0	-0.08	0.09	-0.899	0.369	1.0	0.9995901155158834
PLCB3	468.0	-0.0	0.09	-0.0526	0.958	1.0	0.9995901155158834
PLCB4	41.8	-0.22	0.23	-0.975	0.33	1.0	0.9995901155158834
PLCD1	42.9	-0.23	0.22	-1.04	0.298	1.0	0.9995901155158834
PLCD3	38.0	0.13	0.22	0.585	0.558	1.0	0.9995901155158834
PLCD4	11.7	-0.48	0.97	-0.495	0.621	1.0	0.9995901155158834
PLCE1	16.3	0.03	0.31	0.106	0.916	1.0	0.9995901155158834
PLCG1	1080.0	-0.03	0.08	-0.387	0.699	1.0	0.9995901155158834
PLCG2	149.0	0.08	0.19	0.415	0.678	1.0	0.9995901155158834
PLCH1	5.07	-0.66	0.53	-1.23	0.217	1.0	0.9995901155158834
PLCL1	377.0	-0.04	0.09	-0.383	0.702	1.0	0.9995901155158834
PLCL2	93.7	-0.2	0.17	-1.2	0.229	1.0	0.9995901155158834
PLCXD1	135.0	0.16	0.14	1.14	0.254	1.0	0.9995901155158834
PLCXD2	2.38	0.72	0.75	0.959	0.337	1.0	0.9995901155158834
PLCXD3	11.7	0.27	0.37	0.74	0.459	1.0	0.9995901155158834
PLD1	610.0	-0.03	0.11	-0.306	0.76	1.0	0.9995901155158834
PLD2	126.0	-0.04	0.14	-0.305	0.76	1.0	0.9995901155158834
PLD3	404.0	-0.04	0.15	-0.272	0.785	1.0	0.9995901155158834
PLD4	0.729	3.32	3.01	1.1	0.27	1.0	0.9995901155158834
PLD5	1.02	-2.89	1.26	-2.29	0.0218	1.0	0.9995901155158834
PLD6	2.74	0.61	0.74	0.82	0.412	1.0	0.9995901155158834
PLEC	1960.0	-0.14	0.22	-0.619	0.536	1.0	0.9995901155158834
PLEK	1.52	-0.89	1.11	-0.798	0.425	1.0	0.9995901155158834
PLEK2	7.53	-0.2	0.47	-0.439	0.661	1.0	0.9995901155158834
PLEKHA1	519.0	0.08	0.07	1.14	0.254	1.0	0.9995901155158834
PLEKHA2	58.5	-0.13	0.2	-0.641	0.522	1.0	0.9995901155158834
PLEKHA3	165.0	0.17	0.14	1.2	0.23	1.0	0.9995901155158834
PLEKHA4	56.1	-0.27	0.2	-1.4	0.163	1.0	0.9995901155158834
PLEKHA5	251.0	0.01	0.09	0.088	0.93	1.0	0.9995901155158834
PLEKHA6	6.07	0.56	0.48	1.17	0.242	1.0	0.9995901155158834
PLEKHA7	6.56	-0.17	0.46	-0.367	0.714	1.0	0.9995901155158834
PLEKHA8	927.0	0.03	0.09	0.298	0.766	1.0	0.9995901155158834
PLEKHB1	15.0	-0.04	0.3	-0.126	0.9	1.0	0.9995901155158834
PLEKHB2	1220.0	0.06	0.08	0.767	0.443	1.0	0.9995901155158834
PLEKHD1	2.98	-0.65	0.7	-0.926	0.355	1.0	0.9995901155158834
PLEKHF1	2.32	0.02	0.94	0.021	0.983	1.0	0.9995901155158834
PLEKHF2	314.0	0.05	0.13	0.37	0.711	1.0	0.9995901155158834
PLEKHG1	1210.0	0.06	0.09	0.599	0.549	1.0	0.9995901155158834
PLEKHG2	384.0	-0.04	0.12	-0.352	0.725	1.0	0.9995901155158834
PLEKHG3	146.0	-0.14	0.13	-1.06	0.287	1.0	0.9995901155158834
PLEKHG4	4.21	-0.39	0.61	-0.64	0.522	1.0	0.9995901155158834
PLEKHG4B	20.6	0.05	0.32	0.162	0.871	1.0	0.9995901155158834
PLEKHG5	214.0	-0.01	0.12	-0.0905	0.928	1.0	0.9995901155158834
PLEKHG6	2.69	1.21	0.71	1.7	0.0886	1.0	0.9995901155158834
PLEKHG7	0.266	-1.05	2.51	-0.418	0.676	1.0	0.9995901155158834
PLEKHH1	26.5	-0.29	0.23	-1.27	0.206	1.0	0.9995901155158834
PLEKHH2	11.7	0.3	0.32	0.921	0.357	1.0	0.9995901155158834
PLEKHH3	24.1	-0.26	0.25	-1.07	0.286	1.0	0.9995901155158834
PLEKHJ1	639.0	0.07	0.1	0.694	0.488	1.0	0.9995901155158834
PLEKHM1	83.9	0.0	0.18	0.000138	1.0	1.0	1.0
PLEKHM2	379.0	-0.1	0.11	-0.887	0.375	1.0	0.9995901155158834
PLEKHM3	105.0	0.04	0.17	0.205	0.838	1.0	0.9995901155158834
PLEKHO1	369.0	-0.03	0.12	-0.242	0.809	1.0	0.9995901155158834
PLEKHO2	239.0	-0.06	0.09	-0.715	0.475	1.0	0.9995901155158834
PLEKHS1	0.556	-0.97	1.44	-0.676	0.499	1.0	0.9995901155158834
PLG	2.3	3.78	2.78	1.36	0.174	1.0	0.9995901155158834
PLGLB1	0.37	-1.89	2.8	-0.674	0.501	1.0	0.9995901155158834
PLGLB2	16.7	-0.07	0.38	-0.19	0.849	1.0	0.9995901155158834
PLGRKT	61.0	0.07	0.18	0.401	0.688	1.0	0.9995901155158834
PLIN2	826.0	-0.05	0.08	-0.644	0.52	1.0	0.9995901155158834
PLIN3	458.0	0.02	0.1	0.227	0.82	1.0	0.9995901155158834
PLIN5	1.14	2.34	1.13	2.06	0.0391	1.0	0.9995901155158834
PLK1	95.3	-0.01	0.13	-0.0526	0.958	1.0	0.9995901155158834
PLK2	4180.0	0.08	0.07	1.13	0.259	1.0	0.9995901155158834
PLK3	49.1	0.01	0.18	0.0411	0.967	1.0	0.9995901155158834
PLK4	153.0	-0.04	0.13	-0.335	0.738	1.0	0.9995901155158834
PLK5	1.86	0.4	0.95	0.424	0.671	1.0	0.9995901155158834
PLLP	9.14	0.5	0.4	1.26	0.208	1.0	0.9995901155158834
PLOD1	850.0	-0.16	0.12	-1.27	0.204	1.0	0.9995901155158834
PLOD2	368.0	0.09	0.09	1.01	0.313	1.0	0.9995901155158834
PLOD3	614.0	-0.01	0.1	-0.0782	0.938	1.0	0.9995901155158834
PLP1	1.61	-0.34	1.08	-0.317	0.751	1.0	0.9995901155158834
PLP2	31.7	-0.34	0.23	-1.52	0.128	1.0	0.9995901155158834
PLPBP	233.0	0.01	0.09	0.0961	0.923	1.0	0.9995901155158834
PLPP1	55.6	-0.08	0.19	-0.415	0.678	1.0	0.9995901155158834
PLPP2	15.1	0.06	0.31	0.198	0.843	1.0	0.9995901155158834
PLPP3	242.0	-0.07	0.14	-0.516	0.606	1.0	0.9995901155158834
PLPP4	9.17	0.26	0.42	0.637	0.524	1.0	0.9995901155158834
PLPP5	30.4	0.12	0.23	0.507	0.612	1.0	0.9995901155158834
PLPP6	240.0	-0.14	0.11	-1.28	0.2	1.0	0.9995901155158834
PLPP7	1.94	-0.09	0.9	-0.103	0.918	1.0	0.9995901155158834
PLPPR1	4.59	0.06	0.59	0.095	0.924	1.0	0.9995901155158834
PLPPR2	38.1	0.08	0.21	0.376	0.707	1.0	0.9995901155158834
PLPPR3	7.61	-0.35	0.49	-0.729	0.466	1.0	0.9995901155158834
PLPPR4	3.44	0.05	0.7	0.0685	0.945	1.0	0.9995901155158834
PLPPR5	12.1	-0.1	0.32	-0.322	0.747	1.0	0.9995901155158834
PLRG1	662.0	0.03	0.08	0.43	0.667	1.0	0.9995901155158834
PLS1	36.5	-0.18	0.22	-0.826	0.409	1.0	0.9995901155158834
PLS3	3270.0	0.02	0.07	0.242	0.809	1.0	0.9995901155158834
PLSCR1	211.0	0.01	0.1	0.0569	0.955	1.0	0.9995901155158834
PLSCR3	52.4	-0.13	0.19	-0.659	0.51	1.0	0.9995901155158834
PLSCR4	82.7	0.26	0.2	1.32	0.188	1.0	0.9995901155158834
PLTP	128.0	-0.14	0.18	-0.775	0.438	1.0	0.9995901155158834
PLVAP	16300.0	-0.1	0.08	-1.19	0.235	1.0	0.9995901155158834
PLXDC1	3.67	0.5	0.61	0.827	0.408	1.0	0.9995901155158834
PLXDC2	538.0	-0.05	0.12	-0.443	0.658	1.0	0.9995901155158834
PLXNA1	462.0	0.11	0.08	1.39	0.164	1.0	0.9995901155158834
PLXNA2	924.0	-0.01	0.11	-0.0527	0.958	1.0	0.9995901155158834
PLXNA3	198.0	0.04	0.13	0.273	0.785	1.0	0.9995901155158834
PLXNA4	92.8	0.06	0.15	0.406	0.685	1.0	0.9995901155158834
PLXNB1	103.0	0.03	0.18	0.184	0.854	1.0	0.9995901155158834
PLXNB2	363.0	0.04	0.13	0.352	0.725	1.0	0.9995901155158834
PLXNB3	1.84	-0.0	0.82	-0.000234	1.0	1.0	1.0
PLXNC1	3.6	0.27	0.58	0.473	0.636	1.0	0.9995901155158834
PLXND1	5380.0	-0.03	0.08	-0.421	0.674	1.0	0.9995901155158834
PM20D1	1.35	0.84	0.94	0.893	0.372	1.0	0.9995901155158834
PM20D2	277.0	0.21	0.15	1.37	0.172	1.0	0.9995901155158834
PMAIP1	48.7	0.02	0.22	0.102	0.919	1.0	0.9995901155158834
PMCH	4.53	0.01	1.28	0.00834	0.993	1.0	0.9995901155158834
PMEL	5.93	-0.05	0.62	-0.0843	0.933	1.0	0.9995901155158834
PMEPA1	170.0	-0.01	0.11	-0.131	0.896	1.0	0.9995901155158834
PMF1	154.0	-0.06	0.19	-0.313	0.754	1.0	0.9995901155158834
PMF1-BGLAP	143.0	-0.08	0.17	-0.466	0.641	1.0	0.9995901155158834
PMFBP1	3.28	0.28	0.71	0.389	0.697	1.0	0.9995901155158834
PML	102.0	-0.14	0.15	-0.928	0.353	1.0	0.9995901155158834
PMM1	9.16	-0.13	0.37	-0.342	0.733	1.0	0.9995901155158834
PMM2	245.0	-0.09	0.1	-0.912	0.362	1.0	0.9995901155158834
PMP22	1300.0	0.07	0.15	0.496	0.62	1.0	0.9995901155158834
PMPCA	364.0	-0.06	0.09	-0.648	0.517	1.0	0.9995901155158834
PMPCB	468.0	-0.18	0.09	-1.95	0.0507	1.0	0.9995901155158834
PMS1	163.0	-0.05	0.11	-0.46	0.645	1.0	0.9995901155158834
PMS2	377.0	-0.03	0.07	-0.487	0.626	1.0	0.9995901155158834
PMVK	135.0	-0.08	0.13	-0.608	0.543	1.0	0.9995901155158834
PNISR	983.0	0.04	0.11	0.348	0.728	1.0	0.9995901155158834
PNKD	78.4	0.06	0.18	0.337	0.736	1.0	0.9995901155158834
PNKP	107.0	-0.1	0.15	-0.67	0.503	1.0	0.9995901155158834
PNMA1	1190.0	0.08	0.09	0.916	0.36	1.0	0.9995901155158834
PNMA2	3.16	0.27	0.63	0.434	0.665	1.0	0.9995901155158834
PNMA3	3.64	0.36	0.58	0.621	0.535	1.0	0.9995901155158834
PNMA6A	11.5	-0.35	0.4	-0.874	0.382	1.0	0.9995901155158834
PNMA8A	143.0	-0.1	0.13	-0.737	0.461	1.0	0.9995901155158834
PNMA8B	27.5	0.33	0.27	1.19	0.235	1.0	0.9995901155158834
PNMA8C	5.26	0.41	0.7	0.579	0.562	1.0	0.9995901155158834
PNN	3480.0	-0.04	0.18	-0.234	0.815	1.0	0.9995901155158834
PNO1	267.0	-0.07	0.1	-0.689	0.491	1.0	0.9995901155158834
PNP	553.0	-0.03	0.1	-0.275	0.784	1.0	0.9995901155158834
PNPLA1	1.02	1.74	1.45	1.2	0.23	1.0	0.9995901155158834
PNPLA2	37.6	-0.33	0.21	-1.54	0.124	1.0	0.9995901155158834
PNPLA3	31.7	-0.04	0.22	-0.182	0.855	1.0	0.9995901155158834
PNPLA4	52.1	0.03	0.15	0.207	0.836	1.0	0.9995901155158834
PNPLA5	0.552	-1.9	2.06	-0.923	0.356	1.0	0.9995901155158834
PNPLA6	213.0	-0.05	0.13	-0.379	0.704	1.0	0.9995901155158834
PNPLA7	5.04	0.55	0.6	0.927	0.354	1.0	0.9995901155158834
PNPLA8	272.0	-0.14	0.1	-1.5	0.135	1.0	0.9995901155158834
PNPO	59.8	0.07	0.18	0.384	0.701	1.0	0.9995901155158834
PNPT1	280.0	0.02	0.09	0.235	0.815	1.0	0.9995901155158834
PNRC1	95.2	0.12	0.22	0.56	0.576	1.0	0.9995901155158834
PNRC2	1510.0	-0.01	0.07	-0.0851	0.932	1.0	0.9995901155158834
POC1A	56.7	0.03	0.18	0.168	0.867	1.0	0.9995901155158834
POC1B	101.0	-0.05	0.14	-0.339	0.735	1.0	0.9995901155158834
POC1B-GALNT4	30.9	0.98	0.99	0.996	0.319	1.0	0.9995901155158834
POC5	122.0	-0.2	0.1	-1.88	0.0607	1.0	0.9995901155158834
PODN	1.85	0.72	1.19	0.602	0.547	1.0	0.9995901155158834
PODNL1	1.0	1.12	1.14	0.983	0.326	1.0	0.9995901155158834
PODXL	2380.0	-0.06	0.2	-0.304	0.761	1.0	0.9995901155158834
PODXL2	26.7	-0.01	0.28	-0.0505	0.96	1.0	0.9995901155158834
POFUT1	748.0	-0.03	0.08	-0.391	0.696	1.0	0.9995901155158834
POFUT2	344.0	-0.08	0.09	-0.966	0.334	1.0	0.9995901155158834
POGK	545.0	0.06	0.08	0.772	0.44	1.0	0.9995901155158834
POGLUT1	142.0	0.23	0.11	2.08	0.0374	1.0	0.9995901155158834
POGLUT2	186.0	0.02	0.11	0.201	0.841	1.0	0.9995901155158834
POGLUT3	653.0	0.11	0.08	1.29	0.198	1.0	0.9995901155158834
POGZ	462.0	0.13	0.1	1.36	0.174	1.0	0.9995901155158834
POLA1	251.0	-0.13	0.1	-1.29	0.198	1.0	0.9995901155158834
POLA2	132.0	-0.11	0.13	-0.827	0.408	1.0	0.9995901155158834
POLB	107.0	-0.18	0.13	-1.44	0.15	1.0	0.9995901155158834
POLD1	200.0	0.16	0.1	1.52	0.128	1.0	0.9995901155158834
POLD2	144.0	0.03	0.15	0.214	0.831	1.0	0.9995901155158834
POLD3	194.0	0.01	0.1	0.132	0.895	1.0	0.9995901155158834
POLD4	48.2	0.09	0.27	0.323	0.747	1.0	0.9995901155158834
POLDIP2	179.0	-0.16	0.13	-1.24	0.214	1.0	0.9995901155158834
POLDIP3	467.0	-0.03	0.08	-0.333	0.739	1.0	0.9995901155158834
POLE	303.0	0.03	0.11	0.275	0.784	1.0	0.9995901155158834
POLE2	50.1	-0.03	0.18	-0.17	0.865	1.0	0.9995901155158834
POLE3	1050.0	-0.05	0.08	-0.607	0.544	1.0	0.9995901155158834
POLE4	67.1	-0.12	0.17	-0.73	0.465	1.0	0.9995901155158834
POLG	457.0	-0.09	0.09	-0.979	0.327	1.0	0.9995901155158834
POLG2	57.7	0.02	0.17	0.12	0.904	1.0	0.9995901155158834
POLH	173.0	0.02	0.15	0.115	0.909	1.0	0.9995901155158834
POLI	141.0	0.01	0.12	0.0606	0.952	1.0	0.9995901155158834
POLK	173.0	0.01	0.11	0.125	0.9	1.0	0.9995901155158834
POLL	33.7	0.04	0.21	0.211	0.833	1.0	0.9995901155158834
POLM	19.9	-0.14	0.29	-0.49	0.624	1.0	0.9995901155158834
POLN	2.13	0.59	1.07	0.546	0.585	1.0	0.9995901155158834
POLQ	94.7	-0.05	0.14	-0.338	0.735	1.0	0.9995901155158834
POLR1A	527.0	-0.02	0.11	-0.212	0.832	1.0	0.9995901155158834
POLR1B	280.0	0.02	0.09	0.209	0.834	1.0	0.9995901155158834
POLR1C	100.0	-0.05	0.16	-0.337	0.736	1.0	0.9995901155158834
POLR1D	305.0	-0.04	0.1	-0.431	0.667	1.0	0.9995901155158834
POLR1E	68.0	-0.01	0.14	-0.0853	0.932	1.0	0.9995901155158834
POLR1F	434.0	0.03	0.09	0.378	0.705	1.0	0.9995901155158834
POLR1G	132.0	0.22	0.2	1.07	0.284	1.0	0.9995901155158834
POLR1H	46.1	-0.2	0.24	-0.852	0.394	1.0	0.9995901155158834
POLR2A	3200.0	-0.21	0.13	-1.56	0.118	1.0	0.9995901155158834
POLR2B	1650.0	0.02	0.07	0.379	0.705	1.0	0.9995901155158834
POLR2C	156.0	0.06	0.16	0.388	0.698	1.0	0.9995901155158834
POLR2D	455.0	0.15	0.1	1.47	0.142	1.0	0.9995901155158834
POLR2E	501.0	-0.04	0.11	-0.359	0.719	1.0	0.9995901155158834
POLR2F	600.0	-0.16	0.07	-2.13	0.0332	1.0	0.9995901155158834
POLR2G	191.0	0.03	0.15	0.187	0.851	1.0	0.9995901155158834
POLR2H	203.0	0.01	0.12	0.107	0.915	1.0	0.9995901155158834
POLR2I	16.3	-0.09	0.28	-0.308	0.758	1.0	0.9995901155158834
POLR2J	154.0	-0.11	0.13	-0.895	0.371	1.0	0.9995901155158834
POLR2J2	17.4	0.19	0.9	0.213	0.831	1.0	0.9995901155158834
POLR2J3	82.5	-0.04	0.21	-0.175	0.861	1.0	0.9995901155158834
POLR2K	278.0	-0.19	0.12	-1.61	0.107	1.0	0.9995901155158834
POLR2L	279.0	-0.02	0.14	-0.137	0.891	1.0	0.9995901155158834
POLR2M	167.0	-0.33	0.43	-0.766	0.444	1.0	0.9995901155158834
POLR3A	439.0	0.04	0.07	0.623	0.533	1.0	0.9995901155158834
POLR3B	213.0	0.03	0.1	0.324	0.746	1.0	0.9995901155158834
POLR3C	172.0	0.07	0.12	0.616	0.538	1.0	0.9995901155158834
POLR3D	321.0	-0.01	0.08	-0.0643	0.949	1.0	0.9995901155158834
POLR3E	213.0	-0.08	0.11	-0.674	0.5	1.0	0.9995901155158834
POLR3F	147.0	0.11	0.11	0.97	0.332	1.0	0.9995901155158834
POLR3G	96.8	0.21	0.19	1.16	0.247	1.0	0.9995901155158834
POLR3GL	393.0	-0.01	0.11	-0.066	0.947	1.0	0.9995901155158834
POLR3H	136.0	-0.03	0.13	-0.199	0.842	1.0	0.9995901155158834
POLR3K	253.0	0.06	0.12	0.532	0.595	1.0	0.9995901155158834
POLRMT	394.0	0.09	0.11	0.801	0.423	1.0	0.9995901155158834
POM121	374.0	-0.01	0.12	-0.0895	0.929	1.0	0.9995901155158834
POM121C	374.0	0.03	0.09	0.28	0.78	1.0	0.9995901155158834
POM121L2	0.506	1.67	1.73	0.965	0.334	1.0	0.9995901155158834
POMGNT1	292.0	-0.1	0.13	-0.791	0.429	1.0	0.9995901155158834
POMGNT2	38.8	-0.29	0.2	-1.42	0.157	1.0	0.9995901155158834
POMK	46.9	-0.06	0.19	-0.349	0.727	1.0	0.9995901155158834
POMP	3290.0	-0.01	0.12	-0.0882	0.93	1.0	0.9995901155158834
POMT1	276.0	0.0	0.09	0.0172	0.986	1.0	0.9995901155158834
POMT2	92.3	-0.22	0.16	-1.33	0.184	1.0	0.9995901155158834
POMZP3	8.63	0.1	0.49	0.197	0.844	1.0	0.9995901155158834
PON2	435.0	0.03	0.11	0.253	0.801	1.0	0.9995901155158834
POP1	107.0	-0.11	0.13	-0.813	0.416	1.0	0.9995901155158834
POP4	194.0	0.02	0.1	0.17	0.865	1.0	0.9995901155158834
POP5	35.5	-0.01	0.21	-0.0307	0.976	1.0	0.9995901155158834
POP7	46.6	-0.09	0.2	-0.439	0.66	1.0	0.9995901155158834
POPDC3	105.0	0.12	0.14	0.846	0.398	1.0	0.9995901155158834
POR	426.0	-0.06	0.11	-0.549	0.583	1.0	0.9995901155158834
PORCN	15.1	0.08	0.3	0.274	0.784	1.0	0.9995901155158834
POSTN	13.4	0.28	0.31	0.898	0.369	1.0	0.9995901155158834
POT1	130.0	0.17	0.15	1.14	0.255	1.0	0.9995901155158834
POTEB3	1.17	0.55	1.42	0.383	0.702	1.0	0.9995901155158834
POTEC	0.983	0.61	1.55	0.395	0.693	1.0	0.9995901155158834
POTEE	0.78	0.7	1.61	0.434	0.664	1.0	0.9995901155158834
POTEF	1.47	0.59	1.38	0.429	0.668	1.0	0.9995901155158834
POTEI	1.21	-0.42	1.28	-0.328	0.743	1.0	0.9995901155158834
POTEM	1.83	1.49	0.98	1.52	0.128	1.0	0.9995901155158834
POU2AF1	13.3	-0.08	0.36	-0.227	0.821	1.0	0.9995901155158834
POU2F1	250.0	0.17	0.12	1.43	0.154	1.0	0.9995901155158834
POU2F2	123.0	0.17	0.15	1.09	0.275	1.0	0.9995901155158834
POU2F3	0.939	0.18	1.25	0.141	0.888	1.0	0.9995901155158834
POU3F3	1.28	1.03	1.1	0.937	0.349	1.0	0.9995901155158834
POU3F4	0.744	0.41	1.35	0.305	0.761	1.0	0.9995901155158834
POU4F1	6.06	-0.43	0.44	-0.998	0.318	1.0	0.9995901155158834
POU4F3	1.27	-0.69	1.08	-0.641	0.522	1.0	0.9995901155158834
POU5F1	5.06	0.67	0.58	1.14	0.253	1.0	0.9995901155158834
POU5F2	3.4	0.65	0.62	1.05	0.295	1.0	0.9995901155158834
POU6F1	26.4	0.27	0.24	1.12	0.263	1.0	0.9995901155158834
POU6F2	5.0	0.04	0.51	0.0764	0.939	1.0	0.9995901155158834
PP2D1	0.602	2.47	1.62	1.52	0.129	1.0	0.9995901155158834
PPA1	240.0	0.05	0.1	0.513	0.608	1.0	0.9995901155158834
PPA2	158.0	-0.03	0.15	-0.175	0.861	1.0	0.9995901155158834
PPAN	166.0	-0.06	0.16	-0.381	0.703	1.0	0.9995901155158834
PPAN-P2RY11	18.7	0.78	0.47	1.67	0.0943	1.0	0.9995901155158834
PPARA	123.0	0.03	0.11	0.304	0.761	1.0	0.9995901155158834
PPARD	102.0	-0.14	0.16	-0.864	0.388	1.0	0.9995901155158834
PPARG	79.6	-0.16	0.15	-1.03	0.302	1.0	0.9995901155158834
PPARGC1A	32.8	0.05	0.22	0.239	0.811	1.0	0.9995901155158834
PPARGC1B	54.6	0.17	0.28	0.592	0.554	1.0	0.9995901155158834
PPAT	425.0	0.09	0.11	0.831	0.406	1.0	0.9995901155158834
PPCDC	52.0	-0.32	0.22	-1.47	0.141	1.0	0.9995901155158834
PPCS	219.0	-0.1	0.09	-1.03	0.301	1.0	0.9995901155158834
PPDPF	116.0	-0.01	0.21	-0.0588	0.953	1.0	0.9995901155158834
PPEF2	1.11	1.07	1.27	0.841	0.4	1.0	0.9995901155158834
PPFIA1	577.0	0.02	0.09	0.273	0.785	1.0	0.9995901155158834
PPFIA2	3.31	0.53	0.65	0.826	0.409	1.0	0.9995901155158834
PPFIA3	22.5	-0.28	0.27	-1.04	0.296	1.0	0.9995901155158834
PPFIA4	3.48	-0.45	0.73	-0.615	0.539	1.0	0.9995901155158834
PPFIBP1	1430.0	-0.01	0.08	-0.184	0.854	1.0	0.9995901155158834
PPFIBP2	22.0	0.18	0.28	0.64	0.522	1.0	0.9995901155158834
PPHLN1	279.0	0.01	0.1	0.0982	0.922	1.0	0.9995901155158834
PPIA	4740.0	0.0	0.09	0.0103	0.992	1.0	0.9995901155158834
PPIAL4G	0.812	-2.99	3.02	-0.992	0.321	1.0	0.9995901155158834
PPIB	2150.0	-0.11	0.07	-1.42	0.155	1.0	0.9995901155158834
PPIC	816.0	0.02	0.08	0.29	0.772	1.0	0.9995901155158834
PPID	1170.0	0.02	0.08	0.267	0.79	1.0	0.9995901155158834
PPIE	193.0	-0.11	0.1	-1.14	0.256	1.0	0.9995901155158834
PPIF	121.0	-0.14	0.11	-1.25	0.211	1.0	0.9995901155158834
PPIG	3230.0	-0.03	0.07	-0.386	0.7	1.0	0.9995901155158834
PPIH	140.0	-0.07	0.11	-0.607	0.544	1.0	0.9995901155158834
PPIL1	225.0	0.06	0.12	0.478	0.632	1.0	0.9995901155158834
PPIL2	89.0	-0.01	0.17	-0.0676	0.946	1.0	0.9995901155158834
PPIL3	75.5	-0.17	0.15	-1.11	0.267	1.0	0.9995901155158834
PPIL4	794.0	0.01	0.11	0.132	0.895	1.0	0.9995901155158834
PPIL6	12.7	-0.15	0.36	-0.419	0.675	1.0	0.9995901155158834
PPIP5K1	80.1	0.17	0.15	1.16	0.248	1.0	0.9995901155158834
PPIP5K2	551.0	0.03	0.09	0.31	0.757	1.0	0.9995901155158834
PPL	8.24	-0.11	0.49	-0.225	0.822	1.0	0.9995901155158834
PPM1A	350.0	0.01	0.12	0.0705	0.944	1.0	0.9995901155158834
PPM1B	777.0	-0.04	0.1	-0.374	0.709	1.0	0.9995901155158834
PPM1D	349.0	0.13	0.12	1.03	0.302	1.0	0.9995901155158834
PPM1E	6.59	-0.21	0.54	-0.388	0.698	1.0	0.9995901155158834
PPM1F	1860.0	0.08	0.07	1.13	0.26	1.0	0.9995901155158834
PPM1G	2920.0	-0.06	0.09	-0.683	0.495	1.0	0.9995901155158834
PPM1H	117.0	0.13	0.13	0.943	0.346	1.0	0.9995901155158834
PPM1J	11.8	-0.08	0.39	-0.205	0.837	1.0	0.9995901155158834
PPM1K	208.0	0.11	0.1	1.08	0.279	1.0	0.9995901155158834
PPM1L	324.0	0.09	0.11	0.79	0.43	1.0	0.9995901155158834
PPM1M	15.6	-0.21	0.29	-0.719	0.472	1.0	0.9995901155158834
PPM1N	0.473	1.04	1.8	0.58	0.562	1.0	0.9995901155158834
PPME1	388.0	-0.17	0.08	-2.02	0.0437	1.0	0.9995901155158834
PPOX	32.8	-0.11	0.22	-0.473	0.636	1.0	0.9995901155158834
PPP1CA	1010.0	-0.04	0.12	-0.326	0.745	1.0	0.9995901155158834
PPP1CB	3970.0	0.03	0.08	0.376	0.707	1.0	0.9995901155158834
PPP1CC	1350.0	-0.01	0.06	-0.12	0.904	1.0	0.9995901155158834
PPP1R10	298.0	0.05	0.09	0.508	0.612	1.0	0.9995901155158834
PPP1R11	100.0	-0.12	0.13	-0.95	0.342	1.0	0.9995901155158834
PPP1R12A	1270.0	0.0	0.08	0.0391	0.969	1.0	0.9995901155158834
PPP1R12B	69.1	0.15	0.18	0.853	0.394	1.0	0.9995901155158834
PPP1R12C	331.0	0.01	0.1	0.0873	0.93	1.0	0.9995901155158834
PPP1R13B	333.0	-0.08	0.09	-0.904	0.366	1.0	0.9995901155158834
PPP1R13L	24.3	-0.21	0.28	-0.775	0.438	1.0	0.9995901155158834
PPP1R14A	7.51	-0.23	0.42	-0.546	0.585	1.0	0.9995901155158834
PPP1R14B	630.0	-0.08	0.12	-0.668	0.504	1.0	0.9995901155158834
PPP1R14C	9.25	-0.34	0.48	-0.705	0.481	1.0	0.9995901155158834
PPP1R15A	1350.0	-0.07	0.09	-0.748	0.455	1.0	0.9995901155158834
PPP1R15B	394.0	-0.03	0.08	-0.326	0.745	1.0	0.9995901155158834
PPP1R16A	32.9	-0.4	0.24	-1.65	0.0988	1.0	0.9995901155158834
PPP1R16B	432.0	-0.01	0.12	-0.0956	0.924	1.0	0.9995901155158834
PPP1R18	1920.0	-0.07	0.09	-0.815	0.415	1.0	0.9995901155158834
PPP1R1A	1.5	0.17	0.88	0.196	0.845	1.0	0.9995901155158834
PPP1R1C	2.14	1.03	1.02	1.02	0.309	1.0	0.9995901155158834
PPP1R2	326.0	0.0	0.09	0.00137	0.999	1.0	0.9995901155158834
PPP1R21	217.0	-0.01	0.14	-0.0994	0.921	1.0	0.9995901155158834
PPP1R26	262.0	-0.02	0.1	-0.193	0.847	1.0	0.9995901155158834
PPP1R32	1.75	-0.39	1.01	-0.386	0.699	1.0	0.9995901155158834
PPP1R35	11.4	0.4	0.38	1.05	0.293	1.0	0.9995901155158834
PPP1R36	12.0	0.22	0.38	0.581	0.561	1.0	0.9995901155158834
PPP1R37	91.4	-0.33	0.15	-2.12	0.034	1.0	0.9995901155158834
PPP1R3B	538.0	0.02	0.12	0.137	0.891	1.0	0.9995901155158834
PPP1R3C	7.69	0.58	0.46	1.24	0.214	1.0	0.9995901155158834
PPP1R3D	34.8	-0.13	0.23	-0.567	0.571	1.0	0.9995901155158834
PPP1R3E	19.3	0.6	0.25	2.43	0.0152	1.0	0.9995901155158834
PPP1R3F	28.0	-0.2	0.23	-0.876	0.381	1.0	0.9995901155158834
PPP1R3G	1.48	-1.6	0.99	-1.63	0.104	1.0	0.9995901155158834
PPP1R7	393.0	-0.02	0.1	-0.164	0.87	1.0	0.9995901155158834
PPP1R8	400.0	0.03	0.1	0.273	0.785	1.0	0.9995901155158834
PPP1R9A	86.1	0.28	0.17	1.6	0.109	1.0	0.9995901155158834
PPP1R9B	1780.0	-0.08	0.14	-0.618	0.537	1.0	0.9995901155158834
PPP2CA	1100.0	-0.0	0.07	-0.053	0.958	1.0	0.9995901155158834
PPP2CB	1230.0	-0.04	0.08	-0.492	0.622	1.0	0.9995901155158834
PPP2R1A	882.0	-0.1	0.1	-0.95	0.342	1.0	0.9995901155158834
PPP2R1B	452.0	-0.01	0.09	-0.123	0.902	1.0	0.9995901155158834
PPP2R2A	1060.0	-0.03	0.07	-0.466	0.641	1.0	0.9995901155158834
PPP2R2B	2.79	-3.0	1.18	-2.53	0.0114	1.0	0.9995901155158834
PPP2R2D	171.0	-0.14	0.11	-1.25	0.21	1.0	0.9995901155158834
PPP2R3A	137.0	0.1	0.13	0.753	0.451	1.0	0.9995901155158834
PPP2R3B	57.1	-0.0	0.17	-0.0228	0.982	1.0	0.9995901155158834
PPP2R3C	190.0	-0.07	0.11	-0.7	0.484	1.0	0.9995901155158834
PPP2R5A	176.0	0.01	0.14	0.0481	0.962	1.0	0.9995901155158834
PPP2R5B	45.7	0.01	0.2	0.0604	0.952	1.0	0.9995901155158834
PPP2R5C	388.0	0.05	0.11	0.444	0.657	1.0	0.9995901155158834
PPP2R5D	257.0	-0.05	0.11	-0.447	0.655	1.0	0.9995901155158834
PPP2R5E	726.0	-0.0	0.08	-0.00266	0.998	1.0	0.9995901155158834
PPP3CA	692.0	0.02	0.07	0.218	0.828	1.0	0.9995901155158834
PPP3CB	387.0	0.07	0.11	0.646	0.518	1.0	0.9995901155158834
PPP3CC	84.4	-0.35	0.18	-1.98	0.0477	1.0	0.9995901155158834
PPP3R1	1010.0	0.06	0.08	0.747	0.455	1.0	0.9995901155158834
PPP4C	520.0	-0.19	0.14	-1.36	0.173	1.0	0.9995901155158834
PPP4R1	993.0	0.03	0.07	0.48	0.631	1.0	0.9995901155158834
PPP4R2	863.0	-0.07	0.13	-0.567	0.571	1.0	0.9995901155158834
PPP4R3A	1300.0	0.08	0.08	0.944	0.345	1.0	0.9995901155158834
PPP4R3B	809.0	0.01	0.08	0.105	0.916	1.0	0.9995901155158834
PPP4R4	0.82	-1.35	1.35	-1.0	0.316	1.0	0.9995901155158834
PPP5C	460.0	-0.08	0.1	-0.805	0.421	1.0	0.9995901155158834
PPP6C	562.0	0.06	0.08	0.779	0.436	1.0	0.9995901155158834
PPP6R1	490.0	-0.03	0.07	-0.413	0.679	1.0	0.9995901155158834
PPP6R2	306.0	0.03	0.12	0.273	0.785	1.0	0.9995901155158834
PPP6R3	939.0	0.08	0.07	1.18	0.238	1.0	0.9995901155158834
PPRC1	167.0	-0.02	0.14	-0.168	0.867	1.0	0.9995901155158834
PPT1	499.0	0.01	0.1	0.126	0.9	1.0	0.9995901155158834
PPT2	280.0	0.04	0.09	0.397	0.691	1.0	0.9995901155158834
PPTC7	280.0	0.09	0.11	0.791	0.429	1.0	0.9995901155158834
PPWD1	254.0	-0.03	0.11	-0.323	0.747	1.0	0.9995901155158834
PQBP1	312.0	-0.14	0.1	-1.36	0.173	1.0	0.9995901155158834
PRADC1	58.7	0.08	0.17	0.467	0.64	1.0	0.9995901155158834
PRAF2	76.6	-0.15	0.14	-1.06	0.291	1.0	0.9995901155158834
PRAG1	166.0	-0.05	0.1	-0.511	0.609	1.0	0.9995901155158834
PRAM1	0.492	1.49	2.31	0.645	0.519	1.0	0.9995901155158834
PRAMEF19	1.88	-0.15	1.12	-0.137	0.891	1.0	0.9995901155158834
PRB3	1.92	-0.41	1.08	-0.38	0.704	1.0	0.9995901155158834
PRC1	271.0	-0.03	0.14	-0.205	0.838	1.0	0.9995901155158834
PRCC	296.0	0.05	0.09	0.547	0.584	1.0	0.9995901155158834
PRCP	6270.0	0.02	0.1	0.188	0.851	1.0	0.9995901155158834
PRDM1	93.7	-0.18	0.21	-0.865	0.387	1.0	0.9995901155158834
PRDM10	106.0	0.07	0.13	0.52	0.603	1.0	0.9995901155158834
PRDM11	121.0	0.04	0.17	0.268	0.788	1.0	0.9995901155158834
PRDM15	111.0	0.08	0.12	0.696	0.487	1.0	0.9995901155158834
PRDM16	115.0	-0.01	0.15	-0.0893	0.929	1.0	0.9995901155158834
PRDM2	539.0	0.15	0.08	1.93	0.0542	1.0	0.9995901155158834
PRDM4	235.0	-0.02	0.1	-0.15	0.88	1.0	0.9995901155158834
PRDM5	50.0	0.34	0.16	2.1	0.0356	1.0	0.9995901155158834
PRDM6	1.03	-2.46	1.22	-2.02	0.0432	1.0	0.9995901155158834
PRDM7	1.32	-1.06	1.25	-0.852	0.394	1.0	0.9995901155158834
PRDM8	36.2	-0.03	0.21	-0.144	0.885	1.0	0.9995901155158834
PRDX1	1850.0	-0.02	0.08	-0.248	0.804	1.0	0.9995901155158834
PRDX2	412.0	-0.01	0.11	-0.084	0.933	1.0	0.9995901155158834
PRDX3	549.0	-0.03	0.1	-0.356	0.722	1.0	0.9995901155158834
PRDX4	405.0	0.08	0.1	0.79	0.429	1.0	0.9995901155158834
PRDX5	2790.0	-0.13	0.13	-0.966	0.334	1.0	0.9995901155158834
PRDX6	774.0	0.04	0.1	0.356	0.722	1.0	0.9995901155158834
PREB	165.0	-0.09	0.12	-0.705	0.481	1.0	0.9995901155158834
PRELID1	529.0	-0.17	0.11	-1.54	0.124	1.0	0.9995901155158834
PRELID2	99.4	0.11	0.15	0.74	0.459	1.0	0.9995901155158834
PRELID3A	5.48	0.15	0.45	0.341	0.733	1.0	0.9995901155158834
PRELID3B	238.0	0.16	0.11	1.44	0.149	1.0	0.9995901155158834
PRELP	4.11	0.88	0.71	1.23	0.218	1.0	0.9995901155158834
PREP	625.0	0.01	0.09	0.128	0.898	1.0	0.9995901155158834
PREPL	430.0	-0.01	0.1	-0.102	0.919	1.0	0.9995901155158834
PREX1	2350.0	-0.08	0.11	-0.719	0.472	1.0	0.9995901155158834
PREX2	593.0	0.04	0.26	0.173	0.863	1.0	0.9995901155158834
PRG2	2.35	-1.1	0.92	-1.2	0.231	1.0	0.9995901155158834
PRG4	0.79	2.55	1.4	1.82	0.0695	1.0	0.9995901155158834
PRH1	16.9	-0.26	0.36	-0.708	0.479	1.0	0.9995901155158834
PRH1-TAS2R14	7.9	0.39	0.59	0.657	0.511	1.0	0.9995901155158834
PRH2	0.658	0.07	1.49	0.0488	0.961	1.0	0.9995901155158834
PRICKLE1	888.0	-0.04	0.08	-0.448	0.654	1.0	0.9995901155158834
PRICKLE2	80.8	0.03	0.14	0.246	0.806	1.0	0.9995901155158834
PRICKLE3	32.4	0.1	0.25	0.406	0.685	1.0	0.9995901155158834
PRICKLE4	15.3	-0.07	0.31	-0.226	0.821	1.0	0.9995901155158834
PRIM1	65.6	-0.05	0.16	-0.276	0.783	1.0	0.9995901155158834
PRIM2	88.7	-0.2	0.14	-1.38	0.167	1.0	0.9995901155158834
PRIMPOL	41.5	-0.03	0.22	-0.155	0.877	1.0	0.9995901155158834
PRKAA1	657.0	0.13	0.11	1.25	0.211	1.0	0.9995901155158834
PRKAA2	11.6	-0.04	0.4	-0.103	0.918	1.0	0.9995901155158834
PRKAB1	65.0	0.09	0.18	0.508	0.612	1.0	0.9995901155158834
PRKAB2	310.0	0.09	0.11	0.809	0.418	1.0	0.9995901155158834
PRKACA	291.0	-0.23	0.1	-2.26	0.0241	1.0	0.9995901155158834
PRKACB	342.0	0.02	0.09	0.236	0.813	1.0	0.9995901155158834
PRKAG1	202.0	-0.03	0.1	-0.344	0.731	1.0	0.9995901155158834
PRKAG2	246.0	0.01	0.12	0.0674	0.946	1.0	0.9995901155158834
PRKAR1A	5340.0	0.0	0.07	0.0114	0.991	1.0	0.9995901155158834
PRKAR1B	210.0	-0.04	0.1	-0.344	0.731	1.0	0.9995901155158834
PRKAR2A	1210.0	0.08	0.09	0.88	0.379	1.0	0.9995901155158834
PRKAR2B	418.0	-0.0	0.07	-0.0263	0.979	1.0	0.9995901155158834
PRKCA	451.0	0.07	0.27	0.24	0.81	1.0	0.9995901155158834
PRKCB	63.8	-0.27	0.19	-1.39	0.164	1.0	0.9995901155158834
PRKCD	33.4	-0.09	0.22	-0.42	0.674	1.0	0.9995901155158834
PRKCE	237.0	0.01	0.12	0.106	0.916	1.0	0.9995901155158834
PRKCG	1.49	-1.04	1.13	-0.923	0.356	1.0	0.9995901155158834
PRKCH	851.0	-0.1	0.07	-1.45	0.147	1.0	0.9995901155158834
PRKCI	599.0	0.11	0.12	0.99	0.322	1.0	0.9995901155158834
PRKCQ	60.0	0.08	0.16	0.524	0.6	1.0	0.9995901155158834
PRKCSH	2360.0	-0.0	0.09	-0.0445	0.965	1.0	0.9995901155158834
PRKCZ	11.1	-0.46	0.49	-0.939	0.348	1.0	0.9995901155158834
PRKD1	125.0	-0.02	0.13	-0.129	0.898	1.0	0.9995901155158834
PRKD2	210.0	-0.08	0.12	-0.67	0.503	1.0	0.9995901155158834
PRKD3	713.0	0.04	0.08	0.494	0.621	1.0	0.9995901155158834
PRKDC	2260.0	-0.03	0.12	-0.228	0.82	1.0	0.9995901155158834
PRKG1	538.0	0.01	0.12	0.0484	0.961	1.0	0.9995901155158834
PRKG2	3.47	-0.33	0.62	-0.524	0.6	1.0	0.9995901155158834
PRKN	21.9	0.33	0.27	1.26	0.209	1.0	0.9995901155158834
PRKRA	118.0	0.03	0.15	0.169	0.865	1.0	0.9995901155158834
PRKRIP1	200.0	-0.15	0.1	-1.53	0.126	1.0	0.9995901155158834
PRKX	419.0	0.12	0.09	1.31	0.191	1.0	0.9995901155158834
PRLHR	0.729	0.94	1.28	0.738	0.461	1.0	0.9995901155158834
PRLR	1.33	-0.72	0.97	-0.749	0.454	1.0	0.9995901155158834
PRMT1	766.0	0.02	0.08	0.26	0.795	1.0	0.9995901155158834
PRMT2	895.0	-0.1	0.1	-1.05	0.292	1.0	0.9995901155158834
PRMT3	94.6	0.11	0.13	0.846	0.398	1.0	0.9995901155158834
PRMT5	339.0	-0.03	0.1	-0.286	0.775	1.0	0.9995901155158834
PRMT6	317.0	0.07	0.08	0.856	0.392	1.0	0.9995901155158834
PRMT7	116.0	-0.07	0.12	-0.573	0.567	1.0	0.9995901155158834
PRMT8	0.497	-1.75	1.76	-0.995	0.32	1.0	0.9995901155158834
PRMT9	153.0	0.04	0.1	0.433	0.665	1.0	0.9995901155158834
PRND	365.0	-0.07	0.25	-0.295	0.768	1.0	0.9995901155158834
PRNP	229.0	0.02	0.11	0.136	0.892	1.0	0.9995901155158834
PROB1	7.63	-0.02	0.44	-0.0507	0.96	1.0	0.9995901155158834
PROC	0.525	-0.76	2.13	-0.355	0.722	1.0	0.9995901155158834
PROCA1	20.3	-0.08	0.31	-0.247	0.805	1.0	0.9995901155158834
PROCR	406.0	-0.07	0.1	-0.695	0.487	1.0	0.9995901155158834
PRODH	1.93	1.68	0.89	1.89	0.0588	1.0	0.9995901155158834
PROKR1	1.69	-0.38	0.97	-0.392	0.695	1.0	0.9995901155158834
PROKR2	0.494	0.8	1.78	0.45	0.652	1.0	0.9995901155158834
PROM1	4.69	0.24	0.55	0.433	0.665	1.0	0.9995901155158834
PROM2	6.4	0.06	0.58	0.0963	0.923	1.0	0.9995901155158834
PRORP	433.0	0.03	0.08	0.404	0.686	1.0	0.9995901155158834
PROS1	1450.0	0.03	0.06	0.526	0.599	1.0	0.9995901155158834
PROSER1	389.0	0.06	0.09	0.697	0.486	1.0	0.9995901155158834
PROSER2	34.8	-0.25	0.23	-1.1	0.272	1.0	0.9995901155158834
PROSER3	29.8	0.56	0.24	2.28	0.0226	1.0	0.9995901155158834
PROX1	112.0	-0.03	0.19	-0.178	0.858	1.0	0.9995901155158834
PROX2	4.01	0.31	0.65	0.48	0.631	1.0	0.9995901155158834
PRPF18	217.0	-0.01	0.11	-0.0712	0.943	1.0	0.9995901155158834
PRPF19	331.0	-0.11	0.15	-0.74	0.459	1.0	0.9995901155158834
PRPF3	487.0	0.02	0.09	0.225	0.822	1.0	0.9995901155158834
PRPF31	515.0	-0.16	0.1	-1.62	0.106	1.0	0.9995901155158834
PRPF38A	836.0	0.01	0.08	0.113	0.91	1.0	0.9995901155158834
PRPF38B	1880.0	-0.01	0.11	-0.0472	0.962	1.0	0.9995901155158834
PRPF39	434.0	0.14	0.09	1.6	0.11	1.0	0.9995901155158834
PRPF4	307.0	0.05	0.09	0.592	0.554	1.0	0.9995901155158834
PRPF40A	2310.0	-0.03	0.07	-0.384	0.701	1.0	0.9995901155158834
PRPF40B	37.8	-0.4	0.28	-1.43	0.153	1.0	0.9995901155158834
PRPF4B	1410.0	-0.03	0.1	-0.299	0.765	1.0	0.9995901155158834
PRPF6	1170.0	-0.04	0.1	-0.442	0.659	1.0	0.9995901155158834
PRPF8	1690.0	-0.1	0.09	-1.09	0.274	1.0	0.9995901155158834
PRPH2	1.68	0.62	0.88	0.704	0.481	1.0	0.9995901155158834
PRPS1	311.0	-0.04	0.09	-0.377	0.706	1.0	0.9995901155158834
PRPS2	70.6	-0.02	0.15	-0.156	0.876	1.0	0.9995901155158834
PRPSAP1	317.0	-0.05	0.1	-0.512	0.609	1.0	0.9995901155158834
PRPSAP2	131.0	-0.04	0.12	-0.347	0.729	1.0	0.9995901155158834
PRR11	118.0	0.18	0.14	1.31	0.19	1.0	0.9995901155158834
PRR12	184.0	-0.04	0.13	-0.312	0.755	1.0	0.9995901155158834
PRR13	570.0	0.09	0.15	0.588	0.556	1.0	0.9995901155158834
PRR14	73.1	-0.05	0.16	-0.343	0.731	1.0	0.9995901155158834
PRR14L	577.0	0.12	0.12	0.961	0.337	1.0	0.9995901155158834
PRR15	3.8	-0.43	0.62	-0.698	0.485	1.0	0.9995901155158834
PRR16	2.79	-0.4	0.76	-0.529	0.597	1.0	0.9995901155158834
PRR19	3.85	-0.7	0.71	-0.995	0.32	1.0	0.9995901155158834
PRR22	0.974	-0.58	1.29	-0.448	0.654	1.0	0.9995901155158834
PRR23A	1.77	0.01	1.11	0.00989	0.992	1.0	0.9995901155158834
PRR23C	1.15	-0.76	1.11	-0.686	0.493	1.0	0.9995901155158834
PRR29	40.7	0.37	0.25	1.51	0.132	1.0	0.9995901155158834
PRR3	61.2	0.12	0.19	0.614	0.539	1.0	0.9995901155158834
PRR4	1.13	-1.77	1.12	-1.58	0.115	1.0	0.9995901155158834
PRR5	98.5	-0.1	0.14	-0.717	0.474	1.0	0.9995901155158834
PRR5-ARHGAP8	2.7	-3.54	2.29	-1.54	0.123	1.0	0.9995901155158834
PRR5L	107.0	-0.03	0.15	-0.172	0.863	1.0	0.9995901155158834
PRR7	1.79	0.11	0.87	0.129	0.897	1.0	0.9995901155158834
PRRC1	627.0	-0.04	0.08	-0.502	0.616	1.0	0.9995901155158834
PRRC2A	723.0	-0.06	0.11	-0.55	0.582	1.0	0.9995901155158834
PRRC2B	2440.0	-0.04	0.09	-0.481	0.631	1.0	0.9995901155158834
PRRC2C	4900.0	0.05	0.11	0.412	0.68	1.0	0.9995901155158834
PRRG1	235.0	0.18	0.12	1.52	0.129	1.0	0.9995901155158834
PRRG2	1.86	-1.41	1.05	-1.34	0.181	1.0	0.9995901155158834
PRRG3	3.51	0.86	0.76	1.13	0.26	1.0	0.9995901155158834
PRRG4	4.18	-0.11	0.66	-0.171	0.865	1.0	0.9995901155158834
PRRT1	2.18	0.45	0.84	0.532	0.595	1.0	0.9995901155158834
PRRT1B	0.705	1.94	1.74	1.11	0.265	1.0	0.9995901155158834
PRRT2	9.96	-0.14	0.52	-0.273	0.785	1.0	0.9995901155158834
PRRT3	7.37	-0.43	0.43	-0.992	0.321	1.0	0.9995901155158834
PRRX1	14.2	0.37	0.41	0.915	0.36	1.0	0.9995901155158834
PRRX2	2.91	0.2	0.72	0.272	0.786	1.0	0.9995901155158834
PRSS12	8.73	0.5	0.43	1.14	0.254	1.0	0.9995901155158834
PRSS16	6.28	0.52	0.55	0.945	0.345	1.0	0.9995901155158834
PRSS23	14200.0	-0.02	0.09	-0.277	0.781	1.0	0.9995901155158834
PRSS35	6.5	-0.45	0.46	-0.975	0.33	1.0	0.9995901155158834
PRSS47	1.67	-0.28	0.94	-0.295	0.768	1.0	0.9995901155158834
PRSS53	0.89	-0.53	1.44	-0.368	0.713	1.0	0.9995901155158834
PRTFDC1	112.0	-0.09	0.14	-0.63	0.529	1.0	0.9995901155158834
PRTG	3790.0	0.12	0.11	1.05	0.295	1.0	0.9995901155158834
PRUNE1	90.8	0.14	0.15	0.964	0.335	1.0	0.9995901155158834
PRUNE2	156.0	-0.14	0.14	-1.05	0.294	1.0	0.9995901155158834
PRX	38.2	-0.2	0.21	-0.958	0.338	1.0	0.9995901155158834
PRXL2A	1510.0	0.01	0.06	0.124	0.902	1.0	0.9995901155158834
PRXL2B	205.0	-0.09	0.12	-0.744	0.457	1.0	0.9995901155158834
PRXL2C	183.0	0.14	0.13	1.12	0.261	1.0	0.9995901155158834
PSAP	12500.0	0.03	0.04	0.691	0.489	1.0	0.9995901155158834
PSAT1	148.0	-0.03	0.11	-0.236	0.814	1.0	0.9995901155158834
PSD	7.93	0.14	0.48	0.279	0.78	1.0	0.9995901155158834
PSD2	0.649	0.23	1.68	0.139	0.89	1.0	0.9995901155158834
PSD3	95.9	0.06	0.15	0.389	0.697	1.0	0.9995901155158834
PSD4	9.01	0.94	0.43	2.21	0.0272	1.0	0.9995901155158834
PSEN1	685.0	0.06	0.09	0.664	0.506	1.0	0.9995901155158834
PSEN2	248.0	-0.01	0.1	-0.0697	0.944	1.0	0.9995901155158834
PSENEN	66.4	-0.26	0.15	-1.7	0.0897	1.0	0.9995901155158834
PSIP1	2320.0	-0.08	0.1	-0.781	0.435	1.0	0.9995901155158834
PSKH1	150.0	-0.14	0.14	-0.987	0.324	1.0	0.9995901155158834
PSMA1	602.0	0.03	0.09	0.318	0.751	1.0	0.9995901155158834
PSMA2	1460.0	-0.01	0.08	-0.151	0.88	1.0	0.9995901155158834
PSMA3	667.0	0.02	0.09	0.201	0.84	1.0	0.9995901155158834
PSMA4	1410.0	0.02	0.09	0.244	0.807	1.0	0.9995901155158834
PSMA5	396.0	-0.06	0.09	-0.649	0.516	1.0	0.9995901155158834
PSMA6	521.0	-0.05	0.09	-0.606	0.545	1.0	0.9995901155158834
PSMA7	1230.0	-0.04	0.07	-0.583	0.56	1.0	0.9995901155158834
PSMB1	586.0	-0.16	0.09	-1.82	0.0694	1.0	0.9995901155158834
PSMB10	50.1	0.08	0.22	0.348	0.728	1.0	0.9995901155158834
PSMB2	536.0	0.04	0.1	0.351	0.725	1.0	0.9995901155158834
PSMB3	201.0	-0.09	0.12	-0.734	0.463	1.0	0.9995901155158834
PSMB4	374.0	-0.05	0.11	-0.492	0.623	1.0	0.9995901155158834
PSMB5	826.0	-0.03	0.09	-0.346	0.729	1.0	0.9995901155158834
PSMB6	333.0	-0.14	0.13	-1.08	0.282	1.0	0.9995901155158834
PSMB7	514.0	-0.11	0.07	-1.52	0.127	1.0	0.9995901155158834
PSMB8	9.7	-0.49	0.4	-1.22	0.221	1.0	0.9995901155158834
PSMC1	1160.0	-0.1	0.08	-1.14	0.253	1.0	0.9995901155158834
PSMC2	850.0	-0.17	0.09	-1.79	0.0742	1.0	0.9995901155158834
PSMC3	2010.0	-0.11	0.08	-1.31	0.19	1.0	0.9995901155158834
PSMC3IP	250.0	0.12	0.13	0.915	0.36	1.0	0.9995901155158834
PSMC4	420.0	-0.02	0.09	-0.198	0.843	1.0	0.9995901155158834
PSMC5	1090.0	-0.11	0.09	-1.23	0.219	1.0	0.9995901155158834
PSMC6	643.0	0.06	0.09	0.656	0.512	1.0	0.9995901155158834
PSMD1	1950.0	-0.0	0.06	-0.0178	0.986	1.0	0.9995901155158834
PSMD10	347.0	0.04	0.09	0.518	0.604	1.0	0.9995901155158834
PSMD11	896.0	0.05	0.09	0.577	0.564	1.0	0.9995901155158834
PSMD12	1200.0	0.04	0.07	0.656	0.512	1.0	0.9995901155158834
PSMD13	872.0	-0.08	0.08	-1.01	0.31	1.0	0.9995901155158834
PSMD14	1440.0	-0.08	0.08	-1.08	0.282	1.0	0.9995901155158834
PSMD2	2540.0	-0.12	0.08	-1.46	0.145	1.0	0.9995901155158834
PSMD3	500.0	-0.21	0.17	-1.22	0.224	1.0	0.9995901155158834
PSMD4	1210.0	0.03	0.07	0.425	0.671	1.0	0.9995901155158834
PSMD5	269.0	0.08	0.11	0.728	0.467	1.0	0.9995901155158834
PSMD6	878.0	-0.01	0.08	-0.104	0.917	1.0	0.9995901155158834
PSMD7	2110.0	-0.03	0.07	-0.449	0.654	1.0	0.9995901155158834
PSMD8	1020.0	-0.09	0.13	-0.744	0.457	1.0	0.9995901155158834
PSMD9	169.0	0.05	0.09	0.561	0.574	1.0	0.9995901155158834
PSME1	286.0	-0.12	0.1	-1.26	0.207	1.0	0.9995901155158834
PSME2	135.0	-0.17	0.14	-1.17	0.243	1.0	0.9995901155158834
PSME3	1160.0	-0.03	0.06	-0.502	0.616	1.0	0.9995901155158834
PSME3IP1	704.0	-0.02	0.08	-0.216	0.829	1.0	0.9995901155158834
PSME4	743.0	0.04	0.07	0.56	0.576	1.0	0.9995901155158834
PSMF1	355.0	0.06	0.1	0.577	0.564	1.0	0.9995901155158834
PSMG1	249.0	0.02	0.15	0.134	0.893	1.0	0.9995901155158834
PSMG2	55.8	-0.03	0.17	-0.171	0.864	1.0	0.9995901155158834
PSMG3	266.0	0.05	0.09	0.583	0.56	1.0	0.9995901155158834
PSMG4	34.4	-0.13	0.23	-0.584	0.559	1.0	0.9995901155158834
PSORS1C1	0.604	1.96	1.66	1.18	0.239	1.0	0.9995901155158834
PSORS1C2	0.492	0.61	1.78	0.342	0.732	1.0	0.9995901155158834
PSPC1	788.0	-0.05	0.11	-0.465	0.642	1.0	0.9995901155158834
PSPH	167.0	-0.09	0.13	-0.678	0.498	1.0	0.9995901155158834
PSRC1	31.0	-0.12	0.21	-0.576	0.565	1.0	0.9995901155158834
PSTK	14.2	0.4	0.33	1.21	0.226	1.0	0.9995901155158834
PSTPIP2	269.0	0.05	0.12	0.412	0.68	1.0	0.9995901155158834
PTAFR	9.98	0.24	0.39	0.607	0.544	1.0	0.9995901155158834
PTAR1	599.0	0.2	0.13	1.53	0.126	1.0	0.9995901155158834
PTBP1	902.0	0.04	0.09	0.428	0.669	1.0	0.9995901155158834
PTBP2	144.0	0.05	0.16	0.298	0.766	1.0	0.9995901155158834
PTBP3	1690.0	0.07	0.09	0.755	0.45	1.0	0.9995901155158834
PTCD1	51.5	0.02	0.64	0.0331	0.974	1.0	0.9995901155158834
PTCD2	68.2	-0.01	0.14	-0.0428	0.966	1.0	0.9995901155158834
PTCD3	217.0	-0.0	0.1	-0.0292	0.977	1.0	0.9995901155158834
PTCH1	76.1	-0.23	0.15	-1.53	0.126	1.0	0.9995901155158834
PTCH2	146.0	0.04	0.53	0.0785	0.937	1.0	0.9995901155158834
PTCHD1	16.1	-0.18	0.4	-0.458	0.647	1.0	0.9995901155158834
PTCHD4	418.0	-0.03	0.1	-0.276	0.782	1.0	0.9995901155158834
PTDSS1	542.0	0.06	0.08	0.753	0.452	1.0	0.9995901155158834
PTDSS2	131.0	0.12	0.13	0.92	0.358	1.0	0.9995901155158834
PTEN	468.0	0.04	0.09	0.503	0.615	1.0	0.9995901155158834
PTER	46.8	-0.1	0.16	-0.617	0.537	1.0	0.9995901155158834
PTGDR2	0.721	-0.26	1.37	-0.193	0.847	1.0	0.9995901155158834
PTGER3	26.9	0.03	0.24	0.126	0.899	1.0	0.9995901155158834
PTGER4	2.94	0.37	0.81	0.454	0.65	1.0	0.9995901155158834
PTGES	1.81	0.23	0.83	0.281	0.778	1.0	0.9995901155158834
PTGES2	148.0	0.12	0.11	1.04	0.296	1.0	0.9995901155158834
PTGES3	3020.0	0.05	0.08	0.616	0.538	1.0	0.9995901155158834
PTGES3L	10.1	0.87	0.45	1.95	0.0512	1.0	0.9995901155158834
PTGES3L-AARSD1	37.2	-0.54	0.47	-1.14	0.256	1.0	0.9995901155158834
PTGFR	37.7	0.35	0.21	1.7	0.0898	1.0	0.9995901155158834
PTGFRN	764.0	0.01	0.08	0.132	0.895	1.0	0.9995901155158834
PTGIR	0.774	-2.05	1.53	-1.34	0.181	1.0	0.9995901155158834
PTGIS	8.27	0.39	0.41	0.953	0.34	1.0	0.9995901155158834
PTGR1	532.0	0.04	0.09	0.476	0.634	1.0	0.9995901155158834
PTGR2	41.4	0.37	0.2	1.9	0.0579	1.0	0.9995901155158834
PTGS1	1.48	0.54	0.98	0.556	0.578	1.0	0.9995901155158834
PTGS2	38.2	0.56	0.19	2.99	0.0028	1.0	0.9995901155158834
PTH1R	2.39	-0.04	0.76	-0.0489	0.961	1.0	0.9995901155158834
PTHLH	33.8	-0.19	0.26	-0.742	0.458	1.0	0.9995901155158834
PTK2	2290.0	-0.01	0.06	-0.206	0.837	1.0	0.9995901155158834
PTK2B	16.6	-0.42	0.28	-1.48	0.138	1.0	0.9995901155158834
PTK6	0.921	-0.29	1.33	-0.22	0.826	1.0	0.9995901155158834
PTK7	565.0	-0.03	0.1	-0.343	0.731	1.0	0.9995901155158834
PTMA	12900.0	0.03	0.12	0.25	0.803	1.0	0.9995901155158834
PTMS	4370.0	0.06	0.13	0.45	0.653	1.0	0.9995901155158834
PTN	29.0	-0.12	0.24	-0.506	0.613	1.0	0.9995901155158834
PTOV1	276.0	-0.04	0.14	-0.259	0.795	1.0	0.9995901155158834
PTP4A1	1020.0	0.08	0.08	0.993	0.321	1.0	0.9995901155158834
PTP4A2	2340.0	0.05	0.12	0.402	0.687	1.0	0.9995901155158834
PTP4A3	487.0	0.11	0.11	1.08	0.282	1.0	0.9995901155158834
PTPA	255.0	-0.07	0.11	-0.595	0.552	1.0	0.9995901155158834
PTPDC1	124.0	0.03	0.12	0.249	0.803	1.0	0.9995901155158834
PTPMT1	139.0	0.0	0.12	0.0368	0.971	1.0	0.9995901155158834
PTPN1	734.0	0.02	0.07	0.338	0.736	1.0	0.9995901155158834
PTPN11	3650.0	0.09	0.11	0.791	0.429	1.0	0.9995901155158834
PTPN12	1350.0	0.04	0.07	0.543	0.587	1.0	0.9995901155158834
PTPN13	273.0	-0.1	0.09	-1.14	0.253	1.0	0.9995901155158834
PTPN14	1160.0	0.08	0.11	0.709	0.478	1.0	0.9995901155158834
PTPN18	88.2	-0.11	0.16	-0.659	0.51	1.0	0.9995901155158834
PTPN2	151.0	-0.15	0.15	-1.06	0.289	1.0	0.9995901155158834
PTPN21	259.0	0.03	0.09	0.318	0.75	1.0	0.9995901155158834
PTPN22	1.12	-1.6	1.28	-1.25	0.211	1.0	0.9995901155158834
PTPN23	211.0	0.01	0.12	0.0444	0.965	1.0	0.9995901155158834
PTPN3	12.3	-0.07	0.34	-0.21	0.834	1.0	0.9995901155158834
PTPN4	143.0	-0.02	0.12	-0.181	0.856	1.0	0.9995901155158834
PTPN5	4.69	-0.04	0.47	-0.0843	0.933	1.0	0.9995901155158834
PTPN6	16.3	-0.44	0.33	-1.34	0.179	1.0	0.9995901155158834
PTPN7	4.93	0.39	0.54	0.722	0.47	1.0	0.9995901155158834
PTPN9	198.0	-0.0	0.11	-0.0369	0.971	1.0	0.9995901155158834
PTPRA	866.0	-0.01	0.08	-0.154	0.878	1.0	0.9995901155158834
PTPRB	2380.0	-0.0	0.09	-0.0129	0.99	1.0	0.9995901155158834
PTPRC	5.52	1.02	0.68	1.48	0.138	1.0	0.9995901155158834
PTPRD	452.0	0.09	0.11	0.871	0.384	1.0	0.9995901155158834
PTPRE	359.0	-0.15	0.1	-1.58	0.113	1.0	0.9995901155158834
PTPRF	464.0	0.02	0.1	0.249	0.804	1.0	0.9995901155158834
PTPRG	1550.0	0.08	0.12	0.668	0.504	1.0	0.9995901155158834
PTPRH	0.506	0.48	1.64	0.296	0.768	1.0	0.9995901155158834
PTPRJ	85.3	0.21	0.21	0.982	0.326	1.0	0.9995901155158834
PTPRK	860.0	0.04	0.09	0.439	0.66	1.0	0.9995901155158834
PTPRM	1000.0	0.04	0.08	0.558	0.577	1.0	0.9995901155158834
PTPRN	18.8	-0.45	0.32	-1.43	0.153	1.0	0.9995901155158834
PTPRN2	72.4	-0.3	0.16	-1.89	0.0592	1.0	0.9995901155158834
PTPRO	1.18	0.33	1.18	0.282	0.778	1.0	0.9995901155158834
PTPRR	0.878	1.8	1.31	1.37	0.17	1.0	0.9995901155158834
PTPRS	196.0	-0.16	0.11	-1.54	0.124	1.0	0.9995901155158834
PTPRT	2.26	0.4	0.87	0.464	0.643	1.0	0.9995901155158834
PTPRU	40.1	0.35	0.18	1.97	0.0491	1.0	0.9995901155158834
PTPRZ1	4.43	-1.08	0.61	-1.79	0.0736	1.0	0.9995901155158834
PTRH1	34.3	-0.55	0.33	-1.68	0.0925	1.0	0.9995901155158834
PTRH2	153.0	-0.04	0.11	-0.378	0.706	1.0	0.9995901155158834
PTRHD1	30.1	-0.23	0.28	-0.803	0.422	1.0	0.9995901155158834
PTS	93.6	0.0	0.15	0.0184	0.985	1.0	0.9995901155158834
PTTG1	25.3	-0.25	0.28	-0.899	0.369	1.0	0.9995901155158834
PTTG1IP	1960.0	0.02	0.06	0.404	0.686	1.0	0.9995901155158834
PTX3	38.6	0.01	0.34	0.044	0.965	1.0	0.9995901155158834
PUDP	410.0	-0.11	0.08	-1.3	0.192	1.0	0.9995901155158834
PUF60	837.0	-0.13	0.08	-1.6	0.111	1.0	0.9995901155158834
PUM1	1010.0	-0.03	0.11	-0.298	0.765	1.0	0.9995901155158834
PUM2	1170.0	0.08	0.09	0.905	0.366	1.0	0.9995901155158834
PUM3	1070.0	0.02	0.08	0.229	0.818	1.0	0.9995901155158834
PURA	205.0	-0.01	0.12	-0.055	0.956	1.0	0.9995901155158834
PURB	483.0	0.16	0.1	1.59	0.111	1.0	0.9995901155158834
PURG	33.5	0.33	0.29	1.12	0.264	1.0	0.9995901155158834
PUS1	114.0	0.12	0.14	0.891	0.373	1.0	0.9995901155158834
PUS10	51.3	-0.08	0.17	-0.433	0.665	1.0	0.9995901155158834
PUS3	121.0	0.04	0.12	0.34	0.734	1.0	0.9995901155158834
PUS7	564.0	0.01	0.07	0.17	0.865	1.0	0.9995901155158834
PUS7L	6.46	-0.1	0.51	-0.198	0.843	1.0	0.9995901155158834
PUSL1	34.0	-0.15	0.23	-0.636	0.525	1.0	0.9995901155158834
PVR	692.0	0.02	0.12	0.14	0.889	1.0	0.9995901155158834
PVRIG	7.07	-0.32	0.54	-0.585	0.558	1.0	0.9995901155158834
PWP1	564.0	-0.0	0.08	-0.062	0.951	1.0	0.9995901155158834
PWP2	7.5	0.34	2.83	0.12	0.904	1.0	0.9995901155158834
PWWP2A	160.0	0.04	0.13	0.315	0.753	1.0	0.9995901155158834
PWWP2B	66.1	-0.32	0.14	-2.28	0.0226	1.0	0.9995901155158834
PWWP3A	267.0	0.09	0.11	0.833	0.405	1.0	0.9995901155158834
PWWP3B	31.2	0.08	0.26	0.305	0.76	1.0	0.9995901155158834
PXDC1	231.0	0.18	0.13	1.32	0.188	1.0	0.9995901155158834
PXDN	5570.0	-0.03	0.07	-0.342	0.732	1.0	0.9995901155158834
PXK	116.0	-0.05	0.12	-0.434	0.664	1.0	0.9995901155158834
PXMP2	27.6	0.09	0.23	0.37	0.711	1.0	0.9995901155158834
PXMP4	20.5	0.25	0.28	0.877	0.381	1.0	0.9995901155158834
PXN	545.0	-0.01	0.12	-0.0662	0.947	1.0	0.9995901155158834
PXYLP1	13.4	-0.29	0.34	-0.845	0.398	1.0	0.9995901155158834
PYCARD	19.6	0.2	0.33	0.598	0.55	1.0	0.9995901155158834
PYCR1	44.8	0.02	0.23	0.0937	0.925	1.0	0.9995901155158834
PYCR2	127.0	-0.04	0.14	-0.302	0.763	1.0	0.9995901155158834
PYCR3	15.8	-0.05	0.3	-0.175	0.861	1.0	0.9995901155158834
PYDC5	2.06	-0.89	1.07	-0.831	0.406	1.0	0.9995901155158834
PYGB	807.0	-0.01	0.07	-0.164	0.87	1.0	0.9995901155158834
PYGL	322.0	-0.04	0.1	-0.41	0.681	1.0	0.9995901155158834
PYGO1	73.2	-0.01	0.18	-0.0328	0.974	1.0	0.9995901155158834
PYGO2	127.0	0.04	0.14	0.255	0.799	1.0	0.9995901155158834
PYM1	177.0	-0.19	0.11	-1.79	0.0742	1.0	0.9995901155158834
PYROXD1	74.7	0.02	0.16	0.101	0.919	1.0	0.9995901155158834
PYROXD2	6.55	-0.13	0.55	-0.229	0.819	1.0	0.9995901155158834
PYURF	210.0	-0.09	0.13	-0.658	0.51	1.0	0.9995901155158834
PZP	0.732	0.35	1.52	0.23	0.818	1.0	0.9995901155158834
QARS1	568.0	-0.15	0.09	-1.64	0.101	1.0	0.9995901155158834
QDPR	233.0	0.18	0.11	1.6	0.111	1.0	0.9995901155158834
QKI	3710.0	0.09	0.09	0.978	0.328	1.0	0.9995901155158834
QPCT	128.0	0.02	0.14	0.113	0.91	1.0	0.9995901155158834
QPCTL	36.2	-0.0	0.24	-0.0125	0.99	1.0	0.9995901155158834
QPRT	170.0	0.06	0.14	0.408	0.683	1.0	0.9995901155158834
QRFP	0.928	1.31	1.35	0.973	0.331	1.0	0.9995901155158834
QRFPR	0.829	1.35	1.28	1.06	0.291	1.0	0.9995901155158834
QRICH1	326.0	-0.06	0.09	-0.709	0.478	1.0	0.9995901155158834
QRICH2	48.2	-0.16	0.22	-0.704	0.481	1.0	0.9995901155158834
QRSL1	113.0	-0.05	0.13	-0.363	0.717	1.0	0.9995901155158834
QSER1	473.0	0.06	0.11	0.538	0.591	1.0	0.9995901155158834
QSOX1	2120.0	-0.05	0.1	-0.49	0.624	1.0	0.9995901155158834
QSOX2	258.0	0.03	0.11	0.238	0.812	1.0	0.9995901155158834
QTRT1	45.0	-0.22	0.2	-1.1	0.273	1.0	0.9995901155158834
QTRT2	640.0	0.06	0.09	0.677	0.498	1.0	0.9995901155158834
R3HCC1	258.0	0.02	0.1	0.19	0.849	1.0	0.9995901155158834
R3HCC1L	293.0	-0.16	0.11	-1.49	0.135	1.0	0.9995901155158834
R3HDM1	254.0	0.18	0.13	1.32	0.187	1.0	0.9995901155158834
R3HDM2	163.0	0.04	0.12	0.342	0.732	1.0	0.9995901155158834
R3HDM4	118.0	0.01	0.15	0.0416	0.967	1.0	0.9995901155158834
RAB10	2700.0	0.03	0.1	0.265	0.791	1.0	0.9995901155158834
RAB11A	2050.0	0.02	0.08	0.206	0.837	1.0	0.9995901155158834
RAB11B	434.0	-0.06	0.12	-0.489	0.625	1.0	0.9995901155158834
RAB11FIP1	13.8	-0.09	0.36	-0.261	0.794	1.0	0.9995901155158834
RAB11FIP2	171.0	-0.13	0.1	-1.33	0.184	1.0	0.9995901155158834
RAB11FIP3	510.0	-0.13	0.1	-1.28	0.199	1.0	0.9995901155158834
RAB11FIP4	2.98	0.1	0.65	0.156	0.876	1.0	0.9995901155158834
RAB11FIP5	56.3	-0.01	0.2	-0.0538	0.957	1.0	0.9995901155158834
RAB12	884.0	0.01	0.07	0.145	0.885	1.0	0.9995901155158834
RAB13	2030.0	0.07	0.13	0.543	0.587	1.0	0.9995901155158834
RAB14	1370.0	0.07	0.09	0.797	0.426	1.0	0.9995901155158834
RAB15	394.0	-0.07	0.08	-0.922	0.357	1.0	0.9995901155158834
RAB18	1300.0	-0.05	0.06	-0.823	0.41	1.0	0.9995901155158834
RAB19	5.77	0.46	0.46	1.0	0.316	1.0	0.9995901155158834
RAB1A	1970.0	-0.04	0.06	-0.582	0.561	1.0	0.9995901155158834
RAB1B	1030.0	-0.09	0.14	-0.672	0.502	1.0	0.9995901155158834
RAB20	17.0	-0.33	0.31	-1.05	0.295	1.0	0.9995901155158834
RAB21	835.0	0.1	0.08	1.36	0.174	1.0	0.9995901155158834
RAB22A	561.0	-0.01	0.1	-0.097	0.923	1.0	0.9995901155158834
RAB23	247.0	-0.07	0.12	-0.549	0.583	1.0	0.9995901155158834
RAB24	190.0	-0.05	0.15	-0.318	0.751	1.0	0.9995901155158834
RAB27A	261.0	0.15	0.09	1.61	0.107	1.0	0.9995901155158834
RAB27B	17.0	0.03	0.28	0.107	0.915	1.0	0.9995901155158834
RAB28	329.0	0.13	0.11	1.16	0.245	1.0	0.9995901155158834
RAB29	162.0	0.09	0.1	0.907	0.365	1.0	0.9995901155158834
RAB2A	1440.0	-0.01	0.12	-0.0712	0.943	1.0	0.9995901155158834
RAB2B	128.0	0.2	0.14	1.44	0.151	1.0	0.9995901155158834
RAB30	545.0	0.12	0.1	1.14	0.252	1.0	0.9995901155158834
RAB31	1710.0	0.03	0.09	0.391	0.696	1.0	0.9995901155158834
RAB32	142.0	0.01	0.12	0.0526	0.958	1.0	0.9995901155158834
RAB33A	10.8	-0.35	0.37	-0.923	0.356	1.0	0.9995901155158834
RAB33B	208.0	0.01	0.13	0.0873	0.93	1.0	0.9995901155158834
RAB34	206.0	-0.04	0.13	-0.285	0.776	1.0	0.9995901155158834
RAB35	542.0	-0.03	0.08	-0.444	0.657	1.0	0.9995901155158834
RAB36	4.86	0.94	0.54	1.75	0.0794	1.0	0.9995901155158834
RAB37	7.55	-0.26	0.48	-0.542	0.588	1.0	0.9995901155158834
RAB38	44.3	-0.19	0.2	-0.945	0.345	1.0	0.9995901155158834
RAB39A	20.5	0.09	0.29	0.319	0.75	1.0	0.9995901155158834
RAB39B	2.73	1.12	0.68	1.66	0.0968	1.0	0.9995901155158834
RAB3A	4.93	0.06	0.49	0.126	0.9	1.0	0.9995901155158834
RAB3B	126.0	-0.05	0.16	-0.3	0.764	1.0	0.9995901155158834
RAB3C	135.0	-0.03	0.14	-0.184	0.854	1.0	0.9995901155158834
RAB3D	281.0	0.05	0.15	0.329	0.742	1.0	0.9995901155158834
RAB3GAP1	826.0	-0.05	0.1	-0.476	0.634	1.0	0.9995901155158834
RAB3GAP2	640.0	0.07	0.08	0.872	0.383	1.0	0.9995901155158834
RAB3IL1	25.9	-0.14	0.25	-0.554	0.58	1.0	0.9995901155158834
RAB3IP	117.0	-0.06	0.15	-0.393	0.694	1.0	0.9995901155158834
RAB40A	2.86	0.0	0.81	0.00612	0.995	1.0	0.9995901155158834
RAB40AL	0.752	0.82	1.45	0.569	0.569	1.0	0.9995901155158834
RAB40B	63.3	0.12	0.22	0.57	0.569	1.0	0.9995901155158834
RAB40C	75.8	0.03	0.16	0.19	0.85	1.0	0.9995901155158834
RAB41	2.32	1.44	0.8	1.8	0.0717	1.0	0.9995901155158834
RAB42	1.92	-0.95	1.07	-0.883	0.377	1.0	0.9995901155158834
RAB43	71.3	-0.01	0.22	-0.0666	0.947	1.0	0.9995901155158834
RAB44	0.763	-2.9	1.71	-1.7	0.0893	1.0	0.9995901155158834
RAB4A	319.0	0.05	0.09	0.608	0.543	1.0	0.9995901155158834
RAB4B	69.6	-0.4	0.22	-1.86	0.0626	1.0	0.9995901155158834
RAB5A	582.0	-0.0	0.07	-0.000174	1.0	1.0	1.0
RAB5B	724.0	0.05	0.1	0.441	0.66	1.0	0.9995901155158834
RAB5C	1290.0	-0.07	0.1	-0.667	0.505	1.0	0.9995901155158834
RAB5IF	456.0	-0.01	0.1	-0.0823	0.934	1.0	0.9995901155158834
RAB6A	2760.0	0.03	0.09	0.347	0.728	1.0	0.9995901155158834
RAB6B	22.0	0.03	0.26	0.115	0.909	1.0	0.9995901155158834
RAB6C	2.37	-0.17	1.7	-0.1	0.92	1.0	0.9995901155158834
RAB6D	26.5	-0.05	0.28	-0.18	0.857	1.0	0.9995901155158834
RAB7A	3620.0	-0.03	0.08	-0.344	0.731	1.0	0.9995901155158834
RAB7B	1.96	-0.25	0.83	-0.3	0.764	1.0	0.9995901155158834
RAB8A	864.0	0.11	0.07	1.55	0.12	1.0	0.9995901155158834
RAB8B	670.0	0.02	0.08	0.297	0.766	1.0	0.9995901155158834
RAB9A	137.0	-0.14	0.11	-1.36	0.174	1.0	0.9995901155158834
RAB9B	11.7	0.19	0.32	0.603	0.547	1.0	0.9995901155158834
RABAC1	168.0	0.03	0.15	0.19	0.85	1.0	0.9995901155158834
RABEP1	1680.0	-0.05	0.12	-0.433	0.665	1.0	0.9995901155158834
RABEP2	340.0	0.01	0.1	0.0807	0.936	1.0	0.9995901155158834
RABEPK	77.8	0.02	0.18	0.121	0.903	1.0	0.9995901155158834
RABGAP1	1320.0	-0.03	0.09	-0.35	0.726	1.0	0.9995901155158834
RABGAP1L	189.0	-0.14	0.14	-0.997	0.319	1.0	0.9995901155158834
RABGEF1	180.0	-0.1	0.11	-0.894	0.371	1.0	0.9995901155158834
RABGGTA	62.2	0.06	0.22	0.269	0.788	1.0	0.9995901155158834
RABGGTB	458.0	0.07	0.09	0.814	0.416	1.0	0.9995901155158834
RABIF	100.0	0.11	0.13	0.807	0.419	1.0	0.9995901155158834
RABL2A	22.2	0.79	0.38	2.09	0.0366	1.0	0.9995901155158834
RABL2B	89.8	0.05	0.18	0.275	0.783	1.0	0.9995901155158834
RABL3	137.0	-0.06	0.13	-0.437	0.662	1.0	0.9995901155158834
RABL6	1600.0	-0.09	0.1	-0.854	0.393	1.0	0.9995901155158834
RAC1	1660.0	-0.0	0.06	-0.0786	0.937	1.0	0.9995901155158834
RAC2	19.9	0.23	0.34	0.672	0.502	1.0	0.9995901155158834
RAC3	55.9	-0.23	0.21	-1.1	0.27	1.0	0.9995901155158834
RACGAP1	142.0	0.06	0.12	0.503	0.615	1.0	0.9995901155158834
RACK1	847.0	-0.03	0.21	-0.161	0.872	1.0	0.9995901155158834
RAD1	144.0	0.1	0.12	0.84	0.401	1.0	0.9995901155158834
RAD17	538.0	0.05	0.07	0.733	0.464	1.0	0.9995901155158834
RAD18	88.9	-0.08	0.15	-0.567	0.571	1.0	0.9995901155158834
RAD21	1750.0	-0.07	0.08	-0.773	0.44	1.0	0.9995901155158834
RAD21L1	1.59	-0.02	0.97	-0.0159	0.987	1.0	0.9995901155158834
RAD23A	265.0	-0.03	0.1	-0.301	0.763	1.0	0.9995901155158834
RAD23B	1160.0	0.09	0.09	0.939	0.348	1.0	0.9995901155158834
RAD50	549.0	-0.02	0.09	-0.19	0.85	1.0	0.9995901155158834
RAD51	330.0	0.03	0.1	0.274	0.784	1.0	0.9995901155158834
RAD51AP1	76.4	0.12	0.18	0.645	0.519	1.0	0.9995901155158834
RAD51AP2	1.9	0.02	0.84	0.0287	0.977	1.0	0.9995901155158834
RAD51B	16.2	-0.21	0.35	-0.6	0.548	1.0	0.9995901155158834
RAD51C	130.0	-0.16	0.15	-1.0	0.315	1.0	0.9995901155158834
RAD51D	187.0	-0.09	0.09	-0.987	0.324	1.0	0.9995901155158834
RAD52	48.3	0.05	0.2	0.267	0.79	1.0	0.9995901155158834
RAD54B	197.0	0.09	0.12	0.741	0.458	1.0	0.9995901155158834
RAD54L	39.0	-0.05	0.21	-0.225	0.822	1.0	0.9995901155158834
RAD54L2	324.0	0.04	0.1	0.401	0.688	1.0	0.9995901155158834
RAD9A	17.5	-0.13	0.35	-0.364	0.716	1.0	0.9995901155158834
RAD9B	6.6	0.21	0.39	0.534	0.594	1.0	0.9995901155158834
RADIL	83.3	-0.01	0.17	-0.0288	0.977	1.0	0.9995901155158834
RADX	28.7	-0.01	0.26	-0.0481	0.962	1.0	0.9995901155158834
RAE1	141.0	-0.1	0.12	-0.844	0.399	1.0	0.9995901155158834
RAET1E	2.38	1.08	0.88	1.23	0.219	1.0	0.9995901155158834
RAET1G	1.31	0.82	1.43	0.577	0.564	1.0	0.9995901155158834
RAF1	278.0	-0.04	0.1	-0.448	0.654	1.0	0.9995901155158834
RAG1	80.8	0.18	0.17	1.06	0.288	1.0	0.9995901155158834
RAI1	219.0	-0.06	0.13	-0.511	0.609	1.0	0.9995901155158834
RAI14	1970.0	0.01	0.1	0.0556	0.956	1.0	0.9995901155158834
RAI2	140.0	0.05	0.17	0.31	0.757	1.0	0.9995901155158834
RALA	3930.0	0.06	0.08	0.832	0.405	1.0	0.9995901155158834
RALB	6530.0	-0.04	0.09	-0.39	0.696	1.0	0.9995901155158834
RALBP1	1540.0	-0.03	0.08	-0.344	0.731	1.0	0.9995901155158834
RALGAPA1	176.0	-0.17	0.13	-1.29	0.197	1.0	0.9995901155158834
RALGAPA2	257.0	-0.02	0.12	-0.147	0.883	1.0	0.9995901155158834
RALGAPB	893.0	0.04	0.08	0.561	0.574	1.0	0.9995901155158834
RALGDS	131.0	-0.0	0.14	-0.0351	0.972	1.0	0.9995901155158834
RALGPS1	14.6	0.46	0.32	1.44	0.149	1.0	0.9995901155158834
RALGPS2	399.0	0.1	0.1	0.982	0.326	1.0	0.9995901155158834
RALY	566.0	-0.2	0.13	-1.52	0.128	1.0	0.9995901155158834
RALYL	2.49	0.75	0.96	0.779	0.436	1.0	0.9995901155158834
RAMAC	269.0	0.11	0.08	1.34	0.179	1.0	0.9995901155158834
RAMP1	1.61	0.09	1.15	0.0796	0.937	1.0	0.9995901155158834
RAMP2	93.2	-0.21	0.17	-1.27	0.203	1.0	0.9995901155158834
RAN	1940.0	-0.02	0.07	-0.245	0.807	1.0	0.9995901155158834
RANBP1	1780.0	0.06	0.12	0.494	0.621	1.0	0.9995901155158834
RANBP10	114.0	-0.06	0.16	-0.378	0.705	1.0	0.9995901155158834
RANBP17	35.8	0.01	0.24	0.0494	0.961	1.0	0.9995901155158834
RANBP2	4210.0	0.07	0.11	0.665	0.506	1.0	0.9995901155158834
RANBP3	382.0	-0.1	0.08	-1.25	0.213	1.0	0.9995901155158834
RANBP3L	0.775	-0.97	1.66	-0.586	0.558	1.0	0.9995901155158834
RANBP6	449.0	0.08	0.08	0.982	0.326	1.0	0.9995901155158834
RANBP9	358.0	0.01	0.08	0.117	0.907	1.0	0.9995901155158834
RANGAP1	525.0	-0.04	0.1	-0.432	0.665	1.0	0.9995901155158834
RANGRF	32.3	0.25	0.27	0.927	0.354	1.0	0.9995901155158834
RAP1A	612.0	-0.03	0.09	-0.358	0.72	1.0	0.9995901155158834
RAP1B	9390.0	0.03	0.1	0.314	0.754	1.0	0.9995901155158834
RAP1GAP	18.7	0.0	0.29	0.0142	0.989	1.0	0.9995901155158834
RAP1GAP2	7.91	-0.28	0.44	-0.649	0.516	1.0	0.9995901155158834
RAP1GDS1	588.0	0.01	0.08	0.0861	0.931	1.0	0.9995901155158834
RAP2A	615.0	0.06	0.11	0.5	0.617	1.0	0.9995901155158834
RAP2B	1340.0	0.04	0.12	0.306	0.759	1.0	0.9995901155158834
RAP2C	624.0	-0.03	0.11	-0.27	0.787	1.0	0.9995901155158834
RAPGEF1	1210.0	0.05	0.08	0.623	0.533	1.0	0.9995901155158834
RAPGEF2	990.0	0.01	0.11	0.11	0.913	1.0	0.9995901155158834
RAPGEF3	144.0	0.24	0.14	1.72	0.0858	1.0	0.9995901155158834
RAPGEF4	2.35	0.86	0.84	1.03	0.304	1.0	0.9995901155158834
RAPGEF5	571.0	0.04	0.12	0.36	0.719	1.0	0.9995901155158834
RAPGEF6	261.0	0.14	0.17	0.824	0.41	1.0	0.9995901155158834
RAPGEFL1	15.7	0.34	0.32	1.05	0.292	1.0	0.9995901155158834
RAPH1	1580.0	0.06	0.13	0.432	0.666	1.0	0.9995901155158834
RAPSN	0.722	2.7	1.72	1.57	0.116	1.0	0.9995901155158834
RARA	64.3	-0.04	0.16	-0.246	0.805	1.0	0.9995901155158834
RARB	55.7	0.17	0.24	0.688	0.492	1.0	0.9995901155158834
RARG	128.0	-0.14	0.16	-0.884	0.377	1.0	0.9995901155158834
RARRES1	1.74	0.81	1.02	0.788	0.431	1.0	0.9995901155158834
RARRES2	23.4	-0.49	0.24	-2.01	0.0441	1.0	0.9995901155158834
RARS1	1140.0	-0.0	0.07	-0.0551	0.956	1.0	0.9995901155158834
RARS2	406.0	-0.08	0.09	-0.957	0.339	1.0	0.9995901155158834
RASA1	767.0	0.03	0.1	0.273	0.785	1.0	0.9995901155158834
RASA2	140.0	0.02	0.14	0.144	0.885	1.0	0.9995901155158834
RASA3	639.0	-0.09	0.11	-0.883	0.378	1.0	0.9995901155158834
RASA4	70.1	0.01	0.18	0.03	0.976	1.0	0.9995901155158834
RASA4B	40.9	0.15	0.3	0.508	0.612	1.0	0.9995901155158834
RASAL1	1.75	0.85	1.16	0.736	0.462	1.0	0.9995901155158834
RASAL2	571.0	-0.01	0.09	-0.149	0.882	1.0	0.9995901155158834
RASAL3	0.988	-0.82	1.25	-0.658	0.51	1.0	0.9995901155158834
RASEF	2.2	0.02	0.81	0.0251	0.98	1.0	0.9995901155158834
RASGEF1A	2.3	0.01	0.92	0.0148	0.988	1.0	0.9995901155158834
RASGEF1B	171.0	0.02	0.11	0.179	0.858	1.0	0.9995901155158834
RASGEF1C	0.546	-1.35	1.76	-0.769	0.442	1.0	0.9995901155158834
RASGRF2	41.4	0.26	0.24	1.09	0.275	1.0	0.9995901155158834
RASGRP1	1.87	0.57	0.85	0.667	0.505	1.0	0.9995901155158834
RASGRP2	43.8	0.09	0.19	0.459	0.646	1.0	0.9995901155158834
RASGRP3	2580.0	0.01	0.06	0.11	0.913	1.0	0.9995901155158834
RASGRP4	5.15	0.02	0.57	0.0387	0.969	1.0	0.9995901155158834
RASIP1	838.0	0.01	0.11	0.108	0.914	1.0	0.9995901155158834
RASL10A	6.35	0.15	0.43	0.342	0.732	1.0	0.9995901155158834
RASL10B	23.4	-0.0	0.31	-0.00611	0.995	1.0	0.9995901155158834
RASL11A	0.827	0.02	1.25	0.0146	0.988	1.0	0.9995901155158834
RASL11B	1.29	0.8	1.01	0.79	0.43	1.0	0.9995901155158834
RASL12	3.21	-1.08	0.79	-1.37	0.172	1.0	0.9995901155158834
RASSF1	179.0	-0.04	0.11	-0.338	0.735	1.0	0.9995901155158834
RASSF10	51.2	0.07	0.24	0.293	0.77	1.0	0.9995901155158834
RASSF2	898.0	0.1	0.13	0.77	0.441	1.0	0.9995901155158834
RASSF3	870.0	0.03	0.11	0.291	0.771	1.0	0.9995901155158834
RASSF4	22.6	0.16	0.31	0.528	0.598	1.0	0.9995901155158834
RASSF5	9.29	0.24	0.36	0.666	0.505	1.0	0.9995901155158834
RASSF6	0.701	0.55	1.35	0.406	0.685	1.0	0.9995901155158834
RASSF7	4.57	0.06	0.69	0.0924	0.926	1.0	0.9995901155158834
RASSF8	1860.0	-0.06	0.1	-0.621	0.535	1.0	0.9995901155158834
RASSF9	52.2	0.43	0.19	2.3	0.0215	1.0	0.9995901155158834
RAVER1	223.0	0.2	0.1	2.11	0.0345	1.0	0.9995901155158834
RAVER2	197.0	-0.09	0.11	-0.768	0.442	1.0	0.9995901155158834
RAX2	0.807	0.09	1.36	0.0661	0.947	1.0	0.9995901155158834
RB1	562.0	0.07	0.08	0.847	0.397	1.0	0.9995901155158834
RB1CC1	517.0	-0.09	0.07	-1.29	0.196	1.0	0.9995901155158834
RBAK	317.0	0.03	0.1	0.34	0.734	1.0	0.9995901155158834
RBBP4	1430.0	0.09	0.08	1.19	0.232	1.0	0.9995901155158834
RBBP5	393.0	0.02	0.08	0.217	0.828	1.0	0.9995901155158834
RBBP6	565.0	0.03	0.1	0.317	0.751	1.0	0.9995901155158834
RBBP7	842.0	-0.08	0.07	-1.1	0.273	1.0	0.9995901155158834
RBBP8	192.0	0.08	0.09	0.851	0.395	1.0	0.9995901155158834
RBBP9	127.0	0.11	0.11	1.05	0.296	1.0	0.9995901155158834
RBCK1	142.0	-0.16	0.13	-1.22	0.221	1.0	0.9995901155158834
RBFA	196.0	-0.13	0.13	-1.02	0.307	1.0	0.9995901155158834
RBFOX2	1170.0	0.08	0.07	1.1	0.269	1.0	0.9995901155158834
RBFOX3	1.17	-1.33	1.29	-1.03	0.303	1.0	0.9995901155158834
RBIS	57.4	0.02	0.18	0.0924	0.926	1.0	0.9995901155158834
RBKS	15.6	-0.6	0.32	-1.86	0.0635	1.0	0.9995901155158834
RBL1	186.0	0.12	0.15	0.842	0.4	1.0	0.9995901155158834
RBL2	275.0	-0.04	0.12	-0.306	0.76	1.0	0.9995901155158834
RBM10	481.0	-0.11	0.08	-1.26	0.206	1.0	0.9995901155158834
RBM11	2.5	-0.42	0.87	-0.484	0.628	1.0	0.9995901155158834
RBM12	1230.0	-0.02	0.09	-0.267	0.789	1.0	0.9995901155158834
RBM12B	524.0	0.11	0.09	1.24	0.217	1.0	0.9995901155158834
RBM14	328.0	0.15	0.1	1.52	0.129	1.0	0.9995901155158834
RBM14-RBM4	63.0	-0.06	0.58	-0.109	0.913	1.0	0.9995901155158834
RBM15	58.4	0.05	0.18	0.271	0.787	1.0	0.9995901155158834
RBM15B	716.0	0.02	0.07	0.27	0.787	1.0	0.9995901155158834
RBM17	1730.0	-0.0	0.1	-0.00558	0.996	1.0	0.9995901155158834
RBM18	134.0	-0.06	0.14	-0.398	0.691	1.0	0.9995901155158834
RBM19	344.0	-0.2	0.1	-1.97	0.0494	1.0	0.9995901155158834
RBM20	21.7	0.08	0.3	0.278	0.781	1.0	0.9995901155158834
RBM22	366.0	-0.0	0.08	-0.0232	0.981	1.0	0.9995901155158834
RBM23	387.0	-0.03	0.1	-0.282	0.778	1.0	0.9995901155158834
RBM24	430.0	0.05	0.11	0.472	0.637	1.0	0.9995901155158834
RBM25	2950.0	0.04	0.11	0.387	0.699	1.0	0.9995901155158834
RBM26	460.0	0.02	0.11	0.142	0.887	1.0	0.9995901155158834
RBM27	488.0	-0.07	0.09	-0.76	0.448	1.0	0.9995901155158834
RBM28	934.0	0.06	0.08	0.748	0.455	1.0	0.9995901155158834
RBM3	1950.0	-0.0	0.07	-0.0237	0.981	1.0	0.9995901155158834
RBM33	352.0	0.05	0.14	0.383	0.702	1.0	0.9995901155158834
RBM34	582.0	0.06	0.1	0.567	0.571	1.0	0.9995901155158834
RBM38	76.2	-0.11	0.13	-0.842	0.4	1.0	0.9995901155158834
RBM39	2310.0	0.04	0.1	0.432	0.665	1.0	0.9995901155158834
RBM4	916.0	-0.07	0.1	-0.72	0.471	1.0	0.9995901155158834
RBM41	182.0	-0.02	0.1	-0.212	0.832	1.0	0.9995901155158834
RBM42	326.0	0.02	0.11	0.205	0.837	1.0	0.9995901155158834
RBM43	22.4	0.02	0.25	0.0935	0.926	1.0	0.9995901155158834
RBM44	1.7	0.89	0.9	0.992	0.321	1.0	0.9995901155158834
RBM45	81.1	-0.08	0.15	-0.557	0.578	1.0	0.9995901155158834
RBM47	44.3	-0.21	0.25	-0.808	0.419	1.0	0.9995901155158834
RBM48	83.3	0.09	0.14	0.627	0.531	1.0	0.9995901155158834
RBM4B	134.0	0.06	0.13	0.45	0.653	1.0	0.9995901155158834
RBM5	1300.0	-0.02	0.08	-0.269	0.788	1.0	0.9995901155158834
RBM6	524.0	0.04	0.1	0.38	0.704	1.0	0.9995901155158834
RBM7	389.0	0.14	0.08	1.87	0.0613	1.0	0.9995901155158834
RBM8A	1980.0	0.03	0.06	0.447	0.655	1.0	0.9995901155158834
RBMS1	2800.0	0.13	0.13	1.03	0.303	1.0	0.9995901155158834
RBMS2	438.0	0.24	0.1	2.34	0.0192	1.0	0.9995901155158834
RBMS3	146.0	0.03	0.17	0.149	0.881	1.0	0.9995901155158834
RBMX	1690.0	-0.07	0.09	-0.808	0.419	1.0	0.9995901155158834
RBMX2	333.0	0.05	0.1	0.499	0.618	1.0	0.9995901155158834
RBMXL1	230.0	0.12	0.09	1.33	0.182	1.0	0.9995901155158834
RBP1	276.0	-0.01	0.12	-0.119	0.905	1.0	0.9995901155158834
RBP5	4.32	0.13	0.62	0.21	0.834	1.0	0.9995901155158834
RBP7	0.564	-0.88	1.75	-0.505	0.613	1.0	0.9995901155158834
RBPJ	483.0	0.06	0.11	0.566	0.571	1.0	0.9995901155158834
RBPMS	168.0	-0.09	0.14	-0.701	0.483	1.0	0.9995901155158834
RBPMS2	119.0	0.17	0.13	1.34	0.182	1.0	0.9995901155158834
RBSN	253.0	-0.06	0.09	-0.644	0.52	1.0	0.9995901155158834
RBX1	671.0	-0.02	0.1	-0.227	0.82	1.0	0.9995901155158834
RC3H1	214.0	0.25	0.13	1.99	0.0463	1.0	0.9995901155158834
RC3H2	926.0	0.06	0.09	0.693	0.489	1.0	0.9995901155158834
RCAN1	315.0	-0.02	0.11	-0.195	0.846	1.0	0.9995901155158834
RCAN2	211.0	0.03	0.11	0.228	0.82	1.0	0.9995901155158834
RCAN3	97.5	0.17	0.17	1.02	0.308	1.0	0.9995901155158834
RCBTB1	1150.0	0.04	0.07	0.555	0.579	1.0	0.9995901155158834
RCBTB2	198.0	0.08	0.13	0.607	0.544	1.0	0.9995901155158834
RCC1	324.0	0.1	0.11	0.915	0.36	1.0	0.9995901155158834
RCC1L	753.0	0.01	0.08	0.0649	0.948	1.0	0.9995901155158834
RCC2	1510.0	0.05	0.06	0.758	0.448	1.0	0.9995901155158834
RCCD1	39.0	0.0	0.19	0.000959	0.999	1.0	0.9995901155158834
RCE1	100.0	-0.01	0.16	-0.0751	0.94	1.0	0.9995901155158834
RCHY1	214.0	-0.02	0.11	-0.142	0.887	1.0	0.9995901155158834
RCL1	99.7	-0.04	0.16	-0.233	0.816	1.0	0.9995901155158834
RCN1	8080.0	0.0	0.06	0.0512	0.959	1.0	0.9995901155158834
RCN2	1730.0	0.07	0.07	0.928	0.354	1.0	0.9995901155158834
RCN3	195.0	-0.2	0.13	-1.63	0.104	1.0	0.9995901155158834
RCOR1	545.0	0.07	0.08	0.823	0.41	1.0	0.9995901155158834
RCOR2	16.7	0.06	0.35	0.186	0.852	1.0	0.9995901155158834
RCOR3	245.0	-0.05	0.11	-0.491	0.623	1.0	0.9995901155158834
RCSD1	340.0	-0.02	0.13	-0.134	0.893	1.0	0.9995901155158834
RD3	0.999	0.05	1.25	0.0362	0.971	1.0	0.9995901155158834
RDH10	133.0	0.08	0.14	0.545	0.586	1.0	0.9995901155158834
RDH11	655.0	0.06	0.09	0.637	0.524	1.0	0.9995901155158834
RDH12	0.391	0.17	1.75	0.0964	0.923	1.0	0.9995901155158834
RDH13	51.8	0.16	0.22	0.734	0.463	1.0	0.9995901155158834
RDH14	160.0	-0.06	0.11	-0.538	0.59	1.0	0.9995901155158834
RDH16	0.567	1.99	1.69	1.18	0.239	1.0	0.9995901155158834
RDH5	0.726	0.69	1.25	0.549	0.583	1.0	0.9995901155158834
RDM1	1.54	-0.35	1.05	-0.335	0.738	1.0	0.9995901155158834
RDX	8380.0	-0.01	0.08	-0.157	0.875	1.0	0.9995901155158834
REC8	12.2	0.12	0.36	0.325	0.745	1.0	0.9995901155158834
RECK	290.0	0.05	0.1	0.52	0.603	1.0	0.9995901155158834
RECQL	806.0	-0.0	0.08	-0.0381	0.97	1.0	0.9995901155158834
RECQL4	52.5	-0.08	0.19	-0.42	0.675	1.0	0.9995901155158834
RECQL5	84.5	0.15	0.16	0.939	0.348	1.0	0.9995901155158834
REELD1	0.421	-0.88	1.85	-0.475	0.635	1.0	0.9995901155158834
REEP1	19.3	0.35	0.27	1.3	0.194	1.0	0.9995901155158834
REEP2	8.48	-0.27	0.45	-0.59	0.555	1.0	0.9995901155158834
REEP3	791.0	0.01	0.07	0.135	0.892	1.0	0.9995901155158834
REEP4	75.4	0.02	0.14	0.129	0.897	1.0	0.9995901155158834
REEP5	997.0	0.03	0.07	0.385	0.7	1.0	0.9995901155158834
REEP6	10.8	-0.19	0.43	-0.445	0.657	1.0	0.9995901155158834
REL	232.0	0.11	0.11	1.04	0.3	1.0	0.9995901155158834
RELA	238.0	0.01	0.1	0.125	0.9	1.0	0.9995901155158834
RELB	121.0	0.06	0.19	0.346	0.729	1.0	0.9995901155158834
RELCH	264.0	-0.05	0.08	-0.586	0.558	1.0	0.9995901155158834
RELL1	318.0	-0.12	0.11	-1.04	0.3	1.0	0.9995901155158834
RELL2	24.0	-0.27	0.29	-0.944	0.345	1.0	0.9995901155158834
RELN	1.73	0.63	1.14	0.549	0.583	1.0	0.9995901155158834
RELT	52.4	0.13	0.17	0.753	0.451	1.0	0.9995901155158834
REM2	0.458	0.9	1.8	0.498	0.618	1.0	0.9995901155158834
RENBP	455.0	-0.02	0.11	-0.147	0.883	1.0	0.9995901155158834
REP15	10.6	-0.27	0.33	-0.804	0.422	1.0	0.9995901155158834
REPIN1	273.0	-0.17	0.15	-1.18	0.237	1.0	0.9995901155158834
REPS1	144.0	-0.1	0.11	-0.928	0.354	1.0	0.9995901155158834
REPS2	22.2	0.09	0.31	0.293	0.77	1.0	0.9995901155158834
RER1	1950.0	0.09	0.11	0.791	0.429	1.0	0.9995901155158834
RERE	866.0	-0.0	0.12	-0.00866	0.993	1.0	0.9995901155158834
RERG	57.4	-0.03	0.22	-0.14	0.888	1.0	0.9995901155158834
RESF1	1580.0	0.01	0.08	0.117	0.907	1.0	0.9995901155158834
REST	1140.0	0.06	0.08	0.79	0.429	1.0	0.9995901155158834
RET	0.573	0.16	1.75	0.0939	0.925	1.0	0.9995901155158834
RETREG1	15.6	0.31	0.34	0.903	0.366	1.0	0.9995901155158834
RETREG2	347.0	0.01	0.09	0.0841	0.933	1.0	0.9995901155158834
RETREG3	269.0	0.02	0.09	0.223	0.823	1.0	0.9995901155158834
RETSAT	175.0	-0.05	0.1	-0.462	0.644	1.0	0.9995901155158834
REV1	222.0	0.11	0.09	1.2	0.23	1.0	0.9995901155158834
REV3L	194.0	0.07	0.13	0.527	0.598	1.0	0.9995901155158834
REX1BD	66.6	-0.21	0.43	-0.499	0.618	1.0	0.9995901155158834
REXO1	146.0	0.03	0.12	0.257	0.797	1.0	0.9995901155158834
REXO2	477.0	0.05	0.08	0.57	0.568	1.0	0.9995901155158834
REXO4	258.0	-0.2	0.12	-1.68	0.093	1.0	0.9995901155158834
REXO5	9.99	-0.15	0.39	-0.377	0.706	1.0	0.9995901155158834
RFC1	904.0	-0.06	0.08	-0.725	0.469	1.0	0.9995901155158834
RFC2	229.0	-0.02	0.11	-0.206	0.837	1.0	0.9995901155158834
RFC3	93.2	-0.03	0.14	-0.226	0.821	1.0	0.9995901155158834
RFC4	291.0	-0.02	0.09	-0.268	0.788	1.0	0.9995901155158834
RFC5	116.0	0.12	0.14	0.861	0.389	1.0	0.9995901155158834
RFESD	3.93	-0.3	0.59	-0.519	0.604	1.0	0.9995901155158834
RFFL	67.4	0.04	0.16	0.256	0.798	1.0	0.9995901155158834
RFK	291.0	0.21	0.13	1.61	0.108	1.0	0.9995901155158834
RFLNA	21.4	-0.06	0.76	-0.0825	0.934	1.0	0.9995901155158834
RFLNB	2910.0	-0.01	0.07	-0.204	0.838	1.0	0.9995901155158834
RFNG	10.4	0.31	0.38	0.809	0.418	1.0	0.9995901155158834
RFPL1	12.3	0.31	0.4	0.793	0.428	1.0	0.9995901155158834
RFT1	397.0	0.05	0.12	0.449	0.653	1.0	0.9995901155158834
RFTN1	204.0	-0.08	0.1	-0.848	0.396	1.0	0.9995901155158834
RFTN2	148.0	-0.0	0.18	-0.00557	0.996	1.0	0.9995901155158834
RFWD3	414.0	0.07	0.08	0.86	0.39	1.0	0.9995901155158834
RFX1	26.9	-0.11	0.23	-0.493	0.622	1.0	0.9995901155158834
RFX2	1.9	1.06	0.86	1.24	0.217	1.0	0.9995901155158834
RFX3	228.0	-0.04	0.12	-0.349	0.727	1.0	0.9995901155158834
RFX5	155.0	0.02	0.14	0.161	0.872	1.0	0.9995901155158834
RFX7	225.0	-0.01	0.12	-0.0642	0.949	1.0	0.9995901155158834
RFX8	21.7	-0.56	0.25	-2.25	0.0247	1.0	0.9995901155158834
RFXANK	183.0	0.06	0.13	0.487	0.626	1.0	0.9995901155158834
RFXAP	25.4	-0.03	0.25	-0.126	0.9	1.0	0.9995901155158834
RGL1	824.0	-0.1	0.08	-1.35	0.178	1.0	0.9995901155158834
RGL2	371.0	0.05	0.14	0.386	0.7	1.0	0.9995901155158834
RGL3	0.496	0.31	1.65	0.186	0.852	1.0	0.9995901155158834
RGL4	13.3	0.64	0.3	2.17	0.0297	1.0	0.9995901155158834
RGMA	26.7	-0.04	0.25	-0.138	0.89	1.0	0.9995901155158834
RGMB	230.0	0.02	0.14	0.159	0.874	1.0	0.9995901155158834
RGN	1.8	-0.01	0.9	-0.013	0.99	1.0	0.9995901155158834
RGP1	250.0	-0.02	0.11	-0.197	0.843	1.0	0.9995901155158834
RGPD1	16.1	-0.79	1.06	-0.745	0.456	1.0	0.9995901155158834
RGPD2	105.0	0.2	0.17	1.17	0.24	1.0	0.9995901155158834
RGPD3	17.2	-0.6	0.62	-0.976	0.329	1.0	0.9995901155158834
RGPD4	6.83	0.01	0.58	0.0244	0.981	1.0	0.9995901155158834
RGPD5	9.02	-0.02	0.96	-0.0233	0.981	1.0	0.9995901155158834
RGPD6	1290.0	0.05	0.11	0.483	0.629	1.0	0.9995901155158834
RGPD8	71.4	1.01	1.03	0.979	0.327	1.0	0.9995901155158834
RGR	0.466	1.34	2.11	0.632	0.527	1.0	0.9995901155158834
RGS10	115.0	0.12	0.17	0.698	0.485	1.0	0.9995901155158834
RGS12	468.0	-0.02	0.08	-0.229	0.819	1.0	0.9995901155158834
RGS14	8.85	-0.06	0.37	-0.153	0.878	1.0	0.9995901155158834
RGS16	8.42	-0.02	0.38	-0.0452	0.964	1.0	0.9995901155158834
RGS17	47.6	0.35	0.2	1.75	0.0801	1.0	0.9995901155158834
RGS18	1.87	-0.44	1.02	-0.431	0.667	1.0	0.9995901155158834
RGS19	44.7	-0.07	0.17	-0.433	0.665	1.0	0.9995901155158834
RGS2	25.6	-0.3	0.3	-1.0	0.316	1.0	0.9995901155158834
RGS20	26.9	0.43	0.23	1.82	0.0686	1.0	0.9995901155158834
RGS22	4.46	0.46	0.6	0.774	0.439	1.0	0.9995901155158834
RGS3	3490.0	0.0	0.05	0.058	0.954	1.0	0.9995901155158834
RGS4	160.0	0.02	0.28	0.078	0.938	1.0	0.9995901155158834
RGS5	3470.0	0.04	0.08	0.506	0.613	1.0	0.9995901155158834
RGS6	107.0	-0.24	0.13	-1.84	0.066	1.0	0.9995901155158834
RGS7	0.632	-0.01	1.58	-0.00948	0.992	1.0	0.9995901155158834
RGS7BP	1.23	1.57	1.34	1.17	0.241	1.0	0.9995901155158834
RHBDD1	129.0	-0.02	0.14	-0.138	0.89	1.0	0.9995901155158834
RHBDD2	55.3	-0.09	0.2	-0.463	0.643	1.0	0.9995901155158834
RHBDD3	47.1	-0.12	0.28	-0.418	0.676	1.0	0.9995901155158834
RHBDF1	102.0	-0.16	0.16	-0.981	0.326	1.0	0.9995901155158834
RHBDF2	14.3	-0.36	0.32	-1.15	0.25	1.0	0.9995901155158834
RHBDL2	1.52	0.49	1.01	0.486	0.627	1.0	0.9995901155158834
RHBDL3	49.6	-0.04	0.22	-0.161	0.872	1.0	0.9995901155158834
RHBG	1.23	-0.75	1.15	-0.656	0.512	1.0	0.9995901155158834
RHCE	1.38	1.23	1.11	1.11	0.267	1.0	0.9995901155158834
RHD	1.59	1.65	1.09	1.51	0.13	1.0	0.9995901155158834
RHEB	1630.0	0.09	0.11	0.774	0.439	1.0	0.9995901155158834
RHEBL1	6.85	-0.77	0.43	-1.77	0.076	1.0	0.9995901155158834
RHEX	0.559	0.46	1.74	0.262	0.793	1.0	0.9995901155158834
RHNO1	168.0	0.03	0.12	0.28	0.779	1.0	0.9995901155158834
RHOA	8270.0	0.11	0.06	1.94	0.0527	1.0	0.9995901155158834
RHOB	1640.0	0.1	0.14	0.728	0.466	1.0	0.9995901155158834
RHOBTB1	801.0	-0.04	0.09	-0.44	0.66	1.0	0.9995901155158834
RHOBTB2	141.0	-0.13	0.11	-1.18	0.239	1.0	0.9995901155158834
RHOBTB3	484.0	0.0	0.1	0.0396	0.968	1.0	0.9995901155158834
RHOC	2520.0	-0.08	0.11	-0.742	0.458	1.0	0.9995901155158834
RHOD	2.76	-0.46	0.78	-0.594	0.553	1.0	0.9995901155158834
RHOF	5.47	0.48	0.71	0.669	0.504	1.0	0.9995901155158834
RHOG	109.0	-0.11	0.14	-0.776	0.438	1.0	0.9995901155158834
RHOH	19.6	-0.02	0.25	-0.0947	0.925	1.0	0.9995901155158834
RHOJ	547.0	-0.01	0.08	-0.115	0.909	1.0	0.9995901155158834
RHOQ	382.0	0.08	0.08	0.991	0.322	1.0	0.9995901155158834
RHOT1	194.0	0.07	0.1	0.703	0.482	1.0	0.9995901155158834
RHOT2	169.0	-0.07	0.14	-0.52	0.603	1.0	0.9995901155158834
RHOU	107.0	0.04	0.15	0.307	0.759	1.0	0.9995901155158834
RHOV	2.2	-0.21	0.84	-0.251	0.802	1.0	0.9995901155158834
RHPN1	3.78	0.41	0.64	0.644	0.519	1.0	0.9995901155158834
RHPN2	17.2	-0.09	0.39	-0.241	0.809	1.0	0.9995901155158834
RIBC1	1.64	-1.45	0.97	-1.5	0.134	1.0	0.9995901155158834
RIBC2	5.5	-1.11	0.55	-2.01	0.044	1.0	0.9995901155158834
RIC1	347.0	-0.04	0.1	-0.414	0.679	1.0	0.9995901155158834
RIC3	9.03	-0.1	0.43	-0.222	0.824	1.0	0.9995901155158834
RIC8A	439.0	0.05	0.09	0.568	0.57	1.0	0.9995901155158834
RIC8B	183.0	-0.09	0.09	-0.964	0.335	1.0	0.9995901155158834
RICTOR	325.0	0.05	0.11	0.401	0.689	1.0	0.9995901155158834
RIDA	38.7	0.17	0.19	0.875	0.382	1.0	0.9995901155158834
RIF1	1070.0	0.03	0.09	0.292	0.77	1.0	0.9995901155158834
RILP	20.2	-0.12	0.33	-0.372	0.71	1.0	0.9995901155158834
RILPL1	281.0	-0.12	0.12	-1.07	0.286	1.0	0.9995901155158834
RILPL2	155.0	-0.12	0.16	-0.751	0.452	1.0	0.9995901155158834
RIMBP2	2.42	0.35	0.76	0.455	0.649	1.0	0.9995901155158834
RIMBP3	1.42	0.09	2.19	0.039	0.969	1.0	0.9995901155158834
RIMBP3B	2.39	-0.1	1.0	-0.101	0.92	1.0	0.9995901155158834
RIMKLA	1.4	-0.28	1.12	-0.254	0.799	1.0	0.9995901155158834
RIMKLB	704.0	0.11	0.11	0.949	0.343	1.0	0.9995901155158834
RIMS1	12.5	0.48	0.37	1.3	0.192	1.0	0.9995901155158834
RIMS2	142.0	0.09	0.18	0.509	0.611	1.0	0.9995901155158834
RIMS3	9.53	-0.09	0.39	-0.221	0.825	1.0	0.9995901155158834
RIMS4	1.05	1.31	1.39	0.942	0.346	1.0	0.9995901155158834
RIN1	62.9	0.11	0.27	0.426	0.67	1.0	0.9995901155158834
RIN2	931.0	-0.02	0.07	-0.313	0.754	1.0	0.9995901155158834
RIN3	29.9	-0.24	0.25	-0.936	0.349	1.0	0.9995901155158834
RING1	76.8	-0.24	0.16	-1.55	0.12	1.0	0.9995901155158834
RINL	9.6	0.24	0.42	0.573	0.566	1.0	0.9995901155158834
RINT1	254.0	-0.02	0.12	-0.161	0.872	1.0	0.9995901155158834
RIOK1	441.0	-0.08	0.09	-0.901	0.368	1.0	0.9995901155158834
RIOK2	276.0	-0.03	0.13	-0.215	0.829	1.0	0.9995901155158834
RIOK3	838.0	-0.02	0.06	-0.379	0.705	1.0	0.9995901155158834
RIOX1	140.0	0.16	0.12	1.26	0.207	1.0	0.9995901155158834
RIOX2	279.0	-0.0	0.09	-0.0399	0.968	1.0	0.9995901155158834
RIPK1	541.0	-0.06	0.08	-0.698	0.485	1.0	0.9995901155158834
RIPK2	94.0	-0.13	0.15	-0.871	0.384	1.0	0.9995901155158834
RIPK3	4.42	-0.79	0.56	-1.41	0.158	1.0	0.9995901155158834
RIPK4	729.0	0.01	0.08	0.157	0.875	1.0	0.9995901155158834
RIPOR1	1220.0	-0.04	0.08	-0.434	0.665	1.0	0.9995901155158834
RIPOR2	58.8	-0.09	0.16	-0.555	0.579	1.0	0.9995901155158834
RIPOR3	2.08	0.22	0.75	0.298	0.766	1.0	0.9995901155158834
RIPPLY2	0.836	-1.04	1.52	-0.684	0.494	1.0	0.9995901155158834
RIPPLY3	2.84	0.21	0.69	0.303	0.762	1.0	0.9995901155158834
RIT1	463.0	0.05	0.1	0.47	0.638	1.0	0.9995901155158834
RIT2	0.5	0.3	1.65	0.179	0.858	1.0	0.9995901155158834
RITA1	60.5	-0.2	0.17	-1.23	0.22	1.0	0.9995901155158834
RLF	218.0	0.16	0.09	1.68	0.0926	1.0	0.9995901155158834
RLIM	608.0	0.0	0.08	0.00677	0.995	1.0	0.9995901155158834
RMC1	105.0	0.11	0.13	0.849	0.396	1.0	0.9995901155158834
RMDN1	283.0	0.04	0.13	0.299	0.765	1.0	0.9995901155158834
RMDN2	11.1	0.23	0.35	0.675	0.5	1.0	0.9995901155158834
RMDN3	372.0	-0.17	0.09	-1.83	0.0667	1.0	0.9995901155158834
RMI1	109.0	0.03	0.13	0.222	0.824	1.0	0.9995901155158834
RMI2	100.0	-0.05	0.16	-0.336	0.737	1.0	0.9995901155158834
RMND1	119.0	0.0	0.12	0.0321	0.974	1.0	0.9995901155158834
RMND5A	554.0	0.07	0.08	0.937	0.349	1.0	0.9995901155158834
RMND5B	106.0	0.2	0.13	1.51	0.132	1.0	0.9995901155158834
RNASE1	206.0	-0.25	0.13	-1.94	0.0521	1.0	0.9995901155158834
RNASE10	56.9	-0.01	0.18	-0.0603	0.952	1.0	0.9995901155158834
RNASE4	11.8	-0.19	0.34	-0.564	0.573	1.0	0.9995901155158834
RNASE6	1.44	1.08	0.9	1.19	0.232	1.0	0.9995901155158834
RNASEH1	788.0	0.08	0.07	1.22	0.223	1.0	0.9995901155158834
RNASEH2A	204.0	-0.01	0.12	-0.0834	0.934	1.0	0.9995901155158834
RNASEH2B	64.5	0.05	0.14	0.336	0.737	1.0	0.9995901155158834
RNASEH2C	245.0	-0.01	0.13	-0.0541	0.957	1.0	0.9995901155158834
RNASEK	374.0	-0.07	0.12	-0.561	0.575	1.0	0.9995901155158834
RNASEL	17.4	0.22	0.27	0.788	0.431	1.0	0.9995901155158834
RNASET2	44.6	-0.37	0.24	-1.58	0.115	1.0	0.9995901155158834
RND1	114.0	-0.19	0.3	-0.628	0.53	1.0	0.9995901155158834
RND2	25.5	0.19	0.26	0.739	0.46	1.0	0.9995901155158834
RND3	108.0	-0.01	0.22	-0.0501	0.96	1.0	0.9995901155158834
RNF10	612.0	-0.01	0.07	-0.0954	0.924	1.0	0.9995901155158834
RNF103	420.0	-0.0	0.1	-0.00177	0.999	1.0	0.9995901155158834
RNF103-CHMP3	3.64	-1.52	2.54	-0.597	0.551	1.0	0.9995901155158834
RNF11	876.0	0.04	0.1	0.364	0.716	1.0	0.9995901155158834
RNF111	290.0	-0.01	0.11	-0.0465	0.963	1.0	0.9995901155158834
RNF113A	218.0	-0.1	0.1	-1.07	0.286	1.0	0.9995901155158834
RNF114	336.0	0.08	0.09	0.885	0.376	1.0	0.9995901155158834
RNF115	336.0	0.01	0.08	0.168	0.867	1.0	0.9995901155158834
RNF121	201.0	0.08	0.1	0.772	0.44	1.0	0.9995901155158834
RNF122	69.8	0.13	0.2	0.657	0.511	1.0	0.9995901155158834
RNF123	108.0	-0.16	0.14	-1.18	0.237	1.0	0.9995901155158834
RNF125	31.8	0.28	0.23	1.22	0.223	1.0	0.9995901155158834
RNF126	33.8	-0.17	0.26	-0.655	0.512	1.0	0.9995901155158834
RNF128	0.862	0.76	1.18	0.638	0.524	1.0	0.9995901155158834
RNF13	158.0	-0.17	0.12	-1.39	0.164	1.0	0.9995901155158834
RNF130	456.0	-0.01	0.11	-0.0603	0.952	1.0	0.9995901155158834
RNF135	95.5	0.13	0.17	0.783	0.434	1.0	0.9995901155158834
RNF138	290.0	0.08	0.15	0.57	0.568	1.0	0.9995901155158834
RNF139	318.0	0.11	0.11	1.05	0.293	1.0	0.9995901155158834
RNF14	558.0	-0.02	0.1	-0.221	0.825	1.0	0.9995901155158834
RNF141	446.0	0.01	0.08	0.145	0.885	1.0	0.9995901155158834
RNF144A	407.0	0.13	0.07	1.82	0.0694	1.0	0.9995901155158834
RNF144B	396.0	0.07	0.11	0.626	0.532	1.0	0.9995901155158834
RNF145	1510.0	0.05	0.1	0.539	0.59	1.0	0.9995901155158834
RNF146	491.0	-0.06	0.07	-0.761	0.447	1.0	0.9995901155158834
RNF148	0.638	1.3	1.56	0.836	0.403	1.0	0.9995901155158834
RNF149	214.0	0.09	0.12	0.715	0.474	1.0	0.9995901155158834
RNF150	59.8	0.11	0.2	0.55	0.582	1.0	0.9995901155158834
RNF152	291.0	0.01	0.17	0.0784	0.938	1.0	0.9995901155158834
RNF157	34.5	-0.03	0.2	-0.173	0.863	1.0	0.9995901155158834
RNF165	7.76	-0.08	0.46	-0.181	0.856	1.0	0.9995901155158834
RNF166	54.6	0.08	0.27	0.318	0.751	1.0	0.9995901155158834
RNF167	147.0	-0.16	0.13	-1.23	0.217	1.0	0.9995901155158834
RNF168	604.0	-0.02	0.13	-0.192	0.848	1.0	0.9995901155158834
RNF169	181.0	0.12	0.11	1.13	0.259	1.0	0.9995901155158834
RNF170	288.0	0.07	0.09	0.74	0.459	1.0	0.9995901155158834
RNF175	2.67	-0.79	0.77	-1.03	0.305	1.0	0.9995901155158834
RNF180	78.5	-0.26	0.21	-1.24	0.215	1.0	0.9995901155158834
RNF181	175.0	-0.13	0.12	-1.12	0.261	1.0	0.9995901155158834
RNF182	8.79	0.55	0.42	1.29	0.195	1.0	0.9995901155158834
RNF185	202.0	-0.14	0.11	-1.24	0.215	1.0	0.9995901155158834
RNF187	431.0	-0.13	0.11	-1.19	0.236	1.0	0.9995901155158834
RNF19A	594.0	-0.09	0.1	-0.923	0.356	1.0	0.9995901155158834
RNF19B	154.0	0.05	0.09	0.539	0.59	1.0	0.9995901155158834
RNF2	351.0	0.07	0.08	0.798	0.425	1.0	0.9995901155158834
RNF20	1010.0	-0.02	0.11	-0.169	0.866	1.0	0.9995901155158834
RNF207	4.63	0.06	0.66	0.0927	0.926	1.0	0.9995901155158834
RNF208	0.879	0.51	1.42	0.356	0.722	1.0	0.9995901155158834
RNF212	0.58	-0.74	1.42	-0.519	0.604	1.0	0.9995901155158834
RNF212B	0.556	0.82	1.76	0.465	0.642	1.0	0.9995901155158834
RNF213	543.0	-0.01	0.12	-0.0915	0.927	1.0	0.9995901155158834
RNF214	489.0	0.03	0.1	0.28	0.78	1.0	0.9995901155158834
RNF215	128.0	-0.0	0.14	-0.0339	0.973	1.0	0.9995901155158834
RNF216	436.0	0.0	0.09	0.0115	0.991	1.0	0.9995901155158834
RNF217	193.0	0.2	0.14	1.5	0.133	1.0	0.9995901155158834
RNF220	270.0	-0.1	0.08	-1.24	0.217	1.0	0.9995901155158834
RNF222	0.659	-0.02	1.6	-0.0097	0.992	1.0	0.9995901155158834
RNF227	16.0	0.04	0.27	0.139	0.89	1.0	0.9995901155158834
RNF24	124.0	-0.06	0.15	-0.359	0.719	1.0	0.9995901155158834
RNF25	93.8	-0.03	0.17	-0.157	0.875	1.0	0.9995901155158834
RNF26	105.0	0.07	0.16	0.438	0.661	1.0	0.9995901155158834
RNF31	133.0	-0.05	0.12	-0.456	0.648	1.0	0.9995901155158834
RNF32	3.93	0.19	0.62	0.303	0.762	1.0	0.9995901155158834
RNF34	611.0	-0.08	0.1	-0.838	0.402	1.0	0.9995901155158834
RNF38	334.0	0.12	0.11	1.11	0.269	1.0	0.9995901155158834
RNF39	10.7	0.34	0.37	0.91	0.363	1.0	0.9995901155158834
RNF4	294.0	0.01	0.08	0.0683	0.946	1.0	0.9995901155158834
RNF40	1520.0	-0.04	0.1	-0.397	0.692	1.0	0.9995901155158834
RNF41	198.0	-0.03	0.12	-0.275	0.783	1.0	0.9995901155158834
RNF43	0.967	-0.4	1.36	-0.292	0.77	1.0	0.9995901155158834
RNF44	112.0	0.09	0.11	0.749	0.454	1.0	0.9995901155158834
RNF5	204.0	-0.05	0.13	-0.366	0.714	1.0	0.9995901155158834
RNF6	380.0	0.0	0.09	0.00845	0.993	1.0	0.9995901155158834
RNF7	905.0	-0.12	0.08	-1.4	0.162	1.0	0.9995901155158834
RNF8	385.0	-0.05	0.08	-0.695	0.487	1.0	0.9995901155158834
RNFT1	153.0	-0.08	0.13	-0.633	0.527	1.0	0.9995901155158834
RNFT2	16.1	0.64	0.33	1.92	0.0545	1.0	0.9995901155158834
RNGTT	280.0	0.12	0.1	1.22	0.221	1.0	0.9995901155158834
RNH1	382.0	0.04	0.13	0.287	0.774	1.0	0.9995901155158834
RNLS	19.5	0.01	0.27	0.0254	0.98	1.0	0.9995901155158834
RNMT	422.0	0.03	0.1	0.254	0.799	1.0	0.9995901155158834
RNPC3	27.3	0.08	0.21	0.368	0.713	1.0	0.9995901155158834
RNPEP	193.0	0.06	0.12	0.504	0.615	1.0	0.9995901155158834
RNPEPL1	99.9	0.07	0.17	0.44	0.66	1.0	0.9995901155158834
RNPS1	736.0	-0.01	0.07	-0.0843	0.933	1.0	0.9995901155158834
RO60	573.0	-0.06	0.1	-0.627	0.531	1.0	0.9995901155158834
ROBO1	2060.0	-0.05	0.12	-0.405	0.686	1.0	0.9995901155158834
ROBO2	39.2	-0.16	0.2	-0.787	0.431	1.0	0.9995901155158834
ROBO3	11.2	0.41	0.4	1.02	0.308	1.0	0.9995901155158834
ROBO4	116.0	-0.08	0.18	-0.434	0.665	1.0	0.9995901155158834
ROCK1	2380.0	-0.01	0.1	-0.0925	0.926	1.0	0.9995901155158834
ROCK2	2140.0	0.02	0.11	0.164	0.87	1.0	0.9995901155158834
ROGDI	47.5	0.03	0.21	0.148	0.882	1.0	0.9995901155158834
ROM1	5.23	1.0	0.55	1.81	0.0705	1.0	0.9995901155158834
ROMO1	162.0	0.05	0.15	0.327	0.744	1.0	0.9995901155158834
ROPN1L	6.86	0.2	0.51	0.4	0.689	1.0	0.9995901155158834
ROR1	375.0	-0.06	0.1	-0.649	0.516	1.0	0.9995901155158834
ROR2	25.9	0.26	0.34	0.764	0.445	1.0	0.9995901155158834
RORA	240.0	0.1	0.12	0.903	0.367	1.0	0.9995901155158834
RORB	3.2	-1.03	0.73	-1.41	0.159	1.0	0.9995901155158834
ROS1	2.72	0.14	0.71	0.204	0.838	1.0	0.9995901155158834
RP1	1.8	0.05	0.85	0.0575	0.954	1.0	0.9995901155158834
RP1L1	72.5	0.0	0.21	0.00082	0.999	1.0	0.9995901155158834
RP2	342.0	-0.03	0.1	-0.307	0.759	1.0	0.9995901155158834
RP9	272.0	-0.12	0.14	-0.881	0.378	1.0	0.9995901155158834
RPA1	805.0	-0.06	0.08	-0.739	0.46	1.0	0.9995901155158834
RPA2	732.0	0.1	0.12	0.788	0.43	1.0	0.9995901155158834
RPA3	70.1	0.03	0.16	0.157	0.875	1.0	0.9995901155158834
RPA4	1.29	0.76	1.25	0.61	0.542	1.0	0.9995901155158834
RPAIN	452.0	-0.07	0.12	-0.633	0.527	1.0	0.9995901155158834
RPAP1	135.0	0.07	0.13	0.507	0.612	1.0	0.9995901155158834
RPAP2	480.0	0.17	0.12	1.42	0.154	1.0	0.9995901155158834
RPAP3	392.0	0.03	0.09	0.377	0.706	1.0	0.9995901155158834
RPE	680.0	0.19	0.11	1.65	0.099	1.0	0.9995901155158834
RPEL1	2.43	-0.86	0.94	-0.92	0.358	1.0	0.9995901155158834
RPF1	226.0	0.03	0.12	0.275	0.783	1.0	0.9995901155158834
RPF2	294.0	0.11	0.1	1.08	0.279	1.0	0.9995901155158834
RPGR	191.0	0.09	0.12	0.725	0.468	1.0	0.9995901155158834
RPGRIP1	2.8	0.16	0.68	0.231	0.818	1.0	0.9995901155158834
RPGRIP1L	123.0	-0.06	0.17	-0.359	0.719	1.0	0.9995901155158834
RPH3A	2.24	1.08	0.95	1.14	0.254	1.0	0.9995901155158834
RPH3AL	14.1	-0.19	0.39	-0.479	0.632	1.0	0.9995901155158834
RPIA	521.0	0.08	0.1	0.741	0.459	1.0	0.9995901155158834
RPL10	1400.0	-0.11	0.14	-0.78	0.436	1.0	0.9995901155158834
RPL10A	1130.0	-0.02	0.13	-0.122	0.903	1.0	0.9995901155158834
RPL11	3480.0	-0.05	0.08	-0.586	0.558	1.0	0.9995901155158834
RPL12	1860.0	-0.12	0.19	-0.616	0.538	1.0	0.9995901155158834
RPL13	1500.0	0.04	0.1	0.366	0.714	1.0	0.9995901155158834
RPL13A	3660.0	-0.02	0.1	-0.218	0.828	1.0	0.9995901155158834
RPL14	1710.0	-0.07	0.07	-0.991	0.322	1.0	0.9995901155158834
RPL15	3590.0	-0.0	0.07	-0.0575	0.954	1.0	0.9995901155158834
RPL17	824.0	0.07	0.1	0.688	0.491	1.0	0.9995901155158834
RPL17-C18orf32	305.0	-0.04	0.16	-0.239	0.811	1.0	0.9995901155158834
RPL18	810.0	-0.07	0.11	-0.62	0.535	1.0	0.9995901155158834
RPL18A	365.0	-0.17	0.17	-1.01	0.313	1.0	0.9995901155158834
RPL19	4010.0	-0.1	0.08	-1.14	0.256	1.0	0.9995901155158834
RPL21	650.0	0.05	0.12	0.421	0.674	1.0	0.9995901155158834
RPL22	2970.0	0.03	0.08	0.426	0.67	1.0	0.9995901155158834
RPL22L1	155.0	0.03	0.12	0.226	0.821	1.0	0.9995901155158834
RPL23	3970.0	0.01	0.14	0.0564	0.955	1.0	0.9995901155158834
RPL23A	523.0	-0.11	0.11	-0.985	0.325	1.0	0.9995901155158834
RPL24	1490.0	-0.07	0.09	-0.827	0.408	1.0	0.9995901155158834
RPL26	4620.0	0.06	0.1	0.638	0.523	1.0	0.9995901155158834
RPL26L1	158.0	-0.1	0.11	-0.938	0.348	1.0	0.9995901155158834
RPL27	417.0	-0.08	0.12	-0.691	0.489	1.0	0.9995901155158834
RPL27A	2770.0	-0.02	0.08	-0.234	0.815	1.0	0.9995901155158834
RPL28	521.0	-0.12	0.15	-0.84	0.401	1.0	0.9995901155158834
RPL29	368.0	-0.08	0.18	-0.433	0.665	1.0	0.9995901155158834
RPL3	4070.0	-0.11	0.08	-1.36	0.175	1.0	0.9995901155158834
RPL30	452.0	-0.25	0.11	-2.25	0.0244	1.0	0.9995901155158834
RPL31	850.0	-0.17	0.09	-1.9	0.0568	1.0	0.9995901155158834
RPL32	717.0	-0.09	0.11	-0.824	0.41	1.0	0.9995901155158834
RPL34	636.0	-0.03	0.07	-0.4	0.689	1.0	0.9995901155158834
RPL35	1300.0	-0.04	0.09	-0.433	0.665	1.0	0.9995901155158834
RPL35A	1490.0	-0.08	0.08	-0.91	0.363	1.0	0.9995901155158834
RPL36	570.0	0.06	0.1	0.611	0.541	1.0	0.9995901155158834
RPL36A	2370.0	0.06	0.12	0.474	0.635	1.0	0.9995901155158834
RPL36A-HNRNPH2	1930.0	-0.03	0.08	-0.406	0.685	1.0	0.9995901155158834
RPL36AL	1760.0	-0.05	0.08	-0.655	0.512	1.0	0.9995901155158834
RPL37	1350.0	-0.0	0.08	-0.0196	0.984	1.0	0.9995901155158834
RPL37A	1020.0	-0.11	0.08	-1.47	0.142	1.0	0.9995901155158834
RPL38	366.0	-0.06	0.11	-0.571	0.568	1.0	0.9995901155158834
RPL39	194.0	-0.01	0.16	-0.043	0.966	1.0	0.9995901155158834
RPL39L	112.0	-0.35	0.13	-2.71	0.00664	1.0	0.9995901155158834
RPL3L	1.41	0.62	0.87	0.713	0.476	1.0	0.9995901155158834
RPL4	3960.0	-0.11	0.06	-1.69	0.0914	1.0	0.9995901155158834
RPL41	2020.0	-0.05	0.13	-0.364	0.716	1.0	0.9995901155158834
RPL5	5130.0	-0.07	0.07	-0.9	0.368	1.0	0.9995901155158834
RPL6	2480.0	-0.09	0.07	-1.26	0.209	1.0	0.9995901155158834
RPL7	3250.0	-0.07	0.08	-0.891	0.373	1.0	0.9995901155158834
RPL7A	2010.0	-0.07	0.1	-0.701	0.483	1.0	0.9995901155158834
RPL7L1	1370.0	0.07	0.09	0.783	0.433	1.0	0.9995901155158834
RPL8	2020.0	-0.0	0.1	-0.0472	0.962	1.0	0.9995901155158834
RPL9	2200.0	0.01	0.09	0.0969	0.923	1.0	0.9995901155158834
RPLP0	2690.0	-0.0	0.23	-0.0164	0.987	1.0	0.9995901155158834
RPLP1	1880.0	0.1	0.12	0.8	0.424	1.0	0.9995901155158834
RPLP2	1410.0	-0.07	0.09	-0.804	0.421	1.0	0.9995901155158834
RPN1	2270.0	-0.0	0.07	-0.0381	0.97	1.0	0.9995901155158834
RPN2	1130.0	-0.08	0.14	-0.56	0.575	1.0	0.9995901155158834
RPP14	86.4	0.5	0.35	1.41	0.158	1.0	0.9995901155158834
RPP21	38.3	-0.02	0.28	-0.0673	0.946	1.0	0.9995901155158834
RPP25	354.0	-0.03	0.14	-0.189	0.85	1.0	0.9995901155158834
RPP25L	24.3	-0.26	0.31	-0.826	0.409	1.0	0.9995901155158834
RPP30	141.0	0.1	0.12	0.821	0.411	1.0	0.9995901155158834
RPP38	23.3	0.22	0.3	0.751	0.453	1.0	0.9995901155158834
RPP40	44.6	0.16	0.17	0.932	0.351	1.0	0.9995901155158834
RPRD1A	516.0	-0.18	0.11	-1.61	0.107	1.0	0.9995901155158834
RPRD1B	182.0	-0.06	0.1	-0.557	0.577	1.0	0.9995901155158834
RPRD2	374.0	0.01	0.1	0.146	0.884	1.0	0.9995901155158834
RPRM	2.43	0.34	0.78	0.439	0.661	1.0	0.9995901155158834
RPS10	481.0	0.05	0.33	0.148	0.882	1.0	0.9995901155158834
RPS10-NUDT3	1360.0	-0.04	0.14	-0.298	0.765	1.0	0.9995901155158834
RPS11	1620.0	-0.2	0.08	-2.57	0.0102	1.0	0.9995901155158834
RPS12	1580.0	0.1	0.1	0.944	0.345	1.0	0.9995901155158834
RPS13	362.0	-0.01	0.12	-0.0729	0.942	1.0	0.9995901155158834
RPS14	1200.0	-0.04	0.07	-0.521	0.603	1.0	0.9995901155158834
RPS15	759.0	-0.02	0.1	-0.23	0.818	1.0	0.9995901155158834
RPS15A	791.0	-0.06	0.08	-0.777	0.437	1.0	0.9995901155158834
RPS16	859.0	-0.09	0.12	-0.728	0.467	1.0	0.9995901155158834
RPS17	690.0	0.03	0.11	0.317	0.751	1.0	0.9995901155158834
RPS18	2310.0	0.03	0.11	0.239	0.811	1.0	0.9995901155158834
RPS19	1250.0	0.05	0.1	0.524	0.601	1.0	0.9995901155158834
RPS19BP1	355.0	0.17	0.11	1.54	0.123	1.0	0.9995901155158834
RPS2	1650.0	-0.09	0.15	-0.615	0.539	1.0	0.9995901155158834
RPS20	2750.0	-0.06	0.09	-0.654	0.513	1.0	0.9995901155158834
RPS21	1560.0	0.0	0.2	0.0238	0.981	1.0	0.9995901155158834
RPS23	2950.0	-0.06	0.08	-0.822	0.411	1.0	0.9995901155158834
RPS24	2130.0	0.02	0.09	0.252	0.801	1.0	0.9995901155158834
RPS25	743.0	-0.02	0.08	-0.291	0.771	1.0	0.9995901155158834
RPS26	1030.0	-0.05	0.09	-0.622	0.534	1.0	0.9995901155158834
RPS27	211.0	-0.02	0.3	-0.0544	0.957	1.0	0.9995901155158834
RPS27A	2960.0	0.03	0.1	0.331	0.741	1.0	0.9995901155158834
RPS27L	264.0	-0.31	0.11	-2.74	0.00622	1.0	0.9995901155158834
RPS28	1740.0	0.03	0.1	0.287	0.774	1.0	0.9995901155158834
RPS29	108.0	-0.06	0.34	-0.174	0.862	1.0	0.9995901155158834
RPS3	4440.0	-0.01	0.07	-0.0799	0.936	1.0	0.9995901155158834
RPS3A	4360.0	-0.01	0.09	-0.0746	0.941	1.0	0.9995901155158834
RPS4X	2210.0	-0.14	0.13	-1.09	0.277	1.0	0.9995901155158834
RPS5	613.0	0.05	0.14	0.362	0.717	1.0	0.9995901155158834
RPS6	3520.0	-0.04	0.07	-0.514	0.607	1.0	0.9995901155158834
RPS6KA1	66.7	-0.2	0.19	-1.07	0.285	1.0	0.9995901155158834
RPS6KA2	1050.0	0.08	0.07	1.17	0.241	1.0	0.9995901155158834
RPS6KA3	995.0	-0.0	0.08	-0.00756	0.994	1.0	0.9995901155158834
RPS6KA4	203.0	-0.03	0.14	-0.22	0.826	1.0	0.9995901155158834
RPS6KA5	45.2	-0.36	0.42	-0.845	0.398	1.0	0.9995901155158834
RPS6KA6	251.0	-0.02	0.15	-0.14	0.889	1.0	0.9995901155158834
RPS6KB1	420.0	-0.12	0.09	-1.33	0.183	1.0	0.9995901155158834
RPS6KB2	178.0	-0.08	0.13	-0.59	0.555	1.0	0.9995901155158834
RPS6KC1	266.0	-0.07	0.09	-0.721	0.471	1.0	0.9995901155158834
RPS6KL1	6.59	0.11	0.45	0.243	0.808	1.0	0.9995901155158834
RPS7	1970.0	0.0	0.08	0.0216	0.983	1.0	0.9995901155158834
RPS8	4020.0	-0.03	0.08	-0.409	0.682	1.0	0.9995901155158834
RPS9	2040.0	-0.01	0.14	-0.0522	0.958	1.0	0.9995901155158834
RPSA	1880.0	0.06	0.11	0.542	0.588	1.0	0.9995901155158834
RPSAP58	323.0	-0.08	0.09	-0.843	0.399	1.0	0.9995901155158834
RPTOR	245.0	0.06	0.11	0.515	0.607	1.0	0.9995901155158834
RPUSD1	70.2	-0.15	0.21	-0.716	0.474	1.0	0.9995901155158834
RPUSD2	69.9	0.16	0.2	0.765	0.444	1.0	0.9995901155158834
RPUSD3	110.0	-0.12	0.18	-0.694	0.488	1.0	0.9995901155158834
RPUSD4	245.0	0.11	0.1	1.16	0.247	1.0	0.9995901155158834
RRAGA	484.0	0.03	0.1	0.308	0.758	1.0	0.9995901155158834
RRAGB	109.0	-0.09	0.12	-0.73	0.465	1.0	0.9995901155158834
RRAGC	409.0	0.0	0.08	0.0507	0.96	1.0	0.9995901155158834
RRAGD	225.0	0.09	0.16	0.576	0.565	1.0	0.9995901155158834
RRAS	59.3	-0.24	0.17	-1.4	0.161	1.0	0.9995901155158834
RRAS2	451.0	0.04	0.14	0.289	0.772	1.0	0.9995901155158834
RRBP1	3570.0	-0.11	0.13	-0.838	0.402	1.0	0.9995901155158834
RREB1	441.0	-0.09	0.1	-0.923	0.356	1.0	0.9995901155158834
RRH	0.868	0.4	1.5	0.263	0.792	1.0	0.9995901155158834
RRM1	504.0	-0.03	0.07	-0.354	0.724	1.0	0.9995901155158834
RRM2	379.0	0.06	0.11	0.581	0.561	1.0	0.9995901155158834
RRM2B	547.0	0.02	0.09	0.215	0.83	1.0	0.9995901155158834
RRN3	1010.0	0.07	0.11	0.588	0.556	1.0	0.9995901155158834
RRP1	465.0	-0.01	0.12	-0.113	0.91	1.0	0.9995901155158834
RRP12	374.0	0.01	0.22	0.0681	0.946	1.0	0.9995901155158834
RRP15	673.0	0.01	0.09	0.095	0.924	1.0	0.9995901155158834
RRP1B	652.0	-0.02	0.1	-0.166	0.868	1.0	0.9995901155158834
RRP36	321.0	-0.04	0.09	-0.471	0.638	1.0	0.9995901155158834
RRP7A	632.0	0.03	0.1	0.298	0.765	1.0	0.9995901155158834
RRP8	162.0	0.13	0.11	1.12	0.263	1.0	0.9995901155158834
RRP9	200.0	0.05	0.13	0.344	0.731	1.0	0.9995901155158834
RRS1	274.0	0.1	0.13	0.769	0.442	1.0	0.9995901155158834
RSAD1	217.0	0.05	0.11	0.442	0.658	1.0	0.9995901155158834
RSAD2	1.48	0.27	0.93	0.29	0.772	1.0	0.9995901155158834
RSBN1	190.0	0.08	0.11	0.752	0.452	1.0	0.9995901155158834
RSBN1L	269.0	0.08	0.1	0.77	0.441	1.0	0.9995901155158834
RSF1	1390.0	0.0	0.08	0.0569	0.955	1.0	0.9995901155158834
RSKR	14.8	0.37	0.39	0.948	0.343	1.0	0.9995901155158834
RSL1D1	904.0	0.04	0.1	0.423	0.673	1.0	0.9995901155158834
RSL24D1	457.0	0.09	0.11	0.822	0.411	1.0	0.9995901155158834
RSPH1	3.22	0.79	0.62	1.29	0.198	1.0	0.9995901155158834
RSPH10B2	2.36	1.39	0.9	1.55	0.12	1.0	0.9995901155158834
RSPH3	58.1	0.08	0.17	0.499	0.618	1.0	0.9995901155158834
RSPH4A	2.48	-0.26	0.8	-0.33	0.741	1.0	0.9995901155158834
RSPH9	3.3	-0.55	0.86	-0.636	0.525	1.0	0.9995901155158834
RSPO3	4.89	-0.28	0.59	-0.482	0.629	1.0	0.9995901155158834
RSPO4	1.63	0.24	0.94	0.255	0.799	1.0	0.9995901155158834
RSPRY1	502.0	0.01	0.08	0.0846	0.933	1.0	0.9995901155158834
RSRC1	394.0	-0.14	0.13	-1.08	0.281	1.0	0.9995901155158834
RSRC2	1540.0	-0.11	0.1	-1.03	0.302	1.0	0.9995901155158834
RSRP1	119.0	0.07	0.19	0.398	0.69	1.0	0.9995901155158834
RSU1	922.0	0.01	0.08	0.0701	0.944	1.0	0.9995901155158834
RTBDN	0.99	-1.54	1.19	-1.29	0.196	1.0	0.9995901155158834
RTCA	841.0	-0.04	0.07	-0.6	0.549	1.0	0.9995901155158834
RTCB	1010.0	-0.08	0.06	-1.47	0.141	1.0	0.9995901155158834
RTEL1	73.6	-0.03	0.15	-0.231	0.817	1.0	0.9995901155158834
RTF1	1600.0	-0.01	0.07	-0.14	0.889	1.0	0.9995901155158834
RTF2	1110.0	-0.14	0.07	-1.94	0.052	1.0	0.9995901155158834
RTKN	141.0	0.05	0.15	0.333	0.739	1.0	0.9995901155158834
RTKN2	65.8	0.01	0.21	0.0485	0.961	1.0	0.9995901155158834
RTL10	126.0	-0.02	0.13	-0.113	0.91	1.0	0.9995901155158834
RTL5	83.6	-0.06	0.18	-0.32	0.749	1.0	0.9995901155158834
RTL6	503.0	0.06	0.09	0.654	0.513	1.0	0.9995901155158834
RTL8A	174.0	-0.03	0.17	-0.187	0.852	1.0	0.9995901155158834
RTL8B	66.1	-0.04	0.17	-0.207	0.836	1.0	0.9995901155158834
RTL8C	340.0	-0.14	0.15	-0.925	0.355	1.0	0.9995901155158834
RTN1	11.7	0.3	0.37	0.801	0.423	1.0	0.9995901155158834
RTN2	66.2	-0.06	0.18	-0.35	0.726	1.0	0.9995901155158834
RTN3	597.0	0.02	0.1	0.193	0.847	1.0	0.9995901155158834
RTN4	2770.0	0.01	0.09	0.109	0.913	1.0	0.9995901155158834
RTN4IP1	59.4	-0.22	0.19	-1.19	0.236	1.0	0.9995901155158834
RTN4R	6.26	0.09	0.51	0.179	0.858	1.0	0.9995901155158834
RTN4RL1	1.99	1.26	0.87	1.46	0.145	1.0	0.9995901155158834
RTN4RL2	0.62	-2.09	1.87	-1.12	0.264	1.0	0.9995901155158834
RTRAF	601.0	-0.11	0.1	-1.17	0.242	1.0	0.9995901155158834
RTTN	94.5	0.1	0.16	0.622	0.534	1.0	0.9995901155158834
RUBCN	223.0	-0.03	0.11	-0.249	0.803	1.0	0.9995901155158834
RUBCNL	2.39	-0.23	0.96	-0.238	0.812	1.0	0.9995901155158834
RUFY1	468.0	0.0	0.09	0.0207	0.983	1.0	0.9995901155158834
RUFY2	218.0	0.02	0.12	0.197	0.844	1.0	0.9995901155158834
RUFY3	793.0	0.0	0.09	0.0277	0.978	1.0	0.9995901155158834
RUNDC1	121.0	0.23	0.12	1.99	0.0465	1.0	0.9995901155158834
RUNDC3A	1.9	-0.85	1.04	-0.816	0.414	1.0	0.9995901155158834
RUNDC3B	6.15	-0.74	0.48	-1.55	0.122	1.0	0.9995901155158834
RUNX1	61.1	0.05	0.22	0.218	0.828	1.0	0.9995901155158834
RUNX1T1	930.0	0.05	0.1	0.452	0.652	1.0	0.9995901155158834
RUNX3	1.48	1.07	1.19	0.902	0.367	1.0	0.9995901155158834
RUSC1	164.0	-0.14	0.17	-0.779	0.436	1.0	0.9995901155158834
RUSC2	134.0	-0.03	0.16	-0.221	0.825	1.0	0.9995901155158834
RUSF1	252.0	-0.04	0.1	-0.434	0.664	1.0	0.9995901155158834
RUVBL1	343.0	-0.05	0.09	-0.529	0.597	1.0	0.9995901155158834
RUVBL2	286.0	-0.08	0.14	-0.587	0.557	1.0	0.9995901155158834
RWDD1	586.0	-0.0	0.08	-0.053	0.958	1.0	0.9995901155158834
RWDD2A	59.1	-0.16	0.17	-0.954	0.34	1.0	0.9995901155158834
RWDD2B	72.7	-0.04	0.15	-0.252	0.801	1.0	0.9995901155158834
RWDD3	450.0	-0.01	0.12	-0.121	0.903	1.0	0.9995901155158834
RWDD4	482.0	0.09	0.1	0.942	0.346	1.0	0.9995901155158834
RXRA	311.0	0.12	0.1	1.18	0.239	1.0	0.9995901155158834
RXRB	67.1	0.06	0.16	0.361	0.718	1.0	0.9995901155158834
RXYLT1	70.1	0.05	0.16	0.293	0.769	1.0	0.9995901155158834
RYBP	947.0	0.07	0.09	0.817	0.414	1.0	0.9995901155158834
RYK	473.0	0.01	0.12	0.0673	0.946	1.0	0.9995901155158834
RYR2	8.94	0.16	0.43	0.38	0.704	1.0	0.9995901155158834
RYR3	6.33	-0.32	0.46	-0.68	0.496	1.0	0.9995901155158834
S100A1	0.733	-0.22	1.57	-0.141	0.888	1.0	0.9995901155158834
S100A10	405.0	-0.07	0.13	-0.555	0.579	1.0	0.9995901155158834
S100A11	254.0	-0.22	0.16	-1.36	0.175	1.0	0.9995901155158834
S100A13	456.0	0.07	0.14	0.474	0.636	1.0	0.9995901155158834
S100A14	0.708	2.71	3.0	0.901	0.368	1.0	0.9995901155158834
S100A16	929.0	-0.12	0.11	-1.17	0.244	1.0	0.9995901155158834
S100A2	4.54	-0.6	0.66	-0.904	0.366	1.0	0.9995901155158834
S100A3	31.2	0.33	0.3	1.1	0.272	1.0	0.9995901155158834
S100A4	57.6	0.09	0.21	0.408	0.683	1.0	0.9995901155158834
S100A5	0.602	-0.96	1.9	-0.504	0.614	1.0	0.9995901155158834
S100A6	3.45	-0.28	0.67	-0.415	0.678	1.0	0.9995901155158834
S100G	0.449	1.58	1.8	0.881	0.378	1.0	0.9995901155158834
S100P	0.671	0.2	1.84	0.107	0.915	1.0	0.9995901155158834
S100PBP	214.0	0.03	0.1	0.254	0.8	1.0	0.9995901155158834
S1PR1	1100.0	-0.0	0.07	-0.0632	0.95	1.0	0.9995901155158834
S1PR2	21.6	-0.14	0.28	-0.502	0.615	1.0	0.9995901155158834
S1PR3	57.6	-0.28	0.17	-1.6	0.109	1.0	0.9995901155158834
S1PR5	12.9	0.14	0.37	0.378	0.705	1.0	0.9995901155158834
SAA2	1.95	-0.67	0.79	-0.852	0.394	1.0	0.9995901155158834
SAAL1	223.0	0.02	0.1	0.209	0.835	1.0	0.9995901155158834
SAC3D1	32.5	0.08	0.25	0.333	0.739	1.0	0.9995901155158834
SACM1L	521.0	0.03	0.07	0.491	0.624	1.0	0.9995901155158834
SACS	633.0	0.07	0.15	0.495	0.621	1.0	0.9995901155158834
SAE1	1910.0	-0.03	0.07	-0.393	0.694	1.0	0.9995901155158834
SAFB	2680.0	-0.15	0.13	-1.12	0.264	1.0	0.9995901155158834
SAFB2	820.0	-0.11	0.14	-0.738	0.461	1.0	0.9995901155158834
SALL1	112.0	0.06	0.11	0.493	0.622	1.0	0.9995901155158834
SALL2	197.0	0.0	0.14	0.000624	1.0	1.0	1.0
SALL3	10.5	-0.63	0.38	-1.66	0.0977	1.0	0.9995901155158834
SALL4	196.0	-0.07	0.09	-0.769	0.442	1.0	0.9995901155158834
SAMD1	285.0	-0.06	0.11	-0.542	0.588	1.0	0.9995901155158834
SAMD10	10.4	1.01	0.43	2.36	0.0184	1.0	0.9995901155158834
SAMD11	0.926	3.09	3.0	1.03	0.303	1.0	0.9995901155158834
SAMD12	102.0	-0.12	0.24	-0.5	0.617	1.0	0.9995901155158834
SAMD13	10.5	-0.08	0.36	-0.228	0.819	1.0	0.9995901155158834
SAMD14	108.0	0.09	0.14	0.63	0.529	1.0	0.9995901155158834
SAMD15	18.0	0.0	0.25	0.0107	0.991	1.0	0.9995901155158834
SAMD3	4.14	-0.03	0.6	-0.0524	0.958	1.0	0.9995901155158834
SAMD4A	220.0	0.22	0.15	1.5	0.134	1.0	0.9995901155158834
SAMD4B	211.0	0.08	0.12	0.684	0.494	1.0	0.9995901155158834
SAMD5	335.0	0.05	0.13	0.413	0.68	1.0	0.9995901155158834
SAMD8	581.0	0.12	0.11	1.06	0.291	1.0	0.9995901155158834
SAMD9	14.6	0.05	0.38	0.134	0.893	1.0	0.9995901155158834
SAMD9L	1.15	2.7	1.41	1.91	0.0565	1.0	0.9995901155158834
SAMHD1	218.0	-0.02	0.09	-0.232	0.817	1.0	0.9995901155158834
SAMM50	388.0	-0.01	0.08	-0.145	0.884	1.0	0.9995901155158834
SAMSN1	116.0	-0.15	0.15	-0.985	0.325	1.0	0.9995901155158834
SANBR	236.0	-0.03	0.11	-0.273	0.785	1.0	0.9995901155158834
SAP130	187.0	-0.06	0.11	-0.571	0.568	1.0	0.9995901155158834
SAP18	752.0	-0.07	0.07	-0.926	0.354	1.0	0.9995901155158834
SAP25	0.831	0.34	1.3	0.26	0.795	1.0	0.9995901155158834
SAP30	71.0	0.09	0.17	0.526	0.599	1.0	0.9995901155158834
SAP30BP	809.0	-0.08	0.12	-0.621	0.535	1.0	0.9995901155158834
SAP30L	166.0	0.03	0.12	0.256	0.798	1.0	0.9995901155158834
SAPCD1	2.26	0.35	0.86	0.41	0.682	1.0	0.9995901155158834
SAPCD2	5.06	-0.35	0.54	-0.652	0.514	1.0	0.9995901155158834
SAR1A	1580.0	-0.02	0.06	-0.299	0.765	1.0	0.9995901155158834
SAR1B	234.0	0.09	0.11	0.83	0.407	1.0	0.9995901155158834
SARAF	1220.0	-0.05	0.06	-0.703	0.482	1.0	0.9995901155158834
SARDH	3.59	1.31	0.85	1.53	0.126	1.0	0.9995901155158834
SARM1	26.9	-0.08	0.33	-0.235	0.814	1.0	0.9995901155158834
SARNP	747.0	-0.03	0.09	-0.313	0.754	1.0	0.9995901155158834
SARS1	1100.0	-0.01	0.09	-0.156	0.876	1.0	0.9995901155158834
SARS2	28.0	0.19	0.23	0.826	0.409	1.0	0.9995901155158834
SART1	798.0	-0.12	0.11	-1.08	0.282	1.0	0.9995901155158834
SART3	854.0	-0.08	0.1	-0.768	0.442	1.0	0.9995901155158834
SASH1	2280.0	0.09	0.06	1.48	0.139	1.0	0.9995901155158834
SASH3	2.04	0.73	1.11	0.654	0.513	1.0	0.9995901155158834
SASS6	87.9	0.15	0.12	1.26	0.207	1.0	0.9995901155158834
SAT1	1490.0	0.03	0.1	0.339	0.734	1.0	0.9995901155158834
SAT2	207.0	-0.04	0.15	-0.281	0.779	1.0	0.9995901155158834
SATB1	217.0	-0.09	0.14	-0.596	0.551	1.0	0.9995901155158834
SATB2	67.8	0.01	0.16	0.0512	0.959	1.0	0.9995901155158834
SATL1	4.96	-0.63	0.57	-1.1	0.27	1.0	0.9995901155158834
SAV1	133.0	-0.01	0.13	-0.0727	0.942	1.0	0.9995901155158834
SAXO2	4.77	0.42	1.29	0.321	0.748	1.0	0.9995901155158834
SAYSD1	73.0	-0.08	0.15	-0.55	0.582	1.0	0.9995901155158834
SBDS	1450.0	-0.02	0.09	-0.194	0.846	1.0	0.9995901155158834
SBF1	329.0	0.03	0.1	0.304	0.761	1.0	0.9995901155158834
SBF2	281.0	-0.07	0.11	-0.614	0.539	1.0	0.9995901155158834
SBK1	38.8	0.01	0.2	0.0377	0.97	1.0	0.9995901155158834
SBK2	0.491	2.14	1.88	1.14	0.254	1.0	0.9995901155158834
SBK3	1.68	-0.66	1.05	-0.625	0.532	1.0	0.9995901155158834
SBNO1	715.0	0.14	0.11	1.34	0.181	1.0	0.9995901155158834
SBNO2	185.0	0.11	0.13	0.859	0.39	1.0	0.9995901155158834
SBSPON	4.89	0.83	0.5	1.66	0.0961	1.0	0.9995901155158834
SC5D	1650.0	0.05	0.08	0.578	0.563	1.0	0.9995901155158834
SCAF1	370.0	0.14	0.12	1.22	0.222	1.0	0.9995901155158834
SCAF11	1340.0	-0.01	0.09	-0.165	0.869	1.0	0.9995901155158834
SCAF4	374.0	-0.01	0.13	-0.0792	0.937	1.0	0.9995901155158834
SCAF8	728.0	0.05	0.09	0.617	0.537	1.0	0.9995901155158834
SCAI	134.0	0.19	0.14	1.33	0.182	1.0	0.9995901155158834
SCAMP1	656.0	0.14	0.09	1.5	0.133	1.0	0.9995901155158834
SCAMP2	160.0	0.03	0.13	0.249	0.804	1.0	0.9995901155158834
SCAMP3	253.0	-0.04	0.13	-0.303	0.762	1.0	0.9995901155158834
SCAMP4	208.0	0.13	0.09	1.39	0.165	1.0	0.9995901155158834
SCAMP5	146.0	-0.13	0.13	-1.01	0.314	1.0	0.9995901155158834
SCAND1	63.1	-0.24	0.35	-0.67	0.503	1.0	0.9995901155158834
SCAP	163.0	-0.13	0.16	-0.838	0.402	1.0	0.9995901155158834
SCAPER	154.0	0.06	0.15	0.392	0.695	1.0	0.9995901155158834
SCARA3	28.9	-0.25	0.23	-1.08	0.281	1.0	0.9995901155158834
SCARB1	34.4	0.15	0.21	0.714	0.475	1.0	0.9995901155158834
SCARB2	3250.0	0.01	0.06	0.108	0.914	1.0	0.9995901155158834
SCARF1	967.0	0.03	0.07	0.413	0.68	1.0	0.9995901155158834
SCARF2	45.1	0.27	0.26	1.05	0.292	1.0	0.9995901155158834
SCCPDH	516.0	0.13	0.11	1.15	0.251	1.0	0.9995901155158834
SCD	11900.0	-0.0	0.06	-0.0529	0.958	1.0	0.9995901155158834
SCD5	347.0	0.06	0.16	0.4	0.689	1.0	0.9995901155158834
SCFD1	459.0	0.0	0.09	0.0182	0.986	1.0	0.9995901155158834
SCFD2	83.7	-0.02	0.13	-0.131	0.895	1.0	0.9995901155158834
SCG2	5.7	0.47	0.45	1.06	0.291	1.0	0.9995901155158834
SCG3	95.5	-0.08	0.12	-0.616	0.538	1.0	0.9995901155158834
SCG5	5.6	0.52	0.69	0.756	0.45	1.0	0.9995901155158834
SCGB1A1	3.37	1.15	0.72	1.61	0.107	1.0	0.9995901155158834
SCGB2B2	6.7	0.65	0.44	1.47	0.141	1.0	0.9995901155158834
SCGB3A1	0.372	-0.34	1.77	-0.19	0.85	1.0	0.9995901155158834
SCGN	0.47	-0.63	1.59	-0.394	0.694	1.0	0.9995901155158834
SCHIP1	201.0	0.06	0.11	0.518	0.605	1.0	0.9995901155158834
SCIMP	6.52	-0.15	0.47	-0.332	0.74	1.0	0.9995901155158834
SCIN	4.28	1.15	0.62	1.85	0.0639	1.0	0.9995901155158834
SCLT1	210.0	-0.08	0.13	-0.631	0.528	1.0	0.9995901155158834
SCLY	72.9	0.06	0.18	0.313	0.754	1.0	0.9995901155158834
SCMH1	84.7	-0.0	0.16	-0.0128	0.99	1.0	0.9995901155158834
SCML1	96.5	0.02	0.14	0.167	0.867	1.0	0.9995901155158834
SCML2	113.0	0.05	0.12	0.441	0.66	1.0	0.9995901155158834
SCML4	4.02	-0.34	0.74	-0.467	0.641	1.0	0.9995901155158834
SCN11A	7.19	0.26	0.45	0.586	0.558	1.0	0.9995901155158834
SCN1B	9.13	0.18	0.52	0.346	0.729	1.0	0.9995901155158834
SCN2A	3.33	-0.13	0.8	-0.161	0.872	1.0	0.9995901155158834
SCN3B	152.0	0.04	0.11	0.38	0.704	1.0	0.9995901155158834
SCN4A	0.579	1.42	1.73	0.823	0.41	1.0	0.9995901155158834
SCN4B	3.33	0.49	0.67	0.728	0.466	1.0	0.9995901155158834
SCN5A	6.8	0.35	0.48	0.726	0.468	1.0	0.9995901155158834
SCN7A	176.0	-0.05	0.11	-0.501	0.616	1.0	0.9995901155158834
SCN8A	39.5	0.02	0.22	0.0844	0.933	1.0	0.9995901155158834
SCN9A	306.0	-0.11	0.11	-0.964	0.335	1.0	0.9995901155158834
SCNM1	105.0	-0.03	0.14	-0.203	0.839	1.0	0.9995901155158834
SCNN1D	0.725	1.58	1.32	1.2	0.229	1.0	0.9995901155158834
SCO1	504.0	0.1	0.1	0.994	0.32	1.0	0.9995901155158834
SCO2	8.46	-0.03	0.5	-0.0633	0.95	1.0	0.9995901155158834
SCOC	692.0	0.02	0.11	0.175	0.861	1.0	0.9995901155158834
SCP2	1280.0	0.08	0.09	0.902	0.367	1.0	0.9995901155158834
SCPEP1	295.0	-0.07	0.1	-0.779	0.436	1.0	0.9995901155158834
SCRG1	3.0	1.0	0.74	1.35	0.177	1.0	0.9995901155158834
SCRIB	241.0	0.21	0.13	1.57	0.116	1.0	0.9995901155158834
SCRN1	2980.0	-0.04	0.05	-0.703	0.482	1.0	0.9995901155158834
SCRN2	36.0	0.18	0.24	0.761	0.447	1.0	0.9995901155158834
SCRN3	316.0	-0.05	0.1	-0.488	0.625	1.0	0.9995901155158834
SCRT1	0.869	0.08	1.32	0.0619	0.951	1.0	0.9995901155158834
SCUBE1	159.0	-0.01	0.14	-0.0573	0.954	1.0	0.9995901155158834
SCUBE2	18.6	-0.42	0.24	-1.71	0.0881	1.0	0.9995901155158834
SCUBE3	91.4	-0.05	0.15	-0.333	0.739	1.0	0.9995901155158834
SCX	0.698	-0.98	1.35	-0.725	0.468	1.0	0.9995901155158834
SCYL1	231.0	-0.1	0.12	-0.89	0.374	1.0	0.9995901155158834
SCYL2	467.0	0.04	0.09	0.485	0.628	1.0	0.9995901155158834
SCYL3	81.3	-0.14	0.18	-0.806	0.42	1.0	0.9995901155158834
SDAD1	495.0	0.06	0.09	0.651	0.515	1.0	0.9995901155158834
SDC1	12.9	0.06	0.47	0.135	0.893	1.0	0.9995901155158834
SDC2	119.0	-0.0	0.14	-0.0159	0.987	1.0	0.9995901155158834
SDC3	324.0	-0.07	0.08	-0.934	0.35	1.0	0.9995901155158834
SDC4	285.0	0.2	0.18	1.14	0.256	1.0	0.9995901155158834
SDCBP	2770.0	0.08	0.06	1.37	0.171	1.0	0.9995901155158834
SDCBP2	17.5	-0.14	0.37	-0.375	0.707	1.0	0.9995901155158834
SDCCAG8	200.0	0.03	0.11	0.264	0.792	1.0	0.9995901155158834
SDE2	461.0	0.02	0.07	0.214	0.83	1.0	0.9995901155158834
SDF2	175.0	-0.12	0.11	-1.09	0.276	1.0	0.9995901155158834
SDF2L1	49.9	-0.19	0.23	-0.853	0.394	1.0	0.9995901155158834
SDF4	1990.0	-0.09	0.07	-1.19	0.232	1.0	0.9995901155158834
SDHA	771.0	-0.04	0.08	-0.532	0.595	1.0	0.9995901155158834
SDHAF1	37.2	-0.12	0.2	-0.586	0.558	1.0	0.9995901155158834
SDHAF2	66.4	-0.06	0.16	-0.363	0.716	1.0	0.9995901155158834
SDHAF3	39.1	-0.11	0.21	-0.54	0.589	1.0	0.9995901155158834
SDHAF4	52.7	0.18	0.21	0.86	0.39	1.0	0.9995901155158834
SDHB	88.2	0.1	0.16	0.591	0.555	1.0	0.9995901155158834
SDHC	443.0	0.14	0.12	1.21	0.226	1.0	0.9995901155158834
SDHD	109.0	0.01	0.16	0.0698	0.944	1.0	0.9995901155158834
SDK1	38.0	0.14	0.22	0.652	0.515	1.0	0.9995901155158834
SDK2	11.0	-0.27	0.36	-0.751	0.453	1.0	0.9995901155158834
SDR39U1	37.6	0.2	0.26	0.769	0.442	1.0	0.9995901155158834
SDR42E1	1.6	0.35	0.88	0.4	0.689	1.0	0.9995901155158834
SDSL	10.0	-0.48	0.41	-1.17	0.241	1.0	0.9995901155158834
SEC11A	2620.0	0.01	0.12	0.0736	0.941	1.0	0.9995901155158834
SEC11C	338.0	-0.0	0.1	-0.0145	0.988	1.0	0.9995901155158834
SEC13	1040.0	-0.03	0.08	-0.418	0.676	1.0	0.9995901155158834
SEC14L1	5340.0	0.06	0.09	0.609	0.543	1.0	0.9995901155158834
SEC14L2	26.7	-0.15	0.24	-0.642	0.521	1.0	0.9995901155158834
SEC14L3	0.563	0.64	1.5	0.427	0.669	1.0	0.9995901155158834
SEC14L4	1.69	-0.11	1.07	-0.107	0.915	1.0	0.9995901155158834
SEC14L5	0.96	-0.09	1.09	-0.0848	0.932	1.0	0.9995901155158834
SEC14L6	11.9	-0.54	0.38	-1.42	0.157	1.0	0.9995901155158834
SEC16A	562.0	0.07	0.09	0.773	0.44	1.0	0.9995901155158834
SEC16B	0.744	-0.41	3.01	-0.135	0.893	1.0	0.9995901155158834
SEC22A	95.7	0.01	0.14	0.062	0.951	1.0	0.9995901155158834
SEC22B	1120.0	0.02	0.06	0.305	0.76	1.0	0.9995901155158834
SEC22C	347.0	0.05	0.09	0.597	0.551	1.0	0.9995901155158834
SEC23A	866.0	0.01	0.1	0.0987	0.921	1.0	0.9995901155158834
SEC23B	214.0	-0.07	0.1	-0.694	0.487	1.0	0.9995901155158834
SEC23IP	777.0	-0.03	0.07	-0.395	0.693	1.0	0.9995901155158834
SEC24A	342.0	0.14	0.1	1.37	0.172	1.0	0.9995901155158834
SEC24B	419.0	0.13	0.07	1.79	0.074	1.0	0.9995901155158834
SEC24C	698.0	-0.11	0.1	-1.18	0.237	1.0	0.9995901155158834
SEC24D	241.0	-0.04	0.12	-0.344	0.731	1.0	0.9995901155158834
SEC31A	1010.0	-0.09	0.06	-1.49	0.135	1.0	0.9995901155158834
SEC31B	14.1	0.22	0.36	0.618	0.537	1.0	0.9995901155158834
SEC61A1	2750.0	-0.06	0.05	-1.05	0.295	1.0	0.9995901155158834
SEC61A2	67.6	-0.1	0.16	-0.639	0.523	1.0	0.9995901155158834
SEC61B	244.0	0.09	0.1	0.905	0.366	1.0	0.9995901155158834
SEC61G	1150.0	-0.09	0.08	-1.11	0.268	1.0	0.9995901155158834
SEC62	2710.0	-0.02	0.09	-0.226	0.821	1.0	0.9995901155158834
SEC63	2310.0	-0.03	0.08	-0.354	0.723	1.0	0.9995901155158834
SECISBP2	523.0	0.02	0.08	0.278	0.781	1.0	0.9995901155158834
SECISBP2L	896.0	0.15	0.08	1.76	0.0791	1.0	0.9995901155158834
SEH1L	341.0	-0.05	0.11	-0.493	0.622	1.0	0.9995901155158834
SEL1L	1200.0	-0.07	0.12	-0.603	0.547	1.0	0.9995901155158834
SEL1L2	0.614	-1.1	2.04	-0.541	0.589	1.0	0.9995901155158834
SEL1L3	1070.0	-0.07	0.09	-0.791	0.429	1.0	0.9995901155158834
SELE	8930.0	0.02	0.14	0.145	0.884	1.0	0.9995901155158834
SELENBP1	21.7	-0.18	0.24	-0.746	0.456	1.0	0.9995901155158834
SELENOF	593.0	-0.07	0.08	-0.844	0.399	1.0	0.9995901155158834
SELENOH	1370.0	-0.09	0.08	-1.13	0.258	1.0	0.9995901155158834
SELENOI	536.0	0.12	0.12	0.999	0.318	1.0	0.9995901155158834
SELENOK	386.0	-0.02	0.09	-0.241	0.81	1.0	0.9995901155158834
SELENOM	70.7	-0.06	0.21	-0.289	0.772	1.0	0.9995901155158834
SELENON	651.0	0.01	0.09	0.107	0.915	1.0	0.9995901155158834
SELENOO	60.2	-0.01	0.18	-0.0289	0.977	1.0	0.9995901155158834
SELENOP	467.0	-0.12	0.1	-1.11	0.266	1.0	0.9995901155158834
SELENOS	472.0	-0.0	0.1	-0.0218	0.983	1.0	0.9995901155158834
SELENOT	667.0	0.02	0.07	0.29	0.772	1.0	0.9995901155158834
SELENOW	394.0	0.0	0.12	0.0395	0.968	1.0	0.9995901155158834
SELL	61.4	-0.12	0.17	-0.725	0.468	1.0	0.9995901155158834
SELP	42.5	-0.01	0.19	-0.07	0.944	1.0	0.9995901155158834
SELPLG	3.91	-0.32	0.69	-0.47	0.638	1.0	0.9995901155158834
SEM1	1100.0	-0.1	0.15	-0.674	0.5	1.0	0.9995901155158834
SEMA3A	443.0	-0.11	0.08	-1.39	0.164	1.0	0.9995901155158834
SEMA3B	3.51	0.09	0.74	0.119	0.905	1.0	0.9995901155158834
SEMA3C	1.35	-0.74	1.0	-0.739	0.46	1.0	0.9995901155158834
SEMA3D	24.4	0.41	0.28	1.46	0.143	1.0	0.9995901155158834
SEMA3E	24.0	0.08	0.27	0.305	0.761	1.0	0.9995901155158834
SEMA3F	163.0	-0.05	0.13	-0.39	0.697	1.0	0.9995901155158834
SEMA3G	1970.0	0.11	0.09	1.16	0.245	1.0	0.9995901155158834
SEMA4A	1.78	-1.16	1.01	-1.15	0.249	1.0	0.9995901155158834
SEMA4B	22.9	0.01	0.29	0.0493	0.961	1.0	0.9995901155158834
SEMA4C	664.0	-0.04	0.1	-0.368	0.713	1.0	0.9995901155158834
SEMA4D	35.1	-0.27	0.21	-1.32	0.186	1.0	0.9995901155158834
SEMA4F	54.7	0.15	0.18	0.836	0.403	1.0	0.9995901155158834
SEMA4G	16.9	-0.95	0.33	-2.87	0.0041	1.0	0.9995901155158834
SEMA5A	595.0	0.0	0.14	0.0114	0.991	1.0	0.9995901155158834
SEMA5B	456.0	-0.12	0.15	-0.765	0.444	1.0	0.9995901155158834
SEMA6A	497.0	0.03	0.08	0.434	0.664	1.0	0.9995901155158834
SEMA6B	254.0	0.01	0.11	0.0625	0.95	1.0	0.9995901155158834
SEMA6C	103.0	0.01	0.13	0.109	0.914	1.0	0.9995901155158834
SEMA6D	64.7	0.07	0.18	0.379	0.704	1.0	0.9995901155158834
SEMA7A	43.7	-0.16	0.24	-0.651	0.515	1.0	0.9995901155158834
SEMG1	2.14	-0.62	0.93	-0.666	0.506	1.0	0.9995901155158834
SENP1	176.0	0.02	0.11	0.156	0.876	1.0	0.9995901155158834
SENP2	820.0	-0.02	0.07	-0.277	0.782	1.0	0.9995901155158834
SENP3	356.0	-0.03	0.09	-0.343	0.731	1.0	0.9995901155158834
SENP5	395.0	0.04	0.08	0.514	0.607	1.0	0.9995901155158834
SENP6	913.0	-0.02	0.07	-0.324	0.746	1.0	0.9995901155158834
SENP7	323.0	0.06	0.12	0.488	0.626	1.0	0.9995901155158834
SENP8	12.1	0.31	0.38	0.813	0.416	1.0	0.9995901155158834
SEPHS1	572.0	-0.05	0.08	-0.677	0.499	1.0	0.9995901155158834
SEPHS2	742.0	0.05	0.08	0.653	0.514	1.0	0.9995901155158834
SEPSECS	109.0	-0.18	0.12	-1.52	0.129	1.0	0.9995901155158834
SEPTIN1	0.632	-0.67	1.57	-0.424	0.672	1.0	0.9995901155158834
SEPTIN10	794.0	-0.15	0.07	-2.03	0.0423	1.0	0.9995901155158834
SEPTIN11	4500.0	0.06	0.06	1.1	0.27	1.0	0.9995901155158834
SEPTIN14	7.45	-0.36	0.43	-0.821	0.411	1.0	0.9995901155158834
SEPTIN2	9930.0	0.05	0.08	0.686	0.493	1.0	0.9995901155158834
SEPTIN3	4.56	-0.64	0.58	-1.1	0.269	1.0	0.9995901155158834
SEPTIN4	1.3	0.75	1.31	0.567	0.57	1.0	0.9995901155158834
SEPTIN5	40.1	0.02	0.25	0.067	0.947	1.0	0.9995901155158834
SEPTIN6	619.0	-0.08	0.07	-1.17	0.241	1.0	0.9995901155158834
SEPTIN7	4800.0	-0.03	0.06	-0.488	0.625	1.0	0.9995901155158834
SEPTIN8	787.0	-0.09	0.1	-0.916	0.36	1.0	0.9995901155158834
SEPTIN9	1590.0	-0.06	0.07	-0.874	0.382	1.0	0.9995901155158834
SERAC1	90.8	0.14	0.14	1.0	0.315	1.0	0.9995901155158834
SERBP1	9510.0	-0.01	0.08	-0.0806	0.936	1.0	0.9995901155158834
SERF1A	94.9	-0.11	0.16	-0.695	0.487	1.0	0.9995901155158834
SERF1B	105.0	-0.21	0.18	-1.15	0.249	1.0	0.9995901155158834
SERF2	1440.0	-0.07	0.09	-0.782	0.434	1.0	0.9995901155158834
SERGEF	39.4	0.06	0.21	0.292	0.77	1.0	0.9995901155158834
SERHL2	3.19	0.34	0.66	0.524	0.6	1.0	0.9995901155158834
SERINC1	2950.0	-0.01	0.08	-0.11	0.912	1.0	0.9995901155158834
SERINC2	12.8	0.01	0.34	0.019	0.985	1.0	0.9995901155158834
SERINC3	1890.0	0.01	0.07	0.0917	0.927	1.0	0.9995901155158834
SERINC4	3.85	-0.16	0.64	-0.25	0.802	1.0	0.9995901155158834
SERINC5	1830.0	0.01	0.1	0.104	0.917	1.0	0.9995901155158834
SERP1	860.0	0.1	0.11	0.956	0.339	1.0	0.9995901155158834
SERP2	9.07	0.11	0.39	0.271	0.786	1.0	0.9995901155158834
SERPINA10	4.02	-0.77	0.72	-1.07	0.283	1.0	0.9995901155158834
SERPINA5	4.52	-0.17	0.57	-0.294	0.769	1.0	0.9995901155158834
SERPINB1	157.0	-0.12	0.13	-0.915	0.36	1.0	0.9995901155158834
SERPINB10	0.536	0.42	1.52	0.273	0.785	1.0	0.9995901155158834
SERPINB12	0.468	0.55	1.67	0.328	0.743	1.0	0.9995901155158834
SERPINB2	0.776	0.38	1.67	0.226	0.821	1.0	0.9995901155158834
SERPINB3	4.1	-0.44	0.73	-0.606	0.544	1.0	0.9995901155158834
SERPINB4	4.99	-0.26	0.63	-0.419	0.675	1.0	0.9995901155158834
SERPINB6	1070.0	-0.04	0.1	-0.361	0.718	1.0	0.9995901155158834
SERPINB8	310.0	-0.01	0.11	-0.0742	0.941	1.0	0.9995901155158834
SERPINB9	1700.0	0.16	0.07	2.23	0.026	1.0	0.9995901155158834
SERPINC1	0.502	1.65	1.75	0.941	0.347	1.0	0.9995901155158834
SERPIND1	0.943	0.91	1.16	0.78	0.436	1.0	0.9995901155158834
SERPINE1	930.0	0.35	0.28	1.25	0.211	1.0	0.9995901155158834
SERPINE2	389.0	0.1	0.13	0.797	0.426	1.0	0.9995901155158834
SERPINF1	2.15	-0.25	0.8	-0.314	0.753	1.0	0.9995901155158834
SERPING1	458.0	-0.01	0.11	-0.0934	0.926	1.0	0.9995901155158834
SERPINH1	3940.0	-0.01	0.08	-0.125	0.901	1.0	0.9995901155158834
SERPINI1	62.9	0.1	0.19	0.532	0.594	1.0	0.9995901155158834
SERTAD1	120.0	0.12	0.18	0.677	0.499	1.0	0.9995901155158834
SERTAD2	146.0	0.26	0.14	1.91	0.0567	1.0	0.9995901155158834
SERTAD3	66.3	0.22	0.15	1.47	0.14	1.0	0.9995901155158834
SERTAD4	14.9	-0.01	0.35	-0.0178	0.986	1.0	0.9995901155158834
SERTM1	0.76	-0.18	1.36	-0.13	0.897	1.0	0.9995901155158834
SERTM2	0.804	-1.15	1.3	-0.887	0.375	1.0	0.9995901155158834
SESN1	196.0	0.03	0.09	0.356	0.722	1.0	0.9995901155158834
SESN2	47.5	-0.25	0.2	-1.28	0.2	1.0	0.9995901155158834
SESN3	963.0	0.02	0.15	0.155	0.877	1.0	0.9995901155158834
SESTD1	1080.0	0.1	0.09	1.04	0.3	1.0	0.9995901155158834
SET	8990.0	0.03	0.06	0.496	0.62	1.0	0.9995901155158834
SETBP1	818.0	0.07	0.11	0.638	0.524	1.0	0.9995901155158834
SETD1A	201.0	-0.06	0.1	-0.627	0.531	1.0	0.9995901155158834
SETD1B	254.0	0.22	0.12	1.85	0.065	1.0	0.9995901155158834
SETD2	1050.0	-0.06	0.12	-0.521	0.602	1.0	0.9995901155158834
SETD3	909.0	0.05	0.1	0.481	0.631	1.0	0.9995901155158834
SETD4	74.6	0.14	0.18	0.789	0.43	1.0	0.9995901155158834
SETD5	1090.0	0.02	0.09	0.179	0.858	1.0	0.9995901155158834
SETD6	43.7	0.07	0.21	0.349	0.727	1.0	0.9995901155158834
SETD7	570.0	0.02	0.11	0.169	0.866	1.0	0.9995901155158834
SETD9	70.8	0.08	0.16	0.468	0.64	1.0	0.9995901155158834
SETDB1	286.0	-0.13	0.1	-1.24	0.215	1.0	0.9995901155158834
SETDB2	85.0	-0.16	0.47	-0.349	0.727	1.0	0.9995901155158834
SETDB2-PHF11	79.5	0.35	0.7	0.499	0.618	1.0	0.9995901155158834
SETMAR	143.0	0.15	0.16	0.967	0.334	1.0	0.9995901155158834
SETSIP	3.14	-0.59	0.85	-0.703	0.482	1.0	0.9995901155158834
SETX	958.0	-0.07	0.1	-0.664	0.507	1.0	0.9995901155158834
SEZ6	0.389	0.22	1.75	0.128	0.898	1.0	0.9995901155158834
SEZ6L	8.29	-0.3	0.45	-0.677	0.498	1.0	0.9995901155158834
SEZ6L2	135.0	0.03	0.12	0.251	0.801	1.0	0.9995901155158834
SF1	1150.0	0.06	0.07	0.871	0.384	1.0	0.9995901155158834
SF3A1	587.0	-0.09	0.1	-0.923	0.356	1.0	0.9995901155158834
SF3A2	172.0	-0.12	0.13	-0.936	0.349	1.0	0.9995901155158834
SF3A3	826.0	-0.07	0.09	-0.725	0.469	1.0	0.9995901155158834
SF3B1	2630.0	-0.02	0.08	-0.283	0.777	1.0	0.9995901155158834
SF3B2	2520.0	-0.08	0.07	-1.29	0.197	1.0	0.9995901155158834
SF3B3	1060.0	-0.06	0.07	-0.809	0.418	1.0	0.9995901155158834
SF3B4	361.0	-0.12	0.11	-1.15	0.25	1.0	0.9995901155158834
SF3B5	165.0	-0.09	0.14	-0.643	0.52	1.0	0.9995901155158834
SF3B6	266.0	0.02	0.09	0.182	0.855	1.0	0.9995901155158834
SFI1	95.1	0.1	0.13	0.748	0.455	1.0	0.9995901155158834
SFMBT1	175.0	0.03	0.12	0.274	0.784	1.0	0.9995901155158834
SFMBT2	81.8	0.04	0.17	0.218	0.828	1.0	0.9995901155158834
SFPQ	6500.0	-0.03	0.06	-0.479	0.632	1.0	0.9995901155158834
SFR1	33.1	0.65	0.2	3.28	0.00105	1.0	0.9995901155158834
SFRP1	1090.0	-0.05	0.09	-0.503	0.615	1.0	0.9995901155158834
SFRP2	4.2	-0.07	0.72	-0.0946	0.925	1.0	0.9995901155158834
SFRP4	1.24	-1.53	1.13	-1.35	0.176	1.0	0.9995901155158834
SFSWAP	248.0	0.08	0.11	0.705	0.481	1.0	0.9995901155158834
SFT2D1	138.0	0.15	0.15	1.02	0.308	1.0	0.9995901155158834
SFT2D2	478.0	0.14	0.12	1.25	0.212	1.0	0.9995901155158834
SFT2D3	229.0	-0.01	0.26	-0.0466	0.963	1.0	0.9995901155158834
SFTPB	2.44	0.91	0.63	1.45	0.146	1.0	0.9995901155158834
SFTPD	5.56	-0.2	0.53	-0.377	0.706	1.0	0.9995901155158834
SFXN1	230.0	-0.11	0.12	-0.863	0.388	1.0	0.9995901155158834
SFXN2	28.0	-0.51	0.3	-1.7	0.0883	1.0	0.9995901155158834
SFXN3	346.0	-0.01	0.07	-0.0795	0.937	1.0	0.9995901155158834
SFXN4	138.0	0.05	0.13	0.4	0.689	1.0	0.9995901155158834
SFXN5	130.0	0.0	0.11	0.0138	0.989	1.0	0.9995901155158834
SGCB	663.0	0.04	0.07	0.594	0.552	1.0	0.9995901155158834
SGCD	0.317	-0.05	2.01	-0.0273	0.978	1.0	0.9995901155158834
SGCE	290.0	-0.03	0.09	-0.363	0.716	1.0	0.9995901155158834
SGCG	0.505	2.18	1.87	1.16	0.245	1.0	0.9995901155158834
SGCZ	3.65	-0.6	0.57	-1.05	0.294	1.0	0.9995901155158834
SGF29	45.2	-0.31	0.18	-1.68	0.0937	1.0	0.9995901155158834
SGIP1	9.78	-0.43	0.48	-0.895	0.371	1.0	0.9995901155158834
SGK1	124.0	0.19	0.27	0.695	0.487	1.0	0.9995901155158834
SGK2	0.441	1.5	1.95	0.768	0.443	1.0	0.9995901155158834
SGK3	85.1	0.3	0.23	1.28	0.199	1.0	0.9995901155158834
SGMS1	149.0	0.06	0.11	0.498	0.619	1.0	0.9995901155158834
SGMS2	63.1	-0.08	0.18	-0.43	0.667	1.0	0.9995901155158834
SGO1	66.0	0.2	0.17	1.2	0.229	1.0	0.9995901155158834
SGO2	169.0	0.03	0.14	0.202	0.84	1.0	0.9995901155158834
SGPL1	348.0	0.11	0.07	1.57	0.117	1.0	0.9995901155158834
SGPP1	53.2	0.17	0.15	1.07	0.285	1.0	0.9995901155158834
SGPP2	3.75	-0.08	0.55	-0.155	0.877	1.0	0.9995901155158834
SGSH	159.0	0.02	0.12	0.176	0.861	1.0	0.9995901155158834
SGSM1	14.0	-0.18	0.4	-0.444	0.657	1.0	0.9995901155158834
SGSM2	230.0	-0.04	0.11	-0.359	0.72	1.0	0.9995901155158834
SGSM3	257.0	-0.08	0.14	-0.537	0.591	1.0	0.9995901155158834
SGTA	386.0	0.0	0.09	0.031	0.975	1.0	0.9995901155158834
SGTB	109.0	0.11	0.14	0.786	0.432	1.0	0.9995901155158834
SH2B1	115.0	0.26	0.14	1.77	0.0764	1.0	0.9995901155158834
SH2B2	5.72	-0.24	0.57	-0.419	0.675	1.0	0.9995901155158834
SH2B3	1810.0	0.13	0.08	1.52	0.128	1.0	0.9995901155158834
SH2D1B	0.594	1.01	1.55	0.651	0.515	1.0	0.9995901155158834
SH2D2A	0.774	-2.47	1.61	-1.53	0.126	1.0	0.9995901155158834
SH2D3A	2.15	1.95	0.96	2.03	0.0424	1.0	0.9995901155158834
SH2D3C	507.0	0.0	0.2	0.022	0.982	1.0	0.9995901155158834
SH2D4A	41.2	-0.07	0.2	-0.336	0.737	1.0	0.9995901155158834
SH2D4B	1.46	0.61	1.45	0.421	0.674	1.0	0.9995901155158834
SH2D5	1.77	-1.26	1.15	-1.09	0.274	1.0	0.9995901155158834
SH2D6	0.727	-0.87	1.43	-0.609	0.543	1.0	0.9995901155158834
SH2D7	0.976	2.05	1.33	1.54	0.125	1.0	0.9995901155158834
SH3BGR	5.34	0.25	0.59	0.422	0.673	1.0	0.9995901155158834
SH3BGRL	342.0	0.05	0.09	0.553	0.58	1.0	0.9995901155158834
SH3BGRL2	188.0	-0.02	0.14	-0.134	0.894	1.0	0.9995901155158834
SH3BGRL3	401.0	-0.07	0.14	-0.494	0.621	1.0	0.9995901155158834
SH3BP1	35.0	-0.34	0.22	-1.54	0.124	1.0	0.9995901155158834
SH3BP2	224.0	0.1	0.14	0.696	0.486	1.0	0.9995901155158834
SH3BP4	551.0	0.06	0.08	0.768	0.442	1.0	0.9995901155158834
SH3BP5	970.0	-0.01	0.08	-0.157	0.875	1.0	0.9995901155158834
SH3BP5L	255.0	-0.03	0.14	-0.241	0.809	1.0	0.9995901155158834
SH3D19	384.0	0.08	0.08	1.07	0.285	1.0	0.9995901155158834
SH3D21	5.17	0.54	0.55	0.995	0.32	1.0	0.9995901155158834
SH3GL1	318.0	-0.07	0.09	-0.713	0.476	1.0	0.9995901155158834
SH3GL2	0.661	0.52	1.45	0.359	0.719	1.0	0.9995901155158834
SH3GL3	6.24	-0.5	0.5	-0.985	0.325	1.0	0.9995901155158834
SH3GLB1	1150.0	-0.03	0.06	-0.494	0.621	1.0	0.9995901155158834
SH3GLB2	82.5	0.0	0.19	0.00942	0.992	1.0	0.9995901155158834
SH3KBP1	280.0	-0.08	0.13	-0.633	0.527	1.0	0.9995901155158834
SH3PXD2A	1120.0	0.16	0.13	1.19	0.236	1.0	0.9995901155158834
SH3PXD2B	585.0	-0.06	0.1	-0.654	0.513	1.0	0.9995901155158834
SH3RF1	466.0	0.05	0.1	0.475	0.635	1.0	0.9995901155158834
SH3RF2	1.71	-0.43	0.93	-0.462	0.644	1.0	0.9995901155158834
SH3RF3	51.6	0.14	0.18	0.787	0.431	1.0	0.9995901155158834
SH3TC1	244.0	-0.02	0.16	-0.0982	0.922	1.0	0.9995901155158834
SH3TC2	7.96	0.39	0.43	0.922	0.357	1.0	0.9995901155158834
SH3YL1	51.4	0.18	0.17	1.08	0.279	1.0	0.9995901155158834
SHANK1	6.77	-0.24	0.47	-0.511	0.61	1.0	0.9995901155158834
SHANK2	23.4	0.38	0.33	1.17	0.24	1.0	0.9995901155158834
SHANK3	553.0	0.02	0.15	0.101	0.919	1.0	0.9995901155158834
SHARPIN	48.7	0.0	0.23	0.0117	0.991	1.0	0.9995901155158834
SHB	89.1	-0.11	0.15	-0.693	0.488	1.0	0.9995901155158834
SHBG	1.39	0.45	1.16	0.385	0.701	1.0	0.9995901155158834
SHC1	666.0	0.02	0.1	0.171	0.865	1.0	0.9995901155158834
SHC2	207.0	0.22	0.16	1.37	0.17	1.0	0.9995901155158834
SHC3	40.4	0.05	0.24	0.224	0.823	1.0	0.9995901155158834
SHC4	4.91	-0.92	0.58	-1.57	0.118	1.0	0.9995901155158834
SHCBP1	221.0	-0.15	0.1	-1.46	0.144	1.0	0.9995901155158834
SHE	1540.0	0.01	0.06	0.132	0.895	1.0	0.9995901155158834
SHF	27.4	-0.03	0.24	-0.12	0.905	1.0	0.9995901155158834
SHFL	11.9	0.45	0.37	1.23	0.219	1.0	0.9995901155158834
SHH	0.368	-0.58	1.9	-0.305	0.761	1.0	0.9995901155158834
SHISA2	22.0	-0.1	0.25	-0.408	0.683	1.0	0.9995901155158834
SHISA3	0.916	-1.74	1.26	-1.38	0.167	1.0	0.9995901155158834
SHISA4	7.92	-0.76	0.4	-1.9	0.057	1.0	0.9995901155158834
SHISA5	642.0	-0.11	0.1	-1.11	0.266	1.0	0.9995901155158834
SHISA6	3.43	-0.38	0.58	-0.655	0.512	1.0	0.9995901155158834
SHISA9	34.9	0.25	0.25	1.04	0.299	1.0	0.9995901155158834
SHISAL1	6.12	0.15	0.56	0.272	0.786	1.0	0.9995901155158834
SHKBP1	212.0	-0.03	0.14	-0.249	0.803	1.0	0.9995901155158834
SHLD1	42.2	-0.04	0.24	-0.179	0.858	1.0	0.9995901155158834
SHLD2	248.0	-0.0	0.11	-0.0108	0.991	1.0	0.9995901155158834
SHLD3	5.83	0.36	0.48	0.745	0.456	1.0	0.9995901155158834
SHMT1	52.4	0.12	0.19	0.65	0.516	1.0	0.9995901155158834
SHMT2	286.0	0.08	0.1	0.812	0.417	1.0	0.9995901155158834
SHOC1	1.4	1.11	1.08	1.03	0.303	1.0	0.9995901155158834
SHOC2	814.0	0.1	0.11	0.962	0.336	1.0	0.9995901155158834
SHOX	10.4	0.36	0.42	0.838	0.402	1.0	0.9995901155158834
SHOX2	0.926	0.18	1.28	0.139	0.889	1.0	0.9995901155158834
SHPK	77.1	-0.02	0.21	-0.117	0.907	1.0	0.9995901155158834
SHPRH	557.0	0.07	0.09	0.782	0.434	1.0	0.9995901155158834
SHQ1	256.0	0.07	0.13	0.519	0.604	1.0	0.9995901155158834
SHROOM1	18.7	0.05	0.28	0.191	0.849	1.0	0.9995901155158834
SHROOM2	273.0	0.04	0.11	0.33	0.742	1.0	0.9995901155158834
SHROOM3	11.8	-0.19	0.38	-0.493	0.622	1.0	0.9995901155158834
SHROOM4	340.0	-0.04	0.1	-0.409	0.682	1.0	0.9995901155158834
SHTN1	579.0	0.03	0.11	0.25	0.803	1.0	0.9995901155158834
SIAE	250.0	-0.02	0.15	-0.0999	0.92	1.0	0.9995901155158834
SIAH1	224.0	0.11	0.15	0.747	0.455	1.0	0.9995901155158834
SIAH2	62.5	-0.04	0.19	-0.189	0.85	1.0	0.9995901155158834
SIAH3	1.11	1.31	0.95	1.38	0.167	1.0	0.9995901155158834
SIDT1	12.0	0.44	0.31	1.43	0.152	1.0	0.9995901155158834
SIDT2	50.8	-0.09	0.16	-0.524	0.6	1.0	0.9995901155158834
SIGIRR	65.8	0.17	0.17	1.02	0.306	1.0	0.9995901155158834
SIGLEC10	5.16	-0.26	0.68	-0.392	0.695	1.0	0.9995901155158834
SIGLEC11	0.539	0.89	1.42	0.631	0.528	1.0	0.9995901155158834
SIGLEC14	6.64	-0.59	0.47	-1.25	0.212	1.0	0.9995901155158834
SIGLEC15	6.1	-0.57	0.48	-1.17	0.241	1.0	0.9995901155158834
SIGLEC16	5.29	0.39	0.52	0.741	0.459	1.0	0.9995901155158834
SIGLEC6	1.28	-0.38	1.34	-0.282	0.778	1.0	0.9995901155158834
SIGLEC8	0.824	1.24	1.19	1.04	0.298	1.0	0.9995901155158834
SIGLEC9	1.49	-2.08	1.31	-1.59	0.112	1.0	0.9995901155158834
SIGMAR1	117.0	0.06	0.14	0.424	0.671	1.0	0.9995901155158834
SIK1	17.3	0.13	1.18	0.107	0.915	1.0	0.9995901155158834
SIK1B	26.6	0.44	1.12	0.39	0.697	1.0	0.9995901155158834
SIK2	359.0	-0.03	0.11	-0.297	0.766	1.0	0.9995901155158834
SIK3	224.0	0.04	0.1	0.399	0.69	1.0	0.9995901155158834
SIKE1	360.0	0.24	0.09	2.54	0.0111	1.0	0.9995901155158834
SIL1	154.0	-0.06	0.12	-0.499	0.618	1.0	0.9995901155158834
SIM2	0.881	0.76	1.65	0.458	0.647	1.0	0.9995901155158834
SIMC1	50.2	-0.22	0.19	-1.16	0.245	1.0	0.9995901155158834
SIN3A	575.0	-0.02	0.11	-0.201	0.841	1.0	0.9995901155158834
SIN3B	238.0	-0.08	0.11	-0.748	0.455	1.0	0.9995901155158834
SINHCAF	931.0	0.16	0.1	1.55	0.122	1.0	0.9995901155158834
SIPA1	217.0	-0.06	0.16	-0.39	0.696	1.0	0.9995901155158834
SIPA1L1	223.0	-0.07	0.11	-0.628	0.53	1.0	0.9995901155158834
SIPA1L2	1250.0	-0.04	0.08	-0.495	0.621	1.0	0.9995901155158834
SIPA1L3	114.0	0.15	0.14	1.1	0.272	1.0	0.9995901155158834
SIRPA	87.5	0.05	0.15	0.316	0.752	1.0	0.9995901155158834
SIRPB1	2.85	0.93	0.74	1.24	0.213	1.0	0.9995901155158834
SIRPB2	3.19	-0.28	0.64	-0.436	0.663	1.0	0.9995901155158834
SIRT1	201.0	0.06	0.11	0.574	0.566	1.0	0.9995901155158834
SIRT2	116.0	-0.22	0.13	-1.7	0.0887	1.0	0.9995901155158834
SIRT3	132.0	0.07	0.12	0.617	0.537	1.0	0.9995901155158834
SIRT4	6.43	0.11	0.51	0.221	0.825	1.0	0.9995901155158834
SIRT5	73.6	0.0	0.14	0.0029	0.998	1.0	0.9995901155158834
SIRT6	77.4	0.04	0.18	0.195	0.845	1.0	0.9995901155158834
SIRT7	51.9	0.22	0.2	1.12	0.264	1.0	0.9995901155158834
SIVA1	208.0	-0.06	0.1	-0.644	0.52	1.0	0.9995901155158834
SIX1	39.1	0.25	0.2	1.21	0.225	1.0	0.9995901155158834
SIX3	19.1	-0.27	0.26	-1.04	0.299	1.0	0.9995901155158834
SIX4	28.4	-0.31	0.23	-1.38	0.168	1.0	0.9995901155158834
SIX5	13.1	0.21	0.4	0.53	0.596	1.0	0.9995901155158834
SKA1	60.3	0.18	0.17	1.07	0.286	1.0	0.9995901155158834
SKA2	569.0	-0.01	0.08	-0.171	0.865	1.0	0.9995901155158834
SKA3	37.9	0.19	0.21	0.912	0.362	1.0	0.9995901155158834
SKAP1	2.58	0.88	0.83	1.06	0.289	1.0	0.9995901155158834
SKAP2	151.0	-0.05	0.14	-0.376	0.707	1.0	0.9995901155158834
SKI	1000.0	0.09	0.07	1.23	0.22	1.0	0.9995901155158834
SKIDA1	116.0	0.04	0.13	0.333	0.739	1.0	0.9995901155158834
SKIL	507.0	0.02	0.09	0.251	0.802	1.0	0.9995901155158834
SKIV2L	178.0	-0.12	0.13	-0.9	0.368	1.0	0.9995901155158834
SKOR1	0.641	-1.22	1.46	-0.833	0.405	1.0	0.9995901155158834
SKP1	2190.0	-0.01	0.09	-0.133	0.894	1.0	0.9995901155158834
SKP2	222.0	0.02	0.09	0.201	0.84	1.0	0.9995901155158834
SLA	22.3	-0.02	0.3	-0.0781	0.938	1.0	0.9995901155158834
SLA2	1.89	1.47	1.11	1.32	0.186	1.0	0.9995901155158834
SLAIN1	23.4	0.61	0.25	2.42	0.0156	1.0	0.9995901155158834
SLAIN2	283.0	0.1	0.1	1.02	0.305	1.0	0.9995901155158834
SLAMF8	0.894	0.83	1.21	0.687	0.492	1.0	0.9995901155158834
SLBP	233.0	0.02	0.12	0.147	0.883	1.0	0.9995901155158834
SLC10A3	30.2	-0.32	0.25	-1.27	0.205	1.0	0.9995901155158834
SLC10A4	13.6	0.26	0.3	0.863	0.388	1.0	0.9995901155158834
SLC10A7	66.4	0.01	0.17	0.0743	0.941	1.0	0.9995901155158834
SLC11A1	0.593	-2.09	1.58	-1.32	0.186	1.0	0.9995901155158834
SLC11A2	199.0	0.07	0.09	0.803	0.422	1.0	0.9995901155158834
SLC12A2	596.0	0.05	0.09	0.525	0.6	1.0	0.9995901155158834
SLC12A3	0.498	2.59	2.05	1.26	0.206	1.0	0.9995901155158834
SLC12A4	256.0	-0.11	0.11	-1.0	0.316	1.0	0.9995901155158834
SLC12A5	9.14	-0.17	0.36	-0.459	0.646	1.0	0.9995901155158834
SLC12A6	405.0	0.06	0.11	0.606	0.544	1.0	0.9995901155158834
SLC12A7	189.0	0.01	0.12	0.111	0.912	1.0	0.9995901155158834
SLC12A8	12.9	0.21	0.42	0.5	0.617	1.0	0.9995901155158834
SLC12A9	54.9	-0.23	0.16	-1.46	0.143	1.0	0.9995901155158834
SLC13A3	3.01	-0.88	0.87	-1.01	0.31	1.0	0.9995901155158834
SLC13A4	1.57	2.0	1.01	1.99	0.0471	1.0	0.9995901155158834
SLC14A1	2.87	1.65	0.81	2.04	0.0418	1.0	0.9995901155158834
SLC14A2	1.75	-0.6	0.88	-0.688	0.492	1.0	0.9995901155158834
SLC15A1	12.0	-0.06	0.33	-0.193	0.847	1.0	0.9995901155158834
SLC15A2	2.86	0.57	0.69	0.828	0.408	1.0	0.9995901155158834
SLC15A4	108.0	-0.03	0.16	-0.198	0.843	1.0	0.9995901155158834
SLC16A1	2670.0	0.13	0.13	1.03	0.302	1.0	0.9995901155158834
SLC16A10	19.5	0.15	0.25	0.584	0.559	1.0	0.9995901155158834
SLC16A11	0.593	-0.33	1.62	-0.205	0.837	1.0	0.9995901155158834
SLC16A12	1.05	-0.41	1.22	-0.334	0.739	1.0	0.9995901155158834
SLC16A13	30.5	0.23	0.27	0.825	0.409	1.0	0.9995901155158834
SLC16A14	14.0	-0.2	0.32	-0.618	0.537	1.0	0.9995901155158834
SLC16A2	100.0	0.15	0.14	1.13	0.259	1.0	0.9995901155158834
SLC16A3	379.0	-0.02	0.15	-0.128	0.898	1.0	0.9995901155158834
SLC16A4	11.3	0.54	0.43	1.26	0.207	1.0	0.9995901155158834
SLC16A5	14.1	0.29	0.43	0.678	0.498	1.0	0.9995901155158834
SLC16A6	15.7	0.77	0.31	2.48	0.013	1.0	0.9995901155158834
SLC16A7	136.0	0.23	0.17	1.33	0.185	1.0	0.9995901155158834
SLC16A9	97.0	0.28	0.17	1.64	0.101	1.0	0.9995901155158834
SLC17A3	1.1	0.98	1.24	0.785	0.432	1.0	0.9995901155158834
SLC17A5	472.0	0.02	0.1	0.24	0.81	1.0	0.9995901155158834
SLC17A7	1.07	0.56	1.42	0.393	0.695	1.0	0.9995901155158834
SLC17A9	3.37	0.23	0.76	0.307	0.759	1.0	0.9995901155158834
SLC18A1	1.34	0.03	1.05	0.0303	0.976	1.0	0.9995901155158834
SLC18A2	2.51	0.18	0.88	0.207	0.836	1.0	0.9995901155158834
SLC18B1	155.0	-0.03	0.15	-0.183	0.855	1.0	0.9995901155158834
SLC19A1	106.0	0.14	0.16	0.834	0.404	1.0	0.9995901155158834
SLC19A2	111.0	0.28	0.13	2.08	0.0377	1.0	0.9995901155158834
SLC19A3	23.6	0.12	0.24	0.502	0.615	1.0	0.9995901155158834
SLC1A1	41.0	-0.1	0.24	-0.416	0.677	1.0	0.9995901155158834
SLC1A2	2.02	-0.72	1.03	-0.693	0.488	1.0	0.9995901155158834
SLC1A3	4.45	-0.71	0.63	-1.13	0.259	1.0	0.9995901155158834
SLC1A4	746.0	-0.04	0.12	-0.331	0.741	1.0	0.9995901155158834
SLC1A5	819.0	-0.05	0.11	-0.462	0.644	1.0	0.9995901155158834
SLC1A6	0.478	-1.23	1.81	-0.679	0.497	1.0	0.9995901155158834
SLC20A1	2670.0	0.13	0.1	1.2	0.232	1.0	0.9995901155158834
SLC20A2	365.0	0.04	0.09	0.481	0.63	1.0	0.9995901155158834
SLC22A1	1.35	-0.21	1.35	-0.158	0.875	1.0	0.9995901155158834
SLC22A15	35.3	-0.05	0.27	-0.185	0.853	1.0	0.9995901155158834
SLC22A17	49.2	-0.39	0.2	-1.93	0.0538	1.0	0.9995901155158834
SLC22A18	2.92	-0.73	0.77	-0.953	0.341	1.0	0.9995901155158834
SLC22A23	479.0	0.16	0.11	1.38	0.169	1.0	0.9995901155158834
SLC22A25	21.5	-0.05	0.26	-0.204	0.838	1.0	0.9995901155158834
SLC22A3	0.408	1.76	1.79	0.986	0.324	1.0	0.9995901155158834
SLC22A4	34.0	0.05	0.21	0.216	0.829	1.0	0.9995901155158834
SLC22A5	10.5	0.26	0.34	0.754	0.451	1.0	0.9995901155158834
SLC22A9	0.745	0.7	1.44	0.484	0.628	1.0	0.9995901155158834
SLC23A1	0.47	0.52	1.56	0.33	0.741	1.0	0.9995901155158834
SLC23A2	330.0	0.01	0.09	0.114	0.909	1.0	0.9995901155158834
SLC23A3	0.723	-0.11	1.44	-0.0734	0.941	1.0	0.9995901155158834
SLC24A1	231.0	0.07	0.13	0.532	0.595	1.0	0.9995901155158834
SLC24A2	1.1	-0.68	1.12	-0.605	0.545	1.0	0.9995901155158834
SLC24A3	3.62	0.81	0.65	1.24	0.214	1.0	0.9995901155158834
SLC24A4	3.51	0.21	0.65	0.321	0.748	1.0	0.9995901155158834
SLC25A1	257.0	-0.06	0.14	-0.415	0.678	1.0	0.9995901155158834
SLC25A10	15.5	0.08	0.35	0.23	0.818	1.0	0.9995901155158834
SLC25A11	143.0	-0.08	0.15	-0.507	0.612	1.0	0.9995901155158834
SLC25A12	97.7	0.23	0.17	1.39	0.164	1.0	0.9995901155158834
SLC25A13	893.0	-0.01	0.07	-0.114	0.909	1.0	0.9995901155158834
SLC25A14	81.8	0.25	0.15	1.73	0.0828	1.0	0.9995901155158834
SLC25A15	164.0	0.03	0.11	0.27	0.787	1.0	0.9995901155158834
SLC25A16	132.0	0.09	0.15	0.583	0.56	1.0	0.9995901155158834
SLC25A17	104.0	0.27	0.17	1.55	0.122	1.0	0.9995901155158834
SLC25A18	4.5	-0.46	0.58	-0.791	0.429	1.0	0.9995901155158834
SLC25A19	30.1	0.04	0.25	0.176	0.86	1.0	0.9995901155158834
SLC25A2	0.758	2.1	1.44	1.46	0.145	1.0	0.9995901155158834
SLC25A20	179.0	0.11	0.12	0.984	0.325	1.0	0.9995901155158834
SLC25A21	8.22	-0.14	0.45	-0.3	0.764	1.0	0.9995901155158834
SLC25A22	58.9	0.01	0.26	0.0229	0.982	1.0	0.9995901155158834
SLC25A23	82.9	-0.18	0.15	-1.22	0.223	1.0	0.9995901155158834
SLC25A24	1250.0	0.11	0.07	1.67	0.0952	1.0	0.9995901155158834
SLC25A25	137.0	-0.19	0.12	-1.53	0.126	1.0	0.9995901155158834
SLC25A26	143.0	-0.13	0.12	-1.09	0.276	1.0	0.9995901155158834
SLC25A27	6.14	0.07	0.53	0.141	0.888	1.0	0.9995901155158834
SLC25A28	30.0	-0.07	0.23	-0.29	0.772	1.0	0.9995901155158834
SLC25A29	82.3	0.14	0.18	0.776	0.438	1.0	0.9995901155158834
SLC25A3	2390.0	-0.01	0.08	-0.103	0.918	1.0	0.9995901155158834
SLC25A30	555.0	-0.03	0.13	-0.258	0.797	1.0	0.9995901155158834
SLC25A32	244.0	0.07	0.14	0.491	0.623	1.0	0.9995901155158834
SLC25A33	137.0	0.04	0.14	0.264	0.791	1.0	0.9995901155158834
SLC25A34	7.79	0.74	0.49	1.51	0.13	1.0	0.9995901155158834
SLC25A35	17.3	-0.28	0.29	-0.966	0.334	1.0	0.9995901155158834
SLC25A36	252.0	0.09	0.1	0.902	0.367	1.0	0.9995901155158834
SLC25A37	103.0	0.28	0.19	1.46	0.144	1.0	0.9995901155158834
SLC25A38	120.0	0.11	0.12	0.963	0.335	1.0	0.9995901155158834
SLC25A39	174.0	-0.07	0.12	-0.573	0.566	1.0	0.9995901155158834
SLC25A4	293.0	0.04	0.09	0.398	0.691	1.0	0.9995901155158834
SLC25A40	92.7	0.09	0.16	0.584	0.559	1.0	0.9995901155158834
SLC25A41	0.451	0.52	1.82	0.287	0.774	1.0	0.9995901155158834
SLC25A42	21.9	0.03	0.29	0.0886	0.929	1.0	0.9995901155158834
SLC25A43	56.5	-0.09	0.17	-0.538	0.591	1.0	0.9995901155158834
SLC25A44	250.0	0.13	0.11	1.26	0.207	1.0	0.9995901155158834
SLC25A45	9.43	0.57	0.42	1.34	0.182	1.0	0.9995901155158834
SLC25A46	496.0	0.09	0.07	1.28	0.202	1.0	0.9995901155158834
SLC25A5	1380.0	-0.02	0.07	-0.321	0.748	1.0	0.9995901155158834
SLC25A51	95.8	0.03	0.14	0.221	0.825	1.0	0.9995901155158834
SLC25A52	3.52	-0.15	0.85	-0.174	0.862	1.0	0.9995901155158834
SLC25A53	17.2	-0.69	0.28	-2.43	0.015	1.0	0.9995901155158834
SLC25A6	1080.0	-0.06	0.11	-0.548	0.584	1.0	0.9995901155158834
SLC26A1	3.62	0.71	0.72	0.986	0.324	1.0	0.9995901155158834
SLC26A11	77.4	0.0	0.15	0.0137	0.989	1.0	0.9995901155158834
SLC26A2	927.0	0.12	0.09	1.37	0.169	1.0	0.9995901155158834
SLC26A4	6.31	-0.07	0.5	-0.139	0.889	1.0	0.9995901155158834
SLC26A6	132.0	-0.08	0.16	-0.512	0.609	1.0	0.9995901155158834
SLC26A7	1.04	1.25	1.39	0.895	0.371	1.0	0.9995901155158834
SLC27A1	86.2	-0.33	0.16	-2.03	0.0423	1.0	0.9995901155158834
SLC27A2	6.45	0.83	0.56	1.47	0.142	1.0	0.9995901155158834
SLC27A3	347.0	-0.13	0.14	-0.894	0.372	1.0	0.9995901155158834
SLC27A4	176.0	-0.09	0.14	-0.637	0.524	1.0	0.9995901155158834
SLC27A5	9.72	-0.03	0.4	-0.0873	0.93	1.0	0.9995901155158834
SLC27A6	5.33	-0.11	0.47	-0.233	0.816	1.0	0.9995901155158834
SLC28A2	0.784	-1.56	1.45	-1.08	0.28	1.0	0.9995901155158834
SLC28A3	2.25	-0.47	0.82	-0.576	0.565	1.0	0.9995901155158834
SLC29A1	141.0	0.0	0.12	0.0408	0.967	1.0	0.9995901155158834
SLC29A2	25.7	0.33	0.24	1.37	0.171	1.0	0.9995901155158834
SLC29A3	16.0	-0.58	0.31	-1.89	0.059	1.0	0.9995901155158834
SLC29A4	18.1	0.0	0.28	0.00628	0.995	1.0	0.9995901155158834
SLC2A1	210.0	-0.04	0.14	-0.273	0.785	1.0	0.9995901155158834
SLC2A10	111.0	0.16	0.13	1.29	0.198	1.0	0.9995901155158834
SLC2A11	19.4	0.05	0.26	0.201	0.841	1.0	0.9995901155158834
SLC2A12	0.636	0.81	1.37	0.588	0.557	1.0	0.9995901155158834
SLC2A13	163.0	0.05	0.14	0.336	0.737	1.0	0.9995901155158834
SLC2A14	15.4	0.29	0.45	0.644	0.52	1.0	0.9995901155158834
SLC2A3	9100.0	0.11	0.09	1.29	0.197	1.0	0.9995901155158834
SLC2A4	2.29	0.84	0.83	1.01	0.311	1.0	0.9995901155158834
SLC2A4RG	146.0	0.18	0.13	1.37	0.17	1.0	0.9995901155158834
SLC2A5	2.89	0.64	0.75	0.847	0.397	1.0	0.9995901155158834
SLC2A6	141.0	-0.0	0.16	-0.0137	0.989	1.0	0.9995901155158834
SLC2A8	39.9	0.06	0.26	0.231	0.818	1.0	0.9995901155158834
SLC2A9	1.95	-0.15	0.88	-0.171	0.864	1.0	0.9995901155158834
SLC30A1	189.0	0.05	0.14	0.369	0.712	1.0	0.9995901155158834
SLC30A10	0.586	1.55	1.56	0.997	0.319	1.0	0.9995901155158834
SLC30A2	0.995	-1.05	1.26	-0.835	0.404	1.0	0.9995901155158834
SLC30A3	3.77	0.61	0.55	1.1	0.273	1.0	0.9995901155158834
SLC30A4	53.1	0.05	0.2	0.247	0.805	1.0	0.9995901155158834
SLC30A5	345.0	0.12	0.1	1.15	0.249	1.0	0.9995901155158834
SLC30A6	301.0	0.09	0.11	0.769	0.442	1.0	0.9995901155158834
SLC30A7	258.0	0.1	0.12	0.875	0.381	1.0	0.9995901155158834
SLC30A8	0.363	0.67	1.9	0.353	0.724	1.0	0.9995901155158834
SLC30A9	919.0	-0.06	0.07	-0.773	0.44	1.0	0.9995901155158834
SLC31A1	330.0	0.0	0.1	0.019	0.985	1.0	0.9995901155158834
SLC31A2	3.24	-0.21	0.78	-0.271	0.786	1.0	0.9995901155158834
SLC32A1	0.52	-0.84	1.93	-0.437	0.662	1.0	0.9995901155158834
SLC33A1	263.0	0.12	0.11	1.16	0.247	1.0	0.9995901155158834
SLC35A1	179.0	0.04	0.12	0.315	0.753	1.0	0.9995901155158834
SLC35A2	321.0	0.14	0.12	1.15	0.251	1.0	0.9995901155158834
SLC35A3	274.0	0.17	0.11	1.59	0.113	1.0	0.9995901155158834
SLC35A4	198.0	0.02	0.13	0.126	0.9	1.0	0.9995901155158834
SLC35A5	317.0	-0.1	0.09	-1.04	0.298	1.0	0.9995901155158834
SLC35B1	229.0	0.07	0.1	0.694	0.488	1.0	0.9995901155158834
SLC35B2	94.5	-0.15	0.17	-0.897	0.37	1.0	0.9995901155158834
SLC35B3	103.0	0.2	0.12	1.67	0.0948	1.0	0.9995901155158834
SLC35B4	442.0	0.13	0.08	1.65	0.099	1.0	0.9995901155158834
SLC35C1	72.6	0.0	0.14	0.0139	0.989	1.0	0.9995901155158834
SLC35C2	154.0	0.03	0.16	0.167	0.867	1.0	0.9995901155158834
SLC35D1	107.0	0.34	0.13	2.56	0.0104	1.0	0.9995901155158834
SLC35D2	368.0	0.03	0.11	0.303	0.762	1.0	0.9995901155158834
SLC35D3	0.505	1.64	1.63	1.01	0.314	1.0	0.9995901155158834
SLC35E1	669.0	0.12	0.12	0.988	0.323	1.0	0.9995901155158834
SLC35E2A	161.0	-0.09	0.17	-0.54	0.589	1.0	0.9995901155158834
SLC35E2B	303.0	0.05	0.11	0.505	0.614	1.0	0.9995901155158834
SLC35E3	218.0	-0.07	0.13	-0.566	0.571	1.0	0.9995901155158834
SLC35E4	17.7	0.56	0.35	1.61	0.107	1.0	0.9995901155158834
SLC35F1	9.88	0.47	0.34	1.4	0.162	1.0	0.9995901155158834
SLC35F2	533.0	0.05	0.1	0.481	0.631	1.0	0.9995901155158834
SLC35F3	0.963	0.83	1.38	0.605	0.546	1.0	0.9995901155158834
SLC35F5	744.0	-0.03	0.1	-0.272	0.786	1.0	0.9995901155158834
SLC35F6	111.0	0.2	0.12	1.63	0.103	1.0	0.9995901155158834
SLC35G1	73.8	0.18	0.17	1.09	0.275	1.0	0.9995901155158834
SLC35G2	216.0	0.08	0.15	0.583	0.56	1.0	0.9995901155158834
SLC36A1	228.0	-0.06	0.09	-0.683	0.495	1.0	0.9995901155158834
SLC36A2	2.0	0.14	1.09	0.132	0.895	1.0	0.9995901155158834
SLC36A4	170.0	0.09	0.1	0.992	0.321	1.0	0.9995901155158834
SLC37A1	46.4	0.19	0.21	0.948	0.343	1.0	0.9995901155158834
SLC37A2	19.6	-0.17	0.33	-0.511	0.609	1.0	0.9995901155158834
SLC37A3	748.0	-0.0	0.08	-0.0425	0.966	1.0	0.9995901155158834
SLC37A4	35.4	-0.05	0.2	-0.245	0.807	1.0	0.9995901155158834
SLC38A1	717.0	0.18	0.19	0.953	0.341	1.0	0.9995901155158834
SLC38A10	956.0	-0.07	0.12	-0.585	0.559	1.0	0.9995901155158834
SLC38A2	5510.0	0.1	0.12	0.868	0.386	1.0	0.9995901155158834
SLC38A3	0.611	0.24	1.58	0.152	0.879	1.0	0.9995901155158834
SLC38A4	2.48	-0.21	0.8	-0.258	0.796	1.0	0.9995901155158834
SLC38A5	4.07	0.61	0.64	0.962	0.336	1.0	0.9995901155158834
SLC38A6	43.2	-0.14	0.2	-0.684	0.494	1.0	0.9995901155158834
SLC38A7	269.0	-0.04	0.11	-0.385	0.7	1.0	0.9995901155158834
SLC38A9	311.0	0.11	0.11	1.06	0.287	1.0	0.9995901155158834
SLC39A1	838.0	-0.0	0.09	-0.0412	0.967	1.0	0.9995901155158834
SLC39A10	1070.0	0.1	0.1	1.07	0.284	1.0	0.9995901155158834
SLC39A11	149.0	0.02	0.12	0.181	0.856	1.0	0.9995901155158834
SLC39A13	169.0	-0.1	0.13	-0.801	0.423	1.0	0.9995901155158834
SLC39A14	202.0	0.01	0.15	0.0912	0.927	1.0	0.9995901155158834
SLC39A3	62.3	-0.08	0.19	-0.396	0.692	1.0	0.9995901155158834
SLC39A6	315.0	0.14	0.12	1.21	0.227	1.0	0.9995901155158834
SLC39A7	1390.0	-0.07	0.08	-0.78	0.436	1.0	0.9995901155158834
SLC39A8	234.0	0.07	0.11	0.612	0.541	1.0	0.9995901155158834
SLC39A9	467.0	0.11	0.09	1.31	0.192	1.0	0.9995901155158834
SLC3A1	0.536	-1.84	2.1	-0.876	0.381	1.0	0.9995901155158834
SLC3A2	820.0	-0.05	0.1	-0.498	0.619	1.0	0.9995901155158834
SLC40A1	154.0	-0.04	0.15	-0.267	0.79	1.0	0.9995901155158834
SLC41A1	152.0	0.15	0.11	1.37	0.171	1.0	0.9995901155158834
SLC41A2	44.6	-0.13	0.22	-0.608	0.543	1.0	0.9995901155158834
SLC41A3	102.0	0.07	0.15	0.461	0.645	1.0	0.9995901155158834
SLC43A1	12.8	-0.29	0.32	-0.919	0.358	1.0	0.9995901155158834
SLC43A2	65.4	0.01	0.18	0.0751	0.94	1.0	0.9995901155158834
SLC43A3	245.0	0.01	0.11	0.119	0.906	1.0	0.9995901155158834
SLC44A1	3460.0	-0.04	0.07	-0.588	0.557	1.0	0.9995901155158834
SLC44A2	1050.0	-0.05	0.09	-0.543	0.587	1.0	0.9995901155158834
SLC44A3	15.4	-0.2	0.36	-0.559	0.576	1.0	0.9995901155158834
SLC44A4	2.4	0.24	1.07	0.226	0.821	1.0	0.9995901155158834
SLC44A5	34.3	0.24	0.28	0.84	0.401	1.0	0.9995901155158834
SLC45A1	0.876	0.27	1.23	0.219	0.827	1.0	0.9995901155158834
SLC45A3	25.5	0.15	0.27	0.532	0.594	1.0	0.9995901155158834
SLC45A4	1600.0	0.02	0.11	0.159	0.874	1.0	0.9995901155158834
SLC46A1	44.3	-0.11	0.25	-0.456	0.648	1.0	0.9995901155158834
SLC46A2	1.02	-1.66	1.34	-1.24	0.216	1.0	0.9995901155158834
SLC46A3	607.0	-0.03	0.11	-0.231	0.817	1.0	0.9995901155158834
SLC47A1	1.7	0.91	0.95	0.955	0.339	1.0	0.9995901155158834
SLC48A1	108.0	-0.0	0.14	-0.0295	0.976	1.0	0.9995901155158834
SLC49A3	11.5	0.02	0.35	0.0678	0.946	1.0	0.9995901155158834
SLC49A4	270.0	0.12	0.12	0.973	0.331	1.0	0.9995901155158834
SLC4A1	0.505	1.27	2.08	0.608	0.543	1.0	0.9995901155158834
SLC4A10	0.562	-0.56	1.74	-0.319	0.75	1.0	0.9995901155158834
SLC4A11	32.8	-0.21	0.24	-0.865	0.387	1.0	0.9995901155158834
SLC4A1AP	741.0	-0.04	0.08	-0.486	0.627	1.0	0.9995901155158834
SLC4A2	299.0	0.06	0.14	0.416	0.678	1.0	0.9995901155158834
SLC4A3	1.2	-0.08	1.1	-0.069	0.945	1.0	0.9995901155158834
SLC4A4	107.0	0.05	0.22	0.23	0.818	1.0	0.9995901155158834
SLC4A5	4.08	0.35	0.53	0.656	0.512	1.0	0.9995901155158834
SLC4A7	450.0	0.06	0.11	0.561	0.575	1.0	0.9995901155158834
SLC4A8	61.2	0.06	0.19	0.299	0.765	1.0	0.9995901155158834
SLC50A1	865.0	0.15	0.12	1.24	0.215	1.0	0.9995901155158834
SLC51A	4.36	0.3	0.56	0.539	0.59	1.0	0.9995901155158834
SLC52A1	2.5	-0.24	0.76	-0.32	0.749	1.0	0.9995901155158834
SLC52A2	130.0	-0.06	0.15	-0.412	0.681	1.0	0.9995901155158834
SLC5A10	0.714	-1.6	3.03	-0.529	0.597	1.0	0.9995901155158834
SLC5A12	10.9	-0.12	0.35	-0.344	0.731	1.0	0.9995901155158834
SLC5A3	612.0	0.07	0.14	0.49	0.624	1.0	0.9995901155158834
SLC5A4	4.08	-0.92	0.61	-1.5	0.133	1.0	0.9995901155158834
SLC5A5	1.7	0.12	0.99	0.119	0.905	1.0	0.9995901155158834
SLC5A6	255.0	-0.05	0.11	-0.43	0.667	1.0	0.9995901155158834
SLC66A1	55.9	-0.07	0.28	-0.234	0.815	1.0	0.9995901155158834
SLC66A2	121.0	-0.05	0.16	-0.294	0.769	1.0	0.9995901155158834
SLC66A3	32.8	0.04	0.2	0.2	0.841	1.0	0.9995901155158834
SLC6A11	1.53	1.69	0.97	1.73	0.0837	1.0	0.9995901155158834
SLC6A12	4.43	-0.56	0.62	-0.908	0.364	1.0	0.9995901155158834
SLC6A14	0.972	-0.6	1.21	-0.496	0.62	1.0	0.9995901155158834
SLC6A15	18.2	0.05	0.32	0.171	0.865	1.0	0.9995901155158834
SLC6A16	2.17	-0.59	0.85	-0.694	0.488	1.0	0.9995901155158834
SLC6A17	6.71	0.38	0.54	0.708	0.479	1.0	0.9995901155158834
SLC6A20	8.47	0.32	0.39	0.808	0.419	1.0	0.9995901155158834
SLC6A4	6.85	-0.31	0.42	-0.735	0.462	1.0	0.9995901155158834
SLC6A6	963.0	-0.02	0.11	-0.138	0.89	1.0	0.9995901155158834
SLC6A8	52.8	-0.11	0.19	-0.551	0.582	1.0	0.9995901155158834
SLC6A9	2.81	0.17	0.73	0.23	0.818	1.0	0.9995901155158834
SLC7A1	635.0	0.18	0.13	1.41	0.158	1.0	0.9995901155158834
SLC7A11	376.0	0.07	0.09	0.704	0.482	1.0	0.9995901155158834
SLC7A14	2.53	0.5	0.71	0.702	0.482	1.0	0.9995901155158834
SLC7A2	209.0	0.01	0.13	0.0502	0.96	1.0	0.9995901155158834
SLC7A3	0.565	-1.28	1.76	-0.73	0.465	1.0	0.9995901155158834
SLC7A5	32.8	-0.15	0.32	-0.486	0.627	1.0	0.9995901155158834
SLC7A6	132.0	0.12	0.16	0.752	0.452	1.0	0.9995901155158834
SLC7A6OS	253.0	-0.0	0.11	-0.0342	0.973	1.0	0.9995901155158834
SLC7A7	117.0	-0.11	0.17	-0.64	0.522	1.0	0.9995901155158834
SLC7A8	561.0	-0.1	0.08	-1.2	0.23	1.0	0.9995901155158834
SLC8A1	12.6	0.09	0.4	0.22	0.826	1.0	0.9995901155158834
SLC8A3	27.2	0.48	0.23	2.1	0.0357	1.0	0.9995901155158834
SLC8B1	82.5	-0.05	0.12	-0.382	0.703	1.0	0.9995901155158834
SLC9A1	249.0	0.06	0.11	0.557	0.578	1.0	0.9995901155158834
SLC9A2	2.43	2.03	0.86	2.37	0.018	1.0	0.9995901155158834
SLC9A3	36.1	0.35	0.24	1.44	0.15	1.0	0.9995901155158834
SLC9A3R1	129.0	-0.3	0.14	-2.13	0.0334	1.0	0.9995901155158834
SLC9A3R2	714.0	0.07	0.11	0.611	0.541	1.0	0.9995901155158834
SLC9A4	1.66	0.23	0.93	0.247	0.805	1.0	0.9995901155158834
SLC9A5	6.12	0.05	0.55	0.0912	0.927	1.0	0.9995901155158834
SLC9A6	111.0	-0.05	0.15	-0.323	0.747	1.0	0.9995901155158834
SLC9A7	91.0	0.28	0.14	1.99	0.0465	1.0	0.9995901155158834
SLC9A8	79.2	-0.17	0.14	-1.21	0.226	1.0	0.9995901155158834
SLC9A9	90.6	-0.23	0.16	-1.44	0.151	1.0	0.9995901155158834
SLC9B1	4.32	-0.55	0.61	-0.909	0.363	1.0	0.9995901155158834
SLC9B2	99.4	-0.01	0.13	-0.0939	0.925	1.0	0.9995901155158834
SLCO1A2	37.6	-0.29	0.23	-1.23	0.217	1.0	0.9995901155158834
SLCO1B1	0.406	-0.45	2.23	-0.202	0.84	1.0	0.9995901155158834
SLCO2A1	1.41	-0.77	1.01	-0.756	0.45	1.0	0.9995901155158834
SLCO2B1	1.56	0.51	1.0	0.511	0.609	1.0	0.9995901155158834
SLCO3A1	77.0	-0.19	0.15	-1.22	0.223	1.0	0.9995901155158834
SLCO4C1	16.2	0.29	0.29	0.995	0.32	1.0	0.9995901155158834
SLCO5A1	2.62	0.83	0.8	1.04	0.298	1.0	0.9995901155158834
SLCO6A1	2.71	0.09	0.82	0.106	0.916	1.0	0.9995901155158834
SLF1	106.0	-0.1	0.14	-0.728	0.467	1.0	0.9995901155158834
SLF2	742.0	-0.03	0.1	-0.304	0.761	1.0	0.9995901155158834
SLFN11	15.1	0.32	0.34	0.94	0.347	1.0	0.9995901155158834
SLFN12	120.0	0.1	0.1	0.922	0.356	1.0	0.9995901155158834
SLFN12L	36.1	0.06	0.22	0.286	0.775	1.0	0.9995901155158834
SLFN13	18.8	-0.17	0.28	-0.612	0.54	1.0	0.9995901155158834
SLFN14	5.66	-0.49	0.56	-0.888	0.375	1.0	0.9995901155158834
SLFN5	1460.0	0.03	0.13	0.202	0.84	1.0	0.9995901155158834
SLFNL1	1.84	1.16	0.89	1.3	0.194	1.0	0.9995901155158834
SLIRP	643.0	-0.17	0.11	-1.48	0.138	1.0	0.9995901155158834
SLIT2	3030.0	-0.15	0.1	-1.49	0.136	1.0	0.9995901155158834
SLIT3	9.48	-0.21	0.39	-0.531	0.596	1.0	0.9995901155158834
SLITRK1	13.3	0.01	0.33	0.0214	0.983	1.0	0.9995901155158834
SLITRK2	4.61	0.22	0.67	0.334	0.739	1.0	0.9995901155158834
SLITRK4	577.0	-0.09	0.07	-1.39	0.163	1.0	0.9995901155158834
SLITRK5	30.0	-0.0	0.24	-0.0176	0.986	1.0	0.9995901155158834
SLITRK6	2.23	0.27	0.94	0.288	0.773	1.0	0.9995901155158834
SLK	1540.0	-0.01	0.08	-0.155	0.877	1.0	0.9995901155158834
SLMAP	644.0	-0.17	0.11	-1.52	0.129	1.0	0.9995901155158834
SLTM	1680.0	-0.06	0.1	-0.554	0.58	1.0	0.9995901155158834
SLU7	428.0	0.05	0.1	0.503	0.615	1.0	0.9995901155158834
SLX1A	15.6	-0.68	0.51	-1.35	0.176	1.0	0.9995901155158834
SLX1B	1.89	4.59	2.99	1.54	0.124	1.0	0.9995901155158834
SLX4	139.0	-0.12	0.13	-0.969	0.333	1.0	0.9995901155158834
SLX4IP	79.0	0.09	0.13	0.679	0.497	1.0	0.9995901155158834
SMAD1	373.0	-0.02	0.09	-0.177	0.859	1.0	0.9995901155158834
SMAD2	865.0	0.01	0.08	0.147	0.883	1.0	0.9995901155158834
SMAD3	692.0	0.16	0.08	2.07	0.0382	1.0	0.9995901155158834
SMAD4	602.0	0.03	0.08	0.349	0.727	1.0	0.9995901155158834
SMAD5	673.0	0.01	0.1	0.105	0.917	1.0	0.9995901155158834
SMAD6	1330.0	0.08	0.11	0.752	0.452	1.0	0.9995901155158834
SMAD7	232.0	-0.11	0.12	-0.939	0.348	1.0	0.9995901155158834
SMAD9	82.1	0.0	0.16	0.0231	0.982	1.0	0.9995901155158834
SMAGP	56.6	0.02	0.2	0.118	0.906	1.0	0.9995901155158834
SMAP1	163.0	-0.15	0.11	-1.36	0.174	1.0	0.9995901155158834
SMAP2	322.0	0.07	0.11	0.691	0.489	1.0	0.9995901155158834
SMARCA1	2240.0	-0.01	0.06	-0.188	0.851	1.0	0.9995901155158834
SMARCA2	704.0	-0.1	0.1	-0.998	0.318	1.0	0.9995901155158834
SMARCA4	2030.0	-0.03	0.07	-0.433	0.665	1.0	0.9995901155158834
SMARCA5	2390.0	0.0	0.07	0.0146	0.988	1.0	0.9995901155158834
SMARCAD1	646.0	0.05	0.07	0.76	0.447	1.0	0.9995901155158834
SMARCAL1	141.0	-0.24	0.13	-1.87	0.0616	1.0	0.9995901155158834
SMARCB1	301.0	-0.08	0.13	-0.634	0.526	1.0	0.9995901155158834
SMARCC1	3340.0	0.02	0.05	0.442	0.658	1.0	0.9995901155158834
SMARCC2	1330.0	0.01	0.12	0.103	0.918	1.0	0.9995901155158834
SMARCD1	238.0	0.01	0.11	0.101	0.92	1.0	0.9995901155158834
SMARCD2	380.0	0.01	0.12	0.0935	0.925	1.0	0.9995901155158834
SMARCD3	8.73	0.21	0.4	0.53	0.596	1.0	0.9995901155158834
SMARCE1	1590.0	-0.09	0.07	-1.2	0.229	1.0	0.9995901155158834
SMC1A	2200.0	-0.09	0.15	-0.629	0.53	1.0	0.9995901155158834
SMC1B	1.24	-1.36	1.43	-0.949	0.343	1.0	0.9995901155158834
SMC2	519.0	-0.05	0.1	-0.456	0.649	1.0	0.9995901155158834
SMC3	2420.0	-0.04	0.09	-0.489	0.625	1.0	0.9995901155158834
SMC4	899.0	-0.03	0.09	-0.401	0.689	1.0	0.9995901155158834
SMC5	879.0	-0.03	0.08	-0.41	0.682	1.0	0.9995901155158834
SMC6	802.0	-0.0	0.06	-0.027	0.978	1.0	0.9995901155158834
SMCHD1	859.0	0.11	0.11	0.978	0.328	1.0	0.9995901155158834
SMCO2	1.82	1.64	1.12	1.46	0.145	1.0	0.9995901155158834
SMCO3	5.98	-0.39	0.49	-0.803	0.422	1.0	0.9995901155158834
SMCO4	93.9	-0.11	0.14	-0.779	0.436	1.0	0.9995901155158834
SMCR8	267.0	-0.03	0.1	-0.359	0.719	1.0	0.9995901155158834
SMDT1	45.1	-0.14	0.17	-0.811	0.418	1.0	0.9995901155158834
SMG1	1300.0	0.02	0.14	0.138	0.89	1.0	0.9995901155158834
SMG5	537.0	-0.02	0.08	-0.185	0.853	1.0	0.9995901155158834
SMG6	522.0	-0.13	0.11	-1.2	0.232	1.0	0.9995901155158834
SMG7	806.0	0.03	0.1	0.303	0.762	1.0	0.9995901155158834
SMG8	209.0	0.09	0.1	0.895	0.371	1.0	0.9995901155158834
SMG9	95.3	0.03	0.12	0.271	0.786	1.0	0.9995901155158834
SMIM10	12.1	-0.16	0.35	-0.466	0.641	1.0	0.9995901155158834
SMIM10L1	460.0	0.03	0.07	0.357	0.721	1.0	0.9995901155158834
SMIM10L2A	93.5	0.07	0.2	0.342	0.732	1.0	0.9995901155158834
SMIM10L2B	11.9	0.9	0.38	2.37	0.0177	1.0	0.9995901155158834
SMIM11A	0.0769	-0.47	3.06	-0.154	0.877	1.0	0.9995901155158834
SMIM11B	142.0	-0.07	0.13	-0.546	0.585	1.0	0.9995901155158834
SMIM12	628.0	0.03	0.08	0.387	0.699	1.0	0.9995901155158834
SMIM13	250.0	0.08	0.12	0.681	0.496	1.0	0.9995901155158834
SMIM14	229.0	0.13	0.14	0.922	0.357	1.0	0.9995901155158834
SMIM15	633.0	0.04	0.09	0.45	0.653	1.0	0.9995901155158834
SMIM17	11.1	0.27	0.41	0.663	0.507	1.0	0.9995901155158834
SMIM19	118.0	-0.04	0.12	-0.338	0.735	1.0	0.9995901155158834
SMIM20	58.2	-0.06	0.16	-0.404	0.686	1.0	0.9995901155158834
SMIM24	4.01	0.11	0.68	0.163	0.87	1.0	0.9995901155158834
SMIM26	50.9	-0.0	0.21	-0.0128	0.99	1.0	0.9995901155158834
SMIM27	2.74	1.55	0.68	2.29	0.0223	1.0	0.9995901155158834
SMIM29	15.6	0.34	0.3	1.12	0.262	1.0	0.9995901155158834
SMIM3	32.8	0.33	0.24	1.38	0.167	1.0	0.9995901155158834
SMIM30	235.0	-0.15	0.13	-1.15	0.251	1.0	0.9995901155158834
SMIM31	2.04	-0.39	0.86	-0.448	0.654	1.0	0.9995901155158834
SMIM38	3.07	2.18	0.77	2.84	0.00454	1.0	0.9995901155158834
SMIM4	428.0	0.09	0.11	0.774	0.439	1.0	0.9995901155158834
SMIM41	2.85	1.53	0.77	2.0	0.0458	1.0	0.9995901155158834
SMIM5	0.72	0.65	1.52	0.43	0.667	1.0	0.9995901155158834
SMIM7	354.0	0.07	0.09	0.732	0.464	1.0	0.9995901155158834
SMIM8	53.3	-0.12	0.18	-0.7	0.484	1.0	0.9995901155158834
SMN1	347.0	-0.03	0.16	-0.2	0.841	1.0	0.9995901155158834
SMN2	238.0	-0.01	0.15	-0.0627	0.95	1.0	0.9995901155158834
SMNDC1	294.0	0.13	0.1	1.28	0.199	1.0	0.9995901155158834
SMO	155.0	-0.11	0.12	-0.903	0.366	1.0	0.9995901155158834
SMOC1	6.21	-0.14	0.53	-0.272	0.786	1.0	0.9995901155158834
SMOX	146.0	0.17	0.15	1.11	0.266	1.0	0.9995901155158834
SMPD1	83.7	-0.11	0.18	-0.598	0.55	1.0	0.9995901155158834
SMPD2	10.7	-0.55	0.37	-1.47	0.142	1.0	0.9995901155158834
SMPD3	3.02	-1.04	0.77	-1.36	0.175	1.0	0.9995901155158834
SMPD4	322.0	-0.05	0.09	-0.511	0.61	1.0	0.9995901155158834
SMPDL3A	36.3	0.29	0.21	1.37	0.169	1.0	0.9995901155158834
SMPDL3B	0.88	-0.31	1.17	-0.266	0.79	1.0	0.9995901155158834
SMS	2600.0	0.01	0.08	0.0707	0.944	1.0	0.9995901155158834
SMTN	1170.0	-0.06	0.12	-0.513	0.608	1.0	0.9995901155158834
SMTNL1	23.9	-0.04	0.3	-0.12	0.905	1.0	0.9995901155158834
SMTNL2	35.1	-0.1	0.21	-0.508	0.611	1.0	0.9995901155158834
SMU1	792.0	0.03	0.06	0.484	0.628	1.0	0.9995901155158834
SMUG1	80.0	-0.1	0.22	-0.438	0.662	1.0	0.9995901155158834
SMURF1	252.0	0.03	0.09	0.267	0.789	1.0	0.9995901155158834
SMURF2	1330.0	0.12	0.09	1.35	0.176	1.0	0.9995901155158834
SMYD2	173.0	-0.02	0.11	-0.141	0.888	1.0	0.9995901155158834
SMYD3	68.6	-0.19	0.18	-1.02	0.308	1.0	0.9995901155158834
SMYD4	94.7	0.01	0.12	0.0578	0.954	1.0	0.9995901155158834
SMYD5	107.0	-0.0	0.12	-0.0376	0.97	1.0	0.9995901155158834
SNAI1	10.1	-0.09	0.47	-0.196	0.845	1.0	0.9995901155158834
SNAI2	690.0	0.1	0.14	0.757	0.449	1.0	0.9995901155158834
SNAI3	2.17	-0.4	0.86	-0.46	0.646	1.0	0.9995901155158834
SNAP23	1190.0	0.08	0.1	0.858	0.391	1.0	0.9995901155158834
SNAP25	17.8	0.1	0.32	0.305	0.76	1.0	0.9995901155158834
SNAP29	223.0	-0.11	0.14	-0.83	0.407	1.0	0.9995901155158834
SNAP47	101.0	-0.3	0.16	-1.85	0.0646	1.0	0.9995901155158834
SNAP91	19.2	0.55	0.39	1.41	0.158	1.0	0.9995901155158834
SNAPC1	215.0	0.09	0.13	0.717	0.474	1.0	0.9995901155158834
SNAPC2	12.1	-0.11	0.41	-0.261	0.794	1.0	0.9995901155158834
SNAPC3	416.0	0.1	0.1	1.04	0.296	1.0	0.9995901155158834
SNAPC4	164.0	0.07	0.14	0.462	0.644	1.0	0.9995901155158834
SNAPC5	84.2	-0.06	0.14	-0.44	0.66	1.0	0.9995901155158834
SNAPIN	118.0	-0.09	0.13	-0.701	0.483	1.0	0.9995901155158834
SNCA	1020.0	-0.13	0.1	-1.32	0.187	1.0	0.9995901155158834
SNCAIP	244.0	-0.01	0.13	-0.105	0.916	1.0	0.9995901155158834
SNCG	260.0	-0.11	0.11	-1.02	0.306	1.0	0.9995901155158834
SND1	1300.0	-0.08	0.09	-0.978	0.328	1.0	0.9995901155158834
SNED1	10.4	0.13	0.47	0.281	0.779	1.0	0.9995901155158834
SNF8	336.0	-0.2	0.09	-2.26	0.0238	1.0	0.9995901155158834
SNIP1	259.0	0.04	0.08	0.5	0.617	1.0	0.9995901155158834
SNN	754.0	0.06	0.09	0.667	0.505	1.0	0.9995901155158834
SNORC	1.13	0.23	1.37	0.171	0.864	1.0	0.9995901155158834
SNPH	52.1	0.1	0.23	0.443	0.658	1.0	0.9995901155158834
SNRK	1990.0	-0.02	0.06	-0.345	0.73	1.0	0.9995901155158834
SNRNP200	2260.0	-0.1	0.11	-0.911	0.362	1.0	0.9995901155158834
SNRNP25	198.0	-0.1	0.11	-0.913	0.361	1.0	0.9995901155158834
SNRNP27	721.0	0.04	0.07	0.535	0.593	1.0	0.9995901155158834
SNRNP35	102.0	0.15	0.2	0.727	0.467	1.0	0.9995901155158834
SNRNP40	270.0	-0.05	0.09	-0.514	0.607	1.0	0.9995901155158834
SNRNP48	234.0	0.05	0.11	0.412	0.68	1.0	0.9995901155158834
SNRNP70	1590.0	-0.12	0.08	-1.49	0.137	1.0	0.9995901155158834
SNRPA	83.2	-0.01	0.19	-0.0302	0.976	1.0	0.9995901155158834
SNRPA1	519.0	-0.06	0.09	-0.616	0.538	1.0	0.9995901155158834
SNRPB	643.0	-0.05	0.12	-0.444	0.657	1.0	0.9995901155158834
SNRPB2	892.0	0.08	0.12	0.679	0.497	1.0	0.9995901155158834
SNRPC	243.0	-0.07	0.09	-0.805	0.421	1.0	0.9995901155158834
SNRPD1	2140.0	-0.05	0.07	-0.695	0.487	1.0	0.9995901155158834
SNRPD2	406.0	-0.14	0.09	-1.46	0.145	1.0	0.9995901155158834
SNRPD3	2410.0	0.04	0.09	0.442	0.658	1.0	0.9995901155158834
SNRPE	328.0	-0.06	0.1	-0.559	0.576	1.0	0.9995901155158834
SNRPF	1490.0	-0.06	0.08	-0.687	0.492	1.0	0.9995901155158834
SNRPG	696.0	-0.09	0.13	-0.699	0.484	1.0	0.9995901155158834
SNRPN	332.0	0.01	0.1	0.0762	0.939	1.0	0.9995901155158834
SNTA1	13.4	-0.19	0.38	-0.492	0.623	1.0	0.9995901155158834
SNTB1	12.6	-0.6	0.42	-1.42	0.156	1.0	0.9995901155158834
SNTB2	180.0	0.12	0.13	0.93	0.352	1.0	0.9995901155158834
SNTN	0.92	-0.25	1.22	-0.209	0.835	1.0	0.9995901155158834
SNU13	401.0	-0.06	0.09	-0.647	0.518	1.0	0.9995901155158834
SNUPN	88.9	0.03	0.13	0.211	0.833	1.0	0.9995901155158834
SNURF	346.0	-0.1	0.12	-0.836	0.403	1.0	0.9995901155158834
SNW1	1400.0	-0.08	0.07	-1.06	0.291	1.0	0.9995901155158834
SNX1	640.0	-0.0	0.09	-0.0257	0.98	1.0	0.9995901155158834
SNX10	42.0	-0.12	0.2	-0.582	0.561	1.0	0.9995901155158834
SNX11	130.0	0.02	0.11	0.155	0.877	1.0	0.9995901155158834
SNX12	303.0	0.03	0.12	0.298	0.766	1.0	0.9995901155158834
SNX13	418.0	0.08	0.1	0.864	0.387	1.0	0.9995901155158834
SNX14	605.0	0.02	0.08	0.294	0.769	1.0	0.9995901155158834
SNX15	52.0	0.31	0.17	1.76	0.078	1.0	0.9995901155158834
SNX16	100.0	-0.03	0.12	-0.236	0.814	1.0	0.9995901155158834
SNX17	825.0	0.0	0.08	0.0359	0.971	1.0	0.9995901155158834
SNX18	1030.0	-0.0	0.09	-0.0479	0.962	1.0	0.9995901155158834
SNX19	600.0	-0.1	0.14	-0.72	0.471	1.0	0.9995901155158834
SNX2	1290.0	-0.07	0.08	-0.843	0.399	1.0	0.9995901155158834
SNX20	0.443	1.58	1.64	0.964	0.335	1.0	0.9995901155158834
SNX21	44.2	-0.06	0.18	-0.316	0.752	1.0	0.9995901155158834
SNX22	4.04	-0.22	0.64	-0.335	0.737	1.0	0.9995901155158834
SNX24	99.2	0.08	0.12	0.63	0.529	1.0	0.9995901155158834
SNX25	170.0	0.06	0.11	0.515	0.606	1.0	0.9995901155158834
SNX27	269.0	0.12	0.1	1.19	0.236	1.0	0.9995901155158834
SNX29	254.0	-0.21	0.15	-1.38	0.169	1.0	0.9995901155158834
SNX3	2730.0	0.01	0.1	0.131	0.896	1.0	0.9995901155158834
SNX30	326.0	0.12	0.09	1.31	0.189	1.0	0.9995901155158834
SNX32	2.86	0.18	0.81	0.219	0.826	1.0	0.9995901155158834
SNX33	144.0	-0.13	0.14	-0.947	0.344	1.0	0.9995901155158834
SNX4	806.0	-0.03	0.09	-0.374	0.709	1.0	0.9995901155158834
SNX5	475.0	0.06	0.08	0.745	0.456	1.0	0.9995901155158834
SNX6	1080.0	-0.04	0.07	-0.603	0.547	1.0	0.9995901155158834
SNX7	819.0	-0.12	0.09	-1.44	0.149	1.0	0.9995901155158834
SNX8	270.0	-0.03	0.11	-0.323	0.747	1.0	0.9995901155158834
SNX9	731.0	-0.05	0.07	-0.754	0.451	1.0	0.9995901155158834
SOAT1	573.0	0.09	0.11	0.765	0.444	1.0	0.9995901155158834
SOBP	23.9	0.02	0.26	0.0694	0.945	1.0	0.9995901155158834
SOCS1	4.69	-0.65	0.57	-1.15	0.249	1.0	0.9995901155158834
SOCS2	77.2	-0.14	0.14	-1.01	0.311	1.0	0.9995901155158834
SOCS3	317.0	0.07	0.14	0.49	0.624	1.0	0.9995901155158834
SOCS4	742.0	0.11	0.11	1.06	0.289	1.0	0.9995901155158834
SOCS5	225.0	0.09	0.11	0.803	0.422	1.0	0.9995901155158834
SOCS6	479.0	0.09	0.1	0.893	0.372	1.0	0.9995901155158834
SOCS7	181.0	0.14	0.14	1.03	0.302	1.0	0.9995901155158834
SOD1	1920.0	0.01	0.08	0.0968	0.923	1.0	0.9995901155158834
SOD2	1800.0	0.07	0.08	0.786	0.432	1.0	0.9995901155158834
SOD3	1.27	-0.55	1.19	-0.461	0.645	1.0	0.9995901155158834
SOGA1	403.0	-0.22	0.23	-0.986	0.324	1.0	0.9995901155158834
SOGA3	144.0	0.1	0.14	0.7	0.484	1.0	0.9995901155158834
SON	2220.0	0.06	0.08	0.745	0.457	1.0	0.9995901155158834
SORBS1	536.0	0.08	0.1	0.741	0.459	1.0	0.9995901155158834
SORBS2	525.0	0.04	0.09	0.477	0.634	1.0	0.9995901155158834
SORBS3	170.0	0.08	0.13	0.661	0.509	1.0	0.9995901155158834
SORCS1	133.0	0.01	0.16	0.0464	0.963	1.0	0.9995901155158834
SORCS2	1.61	-0.6	1.05	-0.572	0.567	1.0	0.9995901155158834
SORCS3	2.76	0.45	0.7	0.641	0.521	1.0	0.9995901155158834
SORD	230.0	0.06	0.11	0.554	0.579	1.0	0.9995901155158834
SORL1	103.0	0.03	0.16	0.168	0.867	1.0	0.9995901155158834
SORT1	846.0	-0.01	0.08	-0.116	0.908	1.0	0.9995901155158834
SOS1	430.0	-0.05	0.11	-0.441	0.659	1.0	0.9995901155158834
SOS2	648.0	-0.04	0.08	-0.48	0.631	1.0	0.9995901155158834
SOWAHC	20.4	0.02	0.28	0.0549	0.956	1.0	0.9995901155158834
SOX1	5.07	-0.45	0.54	-0.831	0.406	1.0	0.9995901155158834
SOX11	430.0	0.16	0.15	1.09	0.278	1.0	0.9995901155158834
SOX12	215.0	-0.09	0.11	-0.797	0.425	1.0	0.9995901155158834
SOX13	342.0	0.01	0.11	0.0669	0.947	1.0	0.9995901155158834
SOX15	1.97	0.34	0.79	0.437	0.662	1.0	0.9995901155158834
SOX17	568.0	0.09	0.14	0.628	0.53	1.0	0.9995901155158834
SOX18	104.0	-0.12	0.17	-0.734	0.463	1.0	0.9995901155158834
SOX2	0.459	1.53	1.79	0.856	0.392	1.0	0.9995901155158834
SOX4	1560.0	0.12	0.1	1.22	0.223	1.0	0.9995901155158834
SOX5	105.0	0.05	0.17	0.306	0.76	1.0	0.9995901155158834
SOX6	82.0	-0.08	0.22	-0.345	0.73	1.0	0.9995901155158834
SOX7	730.0	0.08	0.09	0.825	0.409	1.0	0.9995901155158834
SOX8	33.7	0.06	0.22	0.282	0.778	1.0	0.9995901155158834
SOX9	3.47	-0.07	0.63	-0.106	0.916	1.0	0.9995901155158834
SP1	727.0	0.02	0.07	0.288	0.774	1.0	0.9995901155158834
SP100	115.0	-0.06	0.11	-0.548	0.584	1.0	0.9995901155158834
SP110	48.3	-0.08	0.17	-0.461	0.645	1.0	0.9995901155158834
SP140	1.69	-0.39	0.94	-0.417	0.677	1.0	0.9995901155158834
SP140L	188.0	0.18	0.1	1.84	0.0655	1.0	0.9995901155158834
SP2	52.9	0.16	0.18	0.889	0.374	1.0	0.9995901155158834
SP3	521.0	0.07	0.07	0.972	0.331	1.0	0.9995901155158834
SP4	60.2	0.05	0.18	0.296	0.767	1.0	0.9995901155158834
SP5	3.63	-0.17	0.63	-0.261	0.794	1.0	0.9995901155158834
SP6	207.0	0.15	0.18	0.805	0.421	1.0	0.9995901155158834
SP8	4.36	-0.34	0.72	-0.473	0.636	1.0	0.9995901155158834
SPA17	24.0	-0.14	0.31	-0.473	0.636	1.0	0.9995901155158834
SPAAR	72.8	-0.01	0.15	-0.0519	0.959	1.0	0.9995901155158834
SPACA6	2.16	0.27	0.86	0.312	0.755	1.0	0.9995901155158834
SPACA9	17.0	0.15	0.32	0.464	0.643	1.0	0.9995901155158834
SPAG1	36.0	0.04	0.24	0.18	0.857	1.0	0.9995901155158834
SPAG16	82.1	0.33	0.15	2.19	0.0288	1.0	0.9995901155158834
SPAG17	4.04	-0.27	0.79	-0.339	0.734	1.0	0.9995901155158834
SPAG4	1.35	0.78	1.08	0.722	0.47	1.0	0.9995901155158834
SPAG5	95.6	-0.01	0.13	-0.041	0.967	1.0	0.9995901155158834
SPAG6	0.733	0.33	1.47	0.223	0.824	1.0	0.9995901155158834
SPAG7	484.0	0.01	0.09	0.0614	0.951	1.0	0.9995901155158834
SPAG8	0.411	0.86	1.84	0.469	0.639	1.0	0.9995901155158834
SPAG9	1950.0	-0.01	0.09	-0.0669	0.947	1.0	0.9995901155158834
SPARC	11800.0	-0.02	0.05	-0.461	0.645	1.0	0.9995901155158834
SPARCL1	5.47	0.72	0.53	1.36	0.174	1.0	0.9995901155158834
SPART	1520.0	0.02	0.07	0.278	0.781	1.0	0.9995901155158834
SPAST	504.0	0.04	0.09	0.462	0.644	1.0	0.9995901155158834
SPATA1	1.14	-1.34	1.32	-1.02	0.308	1.0	0.9995901155158834
SPATA12	1.49	-0.77	0.97	-0.8	0.423	1.0	0.9995901155158834
SPATA13	102.0	0.2	0.15	1.33	0.184	1.0	0.9995901155158834
SPATA16	0.519	-0.53	1.8	-0.294	0.769	1.0	0.9995901155158834
SPATA17	4.55	-0.72	0.54	-1.32	0.185	1.0	0.9995901155158834
SPATA18	52.8	-0.15	0.21	-0.692	0.489	1.0	0.9995901155158834
SPATA2	38.2	0.24	0.21	1.14	0.256	1.0	0.9995901155158834
SPATA20	118.0	0.19	0.17	1.09	0.274	1.0	0.9995901155158834
SPATA24	15.5	-0.19	0.34	-0.572	0.568	1.0	0.9995901155158834
SPATA2L	9.48	-0.38	0.38	-1.0	0.317	1.0	0.9995901155158834
SPATA31C2	0.581	-0.63	1.64	-0.387	0.699	1.0	0.9995901155158834
SPATA33	27.6	-0.3	0.2	-1.51	0.132	1.0	0.9995901155158834
SPATA46	0.994	0.82	1.12	0.733	0.464	1.0	0.9995901155158834
SPATA5	138.0	0.02	0.14	0.149	0.882	1.0	0.9995901155158834
SPATA5L1	72.0	0.08	0.15	0.493	0.622	1.0	0.9995901155158834
SPATA6	46.5	0.07	0.19	0.367	0.714	1.0	0.9995901155158834
SPATA6L	1.98	0.04	0.93	0.0379	0.97	1.0	0.9995901155158834
SPATA7	81.3	0.06	0.14	0.444	0.657	1.0	0.9995901155158834
SPATA9	2.96	0.99	0.71	1.4	0.162	1.0	0.9995901155158834
SPATC1L	44.8	-0.19	0.23	-0.829	0.407	1.0	0.9995901155158834
SPATS1	1.77	-0.29	1.04	-0.276	0.783	1.0	0.9995901155158834
SPATS2	232.0	0.01	0.08	0.163	0.871	1.0	0.9995901155158834
SPATS2L	965.0	-0.06	0.09	-0.729	0.466	1.0	0.9995901155158834
SPC24	70.9	-0.42	0.19	-2.23	0.0257	1.0	0.9995901155158834
SPC25	48.6	0.19	0.19	0.984	0.325	1.0	0.9995901155158834
SPCS1	533.0	0.08	0.15	0.535	0.592	1.0	0.9995901155158834
SPCS2	615.0	-0.14	0.09	-1.47	0.143	1.0	0.9995901155158834
SPCS3	3290.0	0.08	0.07	1.29	0.199	1.0	0.9995901155158834
SPDL1	353.0	0.11	0.1	1.04	0.299	1.0	0.9995901155158834
SPDYE1	3.96	1.11	0.87	1.28	0.199	1.0	0.9995901155158834
SPDYE10P	0.216	1.49	3.05	0.489	0.625	1.0	0.9995901155158834
SPDYE12P	1.57	1.1	2.8	0.394	0.693	1.0	0.9995901155158834
SPDYE13	4.86	-0.97	1.47	-0.659	0.51	1.0	0.9995901155158834
SPDYE14	0.74	-2.38	3.02	-0.787	0.431	1.0	0.9995901155158834
SPDYE16	0.735	-1.77	1.76	-1.01	0.315	1.0	0.9995901155158834
SPDYE17	1.01	2.89	3.0	0.964	0.335	1.0	0.9995901155158834
SPDYE18	1.12	1.43	1.2	1.19	0.233	1.0	0.9995901155158834
SPDYE2	7.01	0.41	0.53	0.776	0.438	1.0	0.9995901155158834
SPDYE21	3.53	0.15	0.84	0.18	0.857	1.0	0.9995901155158834
SPDYE2B	5.64	-0.35	1.05	-0.331	0.74	1.0	0.9995901155158834
SPDYE3	5.66	-0.37	0.61	-0.613	0.54	1.0	0.9995901155158834
SPDYE5	1.83	0.41	2.01	0.204	0.838	1.0	0.9995901155158834
SPDYE6	1.5	-0.65	2.23	-0.29	0.772	1.0	0.9995901155158834
SPECC1	285.0	-0.06	0.11	-0.509	0.61	1.0	0.9995901155158834
SPECC1L	905.0	-0.01	0.08	-0.179	0.858	1.0	0.9995901155158834
SPEF2	409.0	0.09	0.1	0.847	0.397	1.0	0.9995901155158834
SPEG	2.37	0.52	1.69	0.308	0.758	1.0	0.9995901155158834
SPEN	666.0	0.02	0.22	0.0734	0.941	1.0	0.9995901155158834
SPG11	201.0	-0.0	0.1	-0.0185	0.985	1.0	0.9995901155158834
SPG21	231.0	-0.02	0.12	-0.156	0.876	1.0	0.9995901155158834
SPG7	544.0	-0.02	0.09	-0.22	0.826	1.0	0.9995901155158834
SPHK1	242.0	-0.05	0.18	-0.274	0.784	1.0	0.9995901155158834
SPHK2	46.3	0.11	0.17	0.635	0.525	1.0	0.9995901155158834
SPI1	1.16	-1.33	1.29	-1.03	0.305	1.0	0.9995901155158834
SPIB	3.82	1.36	0.82	1.66	0.0968	1.0	0.9995901155158834
SPICE1	105.0	-0.09	0.14	-0.642	0.521	1.0	0.9995901155158834
SPIDR	204.0	-0.0	0.12	-0.0268	0.979	1.0	0.9995901155158834
SPIN1	1210.0	0.03	0.08	0.328	0.743	1.0	0.9995901155158834
SPIN2A	6.05	-0.33	2.3	-0.144	0.886	1.0	0.9995901155158834
SPIN2B	185.0	0.02	0.12	0.137	0.891	1.0	0.9995901155158834
SPIN3	98.3	0.08	0.13	0.614	0.54	1.0	0.9995901155158834
SPIN4	2110.0	0.01	0.1	0.0939	0.925	1.0	0.9995901155158834
SPINDOC	200.0	-0.21	0.1	-2.04	0.0409	1.0	0.9995901155158834
SPINK5	106.0	0.13	0.17	0.773	0.44	1.0	0.9995901155158834
SPINT1	49.6	-0.31	0.21	-1.45	0.146	1.0	0.9995901155158834
SPINT2	234.0	0.12	0.1	1.14	0.255	1.0	0.9995901155158834
SPIRE1	637.0	0.06	0.09	0.643	0.52	1.0	0.9995901155158834
SPIRE2	8.06	0.09	0.45	0.21	0.833	1.0	0.9995901155158834
SPN	11.2	0.79	0.32	2.5	0.0126	1.0	0.9995901155158834
SPNS1	150.0	-0.11	0.17	-0.661	0.509	1.0	0.9995901155158834
SPNS2	204.0	0.09	0.13	0.675	0.5	1.0	0.9995901155158834
SPOCD1	39.4	0.12	0.27	0.427	0.669	1.0	0.9995901155158834
SPOCK1	18.4	0.28	0.34	0.838	0.402	1.0	0.9995901155158834
SPOCK2	3.72	0.02	0.64	0.0286	0.977	1.0	0.9995901155158834
SPOCK3	272.0	0.04	0.09	0.43	0.667	1.0	0.9995901155158834
SPON1	1040.0	0.07	0.07	1.1	0.272	1.0	0.9995901155158834
SPOP	321.0	0.01	0.11	0.0827	0.934	1.0	0.9995901155158834
SPOPL	250.0	0.16	0.13	1.19	0.236	1.0	0.9995901155158834
SPOUT1	324.0	0.06	0.12	0.492	0.623	1.0	0.9995901155158834
SPP1	10.1	0.25	0.42	0.606	0.544	1.0	0.9995901155158834
SPPL2A	655.0	0.06	0.11	0.594	0.552	1.0	0.9995901155158834
SPPL2B	58.4	0.19	0.19	1.0	0.317	1.0	0.9995901155158834
SPPL3	396.0	0.07	0.11	0.628	0.53	1.0	0.9995901155158834
SPR	125.0	0.12	0.13	0.948	0.343	1.0	0.9995901155158834
SPRED1	670.0	0.05	0.11	0.492	0.623	1.0	0.9995901155158834
SPRED2	301.0	-0.05	0.1	-0.516	0.606	1.0	0.9995901155158834
SPRED3	48.0	0.09	0.18	0.507	0.612	1.0	0.9995901155158834
SPRING1	606.0	0.06	0.08	0.757	0.449	1.0	0.9995901155158834
SPRTN	159.0	0.01	0.11	0.0763	0.939	1.0	0.9995901155158834
SPRY1	38.4	-0.18	0.21	-0.855	0.392	1.0	0.9995901155158834
SPRY2	246.0	0.01	0.12	0.0803	0.936	1.0	0.9995901155158834
SPRY3	44.7	0.11	0.2	0.546	0.585	1.0	0.9995901155158834
SPRY4	693.0	-0.07	0.11	-0.657	0.511	1.0	0.9995901155158834
SPRYD3	296.0	0.03	0.13	0.208	0.835	1.0	0.9995901155158834
SPRYD4	70.2	0.18	0.16	1.09	0.277	1.0	0.9995901155158834
SPRYD7	153.0	-0.09	0.14	-0.651	0.515	1.0	0.9995901155158834
SPSB1	25.8	0.67	0.25	2.64	0.00839	1.0	0.9995901155158834
SPSB2	11.6	0.47	0.43	1.08	0.281	1.0	0.9995901155158834
SPSB3	63.0	0.03	0.26	0.119	0.905	1.0	0.9995901155158834
SPSB4	6.25	-0.01	0.56	-0.0196	0.984	1.0	0.9995901155158834
SPTA1	6.51	0.18	0.57	0.317	0.751	1.0	0.9995901155158834
SPTAN1	6620.0	-0.12	0.13	-0.967	0.334	1.0	0.9995901155158834
SPTB	0.476	-0.43	1.81	-0.237	0.812	1.0	0.9995901155158834
SPTBN1	12000.0	-0.07	0.13	-0.541	0.589	1.0	0.9995901155158834
SPTBN2	84.4	-0.04	0.16	-0.242	0.809	1.0	0.9995901155158834
SPTBN4	1.83	0.79	1.27	0.62	0.535	1.0	0.9995901155158834
SPTBN5	228.0	0.11	0.17	0.657	0.511	1.0	0.9995901155158834
SPTLC1	1350.0	-0.02	0.08	-0.289	0.772	1.0	0.9995901155158834
SPTLC2	1260.0	0.05	0.08	0.616	0.538	1.0	0.9995901155158834
SPTLC3	1.6	-2.12	1.15	-1.84	0.0657	1.0	0.9995901155158834
SPTSSA	314.0	-0.09	0.11	-0.843	0.399	1.0	0.9995901155158834
SPTY2D1	374.0	-0.0	0.12	-0.024	0.981	1.0	0.9995901155158834
SPTY2D1OS	0.516	0.74	1.43	0.517	0.605	1.0	0.9995901155158834
SQLE	1170.0	-0.05	0.09	-0.508	0.611	1.0	0.9995901155158834
SQOR	8.56	0.37	0.49	0.75	0.453	1.0	0.9995901155158834
SQSTM1	2270.0	-0.02	0.08	-0.234	0.815	1.0	0.9995901155158834
SRA1	80.4	-0.14	0.17	-0.803	0.422	1.0	0.9995901155158834
SRARP	4.44	0.37	0.62	0.605	0.545	1.0	0.9995901155158834
SRBD1	210.0	0.05	0.13	0.39	0.697	1.0	0.9995901155158834
SRC	429.0	-0.01	0.09	-0.09	0.928	1.0	0.9995901155158834
SRCAP	771.0	-0.05	0.14	-0.335	0.738	1.0	0.9995901155158834
SRD5A1	219.0	0.07	0.12	0.57	0.569	1.0	0.9995901155158834
SRD5A2	0.665	1.83	1.62	1.13	0.26	1.0	0.9995901155158834
SRD5A3	249.0	0.01	0.1	0.0935	0.925	1.0	0.9995901155158834
SREBF1	101.0	0.18	0.17	1.05	0.295	1.0	0.9995901155158834
SREBF2	751.0	-0.03	0.1	-0.328	0.743	1.0	0.9995901155158834
SREK1	1770.0	0.08	0.13	0.606	0.544	1.0	0.9995901155158834
SREK1IP1	273.0	0.02	0.11	0.213	0.831	1.0	0.9995901155158834
SRF	581.0	0.1	0.16	0.642	0.521	1.0	0.9995901155158834
SRFBP1	134.0	0.08	0.14	0.59	0.555	1.0	0.9995901155158834
SRGAP1	312.0	0.03	0.12	0.269	0.788	1.0	0.9995901155158834
SRGAP2	762.0	-0.13	0.11	-1.14	0.253	1.0	0.9995901155158834
SRGAP2B	555.0	0.09	0.09	0.957	0.339	1.0	0.9995901155158834
SRGAP2C	421.0	-0.11	0.11	-0.917	0.359	1.0	0.9995901155158834
SRGAP3	1.76	0.24	1.07	0.226	0.822	1.0	0.9995901155158834
SRGN	13.9	0.19	0.37	0.528	0.597	1.0	0.9995901155158834
SRI	444.0	-0.06	0.09	-0.603	0.547	1.0	0.9995901155158834
SRL	0.672	-0.5	1.73	-0.288	0.773	1.0	0.9995901155158834
SRM	149.0	-0.12	0.17	-0.692	0.489	1.0	0.9995901155158834
SRP14	2110.0	-0.06	0.1	-0.586	0.558	1.0	0.9995901155158834
SRP19	644.0	0.06	0.09	0.69	0.49	1.0	0.9995901155158834
SRP54	1390.0	-0.09	0.08	-1.08	0.278	1.0	0.9995901155158834
SRP68	766.0	-0.05	0.09	-0.564	0.573	1.0	0.9995901155158834
SRP72	1460.0	0.01	0.07	0.115	0.908	1.0	0.9995901155158834
SRP9	3320.0	0.05	0.11	0.469	0.639	1.0	0.9995901155158834
SRPK1	618.0	0.07	0.07	0.96	0.337	1.0	0.9995901155158834
SRPK2	832.0	-0.02	0.07	-0.28	0.779	1.0	0.9995901155158834
SRPK3	0.426	-1.57	2.18	-0.719	0.472	1.0	0.9995901155158834
SRPRA	521.0	-0.06	0.09	-0.629	0.529	1.0	0.9995901155158834
SRPRB	652.0	-0.03	0.08	-0.338	0.735	1.0	0.9995901155158834
SRPX	203.0	-0.14	0.12	-1.13	0.26	1.0	0.9995901155158834
SRPX2	119.0	-0.01	0.12	-0.104	0.917	1.0	0.9995901155158834
SRR	59.1	-0.16	0.2	-0.8	0.424	1.0	0.9995901155158834
SRRD	160.0	-0.23	0.09	-2.5	0.0124	1.0	0.9995901155158834
SRRM1	1040.0	0.04	0.08	0.493	0.622	1.0	0.9995901155158834
SRRM2	1220.0	0.09	0.14	0.607	0.544	1.0	0.9995901155158834
SRRM3	4.52	0.42	0.58	0.727	0.467	1.0	0.9995901155158834
SRRM4	6.19	-0.57	0.53	-1.08	0.279	1.0	0.9995901155158834
SRRM5	5.66	0.27	0.65	0.414	0.679	1.0	0.9995901155158834
SRRT	1630.0	-0.06	0.11	-0.572	0.568	1.0	0.9995901155158834
SRSF1	5720.0	0.12	0.12	0.991	0.322	1.0	0.9995901155158834
SRSF10	1710.0	-0.05	0.06	-0.923	0.356	1.0	0.9995901155158834
SRSF11	1890.0	-0.01	0.09	-0.133	0.894	1.0	0.9995901155158834
SRSF12	73.6	-0.13	0.15	-0.849	0.396	1.0	0.9995901155158834
SRSF2	1470.0	0.05	0.11	0.483	0.629	1.0	0.9995901155158834
SRSF3	4720.0	0.01	0.07	0.0941	0.925	1.0	0.9995901155158834
SRSF4	1640.0	-0.05	0.12	-0.466	0.642	1.0	0.9995901155158834
SRSF5	1350.0	0.05	0.13	0.388	0.698	1.0	0.9995901155158834
SRSF6	658.0	-0.0	0.07	-0.0321	0.974	1.0	0.9995901155158834
SRSF7	1530.0	-0.03	0.12	-0.21	0.834	1.0	0.9995901155158834
SRSF8	704.0	0.11	0.1	1.11	0.268	1.0	0.9995901155158834
SRSF9	2330.0	-0.01	0.07	-0.122	0.903	1.0	0.9995901155158834
SRXN1	145.0	0.08	0.15	0.567	0.57	1.0	0.9995901155158834
SS18	1350.0	0.03	0.08	0.339	0.735	1.0	0.9995901155158834
SS18L1	97.5	0.19	0.13	1.45	0.148	1.0	0.9995901155158834
SS18L2	89.5	-0.06	0.14	-0.406	0.685	1.0	0.9995901155158834
SSB	4720.0	0.01	0.08	0.142	0.887	1.0	0.9995901155158834
SSBP1	789.0	-0.04	0.09	-0.469	0.639	1.0	0.9995901155158834
SSBP2	337.0	0.02	0.09	0.183	0.855	1.0	0.9995901155158834
SSBP3	403.0	0.0	0.08	0.039	0.969	1.0	0.9995901155158834
SSBP4	65.2	-0.33	0.22	-1.52	0.13	1.0	0.9995901155158834
SSC4D	2.61	-0.35	0.73	-0.476	0.634	1.0	0.9995901155158834
SSC5D	3.5	-0.54	0.64	-0.837	0.403	1.0	0.9995901155158834
SSH1	1100.0	0.15	0.09	1.57	0.116	1.0	0.9995901155158834
SSH2	907.0	-0.05	0.1	-0.494	0.621	1.0	0.9995901155158834
SSH3	13.2	-0.15	0.37	-0.403	0.687	1.0	0.9995901155158834
SSNA1	106.0	-0.03	0.13	-0.254	0.8	1.0	0.9995901155158834
SSPN	25.0	0.15	0.25	0.631	0.528	1.0	0.9995901155158834
SSR1	1040.0	0.07	0.08	0.854	0.393	1.0	0.9995901155158834
SSR2	384.0	-0.1	0.14	-0.676	0.499	1.0	0.9995901155158834
SSR3	1480.0	0.1	0.1	0.971	0.332	1.0	0.9995901155158834
SSR4	45.8	-0.08	0.22	-0.377	0.706	1.0	0.9995901155158834
SSRP1	2120.0	-0.04	0.08	-0.502	0.615	1.0	0.9995901155158834
SSTR1	340.0	-0.13	0.13	-1.03	0.305	1.0	0.9995901155158834
SSTR2	10.9	0.08	0.43	0.178	0.859	1.0	0.9995901155158834
SSU72	747.0	0.03	0.08	0.403	0.687	1.0	0.9995901155158834
SSX2	0.759	-2.45	1.76	-1.39	0.163	1.0	0.9995901155158834
SSX2IP	143.0	-0.14	0.14	-0.999	0.318	1.0	0.9995901155158834
SSX5	3.77	-0.94	0.57	-1.65	0.0991	1.0	0.9995901155158834
ST13	3340.0	0.0	0.08	0.0611	0.951	1.0	0.9995901155158834
ST14	0.516	1.18	1.61	0.732	0.464	1.0	0.9995901155158834
ST18	0.466	1.07	1.67	0.638	0.524	1.0	0.9995901155158834
ST20-MTHFS	0.0917	-0.58	3.06	-0.188	0.851	1.0	0.9995901155158834
ST3GAL1	337.0	0.06	0.11	0.519	0.604	1.0	0.9995901155158834
ST3GAL2	475.0	0.11	0.1	1.14	0.253	1.0	0.9995901155158834
ST3GAL3	45.6	0.17	0.18	0.956	0.339	1.0	0.9995901155158834
ST3GAL4	80.6	-0.17	0.17	-0.975	0.329	1.0	0.9995901155158834
ST3GAL5	66.9	0.01	0.16	0.0655	0.948	1.0	0.9995901155158834
ST3GAL6	144.0	0.11	0.17	0.636	0.524	1.0	0.9995901155158834
ST6GAL1	494.0	-0.06	0.11	-0.534	0.593	1.0	0.9995901155158834
ST6GAL2	17.2	0.29	0.29	0.987	0.324	1.0	0.9995901155158834
ST6GALNAC1	6.64	-0.11	0.5	-0.225	0.822	1.0	0.9995901155158834
ST6GALNAC2	11.9	-0.09	0.37	-0.236	0.814	1.0	0.9995901155158834
ST6GALNAC3	367.0	-0.02	0.13	-0.144	0.885	1.0	0.9995901155158834
ST6GALNAC4	82.5	-0.1	0.21	-0.486	0.627	1.0	0.9995901155158834
ST6GALNAC5	3.3	-0.16	0.67	-0.242	0.809	1.0	0.9995901155158834
ST6GALNAC6	314.0	-0.12	0.11	-1.14	0.253	1.0	0.9995901155158834
ST7	109.0	-0.07	0.15	-0.421	0.674	1.0	0.9995901155158834
ST7L	43.6	-0.12	0.19	-0.624	0.532	1.0	0.9995901155158834
ST8SIA1	5.02	-0.1	0.61	-0.156	0.876	1.0	0.9995901155158834
ST8SIA2	41.5	0.02	0.23	0.0862	0.931	1.0	0.9995901155158834
ST8SIA3	30.3	0.15	0.22	0.706	0.48	1.0	0.9995901155158834
ST8SIA4	331.0	0.03	0.1	0.313	0.754	1.0	0.9995901155158834
ST8SIA5	6.15	0.6	0.56	1.07	0.284	1.0	0.9995901155158834
ST8SIA6	46.0	0.05	0.19	0.253	0.801	1.0	0.9995901155158834
STAB1	1500.0	0.01	0.1	0.143	0.886	1.0	0.9995901155158834
STAB2	5.78	-0.48	0.51	-0.944	0.345	1.0	0.9995901155158834
STAC	14.9	0.0	0.4	0.00151	0.999	1.0	0.9995901155158834
STAC2	1.02	2.95	1.29	2.3	0.0217	1.0	0.9995901155158834
STAC3	2.66	0.39	0.76	0.519	0.604	1.0	0.9995901155158834
STAG1	810.0	-0.08	0.09	-0.907	0.364	1.0	0.9995901155158834
STAG2	1310.0	-0.05	0.08	-0.577	0.564	1.0	0.9995901155158834
STAG3	39.7	-0.06	0.2	-0.299	0.765	1.0	0.9995901155158834
STAM	158.0	0.06	0.13	0.439	0.66	1.0	0.9995901155158834
STAM2	299.0	0.07	0.1	0.716	0.474	1.0	0.9995901155158834
STAMBP	310.0	-0.11	0.09	-1.21	0.226	1.0	0.9995901155158834
STAMBPL1	1.05	-0.11	1.33	-0.079	0.937	1.0	0.9995901155158834
STAP2	24.5	-0.79	0.24	-3.31	0.000919	1.0	0.9995901155158834
STAR	4.03	0.41	0.67	0.618	0.537	1.0	0.9995901155158834
STARD10	33.3	-0.03	0.26	-0.115	0.909	1.0	0.9995901155158834
STARD13	264.0	0.07	0.09	0.724	0.469	1.0	0.9995901155158834
STARD3	156.0	-0.12	0.13	-0.96	0.337	1.0	0.9995901155158834
STARD3NL	891.0	0.05	0.12	0.46	0.645	1.0	0.9995901155158834
STARD4	891.0	0.01	0.13	0.0703	0.944	1.0	0.9995901155158834
STARD5	5.78	-0.77	0.7	-1.09	0.277	1.0	0.9995901155158834
STARD6	1.07	-0.92	1.38	-0.664	0.507	1.0	0.9995901155158834
STARD7	1430.0	0.1	0.07	1.4	0.16	1.0	0.9995901155158834
STARD8	251.0	0.04	0.11	0.374	0.709	1.0	0.9995901155158834
STARD9	64.7	0.22	0.17	1.31	0.191	1.0	0.9995901155158834
STAT1	668.0	-0.01	0.1	-0.0957	0.924	1.0	0.9995901155158834
STAT2	179.0	0.06	0.11	0.522	0.601	1.0	0.9995901155158834
STAT3	1100.0	0.01	0.07	0.114	0.909	1.0	0.9995901155158834
STAT4	1.03	-0.18	1.41	-0.131	0.896	1.0	0.9995901155158834
STAT5A	228.0	-0.08	0.12	-0.719	0.472	1.0	0.9995901155158834
STAT5B	425.0	0.05	0.1	0.548	0.584	1.0	0.9995901155158834
STAT6	364.0	-0.02	0.1	-0.173	0.863	1.0	0.9995901155158834
STAU1	936.0	-0.0	0.06	-0.0308	0.975	1.0	0.9995901155158834
STAU2	760.0	-0.01	0.09	-0.0938	0.925	1.0	0.9995901155158834
STBD1	80.9	0.09	0.18	0.495	0.62	1.0	0.9995901155158834
STC1	1110.0	-0.0	0.11	-0.000558	1.0	1.0	1.0
STC2	2.4	0.18	1.12	0.163	0.871	1.0	0.9995901155158834
STEAP1	228.0	0.04	0.11	0.345	0.73	1.0	0.9995901155158834
STEAP1B	110.0	0.01	0.17	0.0321	0.974	1.0	0.9995901155158834
STEAP2	20.9	0.21	0.28	0.759	0.448	1.0	0.9995901155158834
STEAP3	7.83	-0.31	0.39	-0.797	0.425	1.0	0.9995901155158834
STEAP4	2.95	0.11	0.68	0.167	0.867	1.0	0.9995901155158834
STEEP1	222.0	0.01	0.11	0.117	0.907	1.0	0.9995901155158834
STIL	85.0	0.04	0.12	0.337	0.736	1.0	0.9995901155158834
STIM1	436.0	0.01	0.1	0.0574	0.954	1.0	0.9995901155158834
STIM2	406.0	-0.02	0.07	-0.249	0.803	1.0	0.9995901155158834
STIMATE	390.0	0.01	0.09	0.0528	0.958	1.0	0.9995901155158834
STING1	82.8	0.08	0.19	0.393	0.694	1.0	0.9995901155158834
STIP1	1430.0	-0.11	0.08	-1.31	0.192	1.0	0.9995901155158834
STK10	976.0	-0.11	0.1	-1.08	0.28	1.0	0.9995901155158834
STK11	690.0	-0.0	0.1	-0.00665	0.995	1.0	0.9995901155158834
STK11IP	33.2	-0.17	0.19	-0.91	0.363	1.0	0.9995901155158834
STK16	51.8	-0.15	0.19	-0.754	0.451	1.0	0.9995901155158834
STK17A	96.6	0.01	0.13	0.109	0.913	1.0	0.9995901155158834
STK17B	266.0	-0.04	0.14	-0.285	0.776	1.0	0.9995901155158834
STK19	167.0	-0.0	0.11	-0.0276	0.978	1.0	0.9995901155158834
STK24	637.0	0.03	0.08	0.367	0.714	1.0	0.9995901155158834
STK25	528.0	0.06	0.08	0.658	0.51	1.0	0.9995901155158834
STK26	123.0	-0.12	0.15	-0.806	0.42	1.0	0.9995901155158834
STK3	187.0	0.08	0.1	0.768	0.443	1.0	0.9995901155158834
STK32A	0.74	-0.62	1.43	-0.435	0.664	1.0	0.9995901155158834
STK32B	8.92	-0.49	0.55	-0.885	0.376	1.0	0.9995901155158834
STK32C	46.8	-0.11	0.28	-0.39	0.696	1.0	0.9995901155158834
STK33	35.2	-0.15	0.21	-0.7	0.484	1.0	0.9995901155158834
STK35	308.0	0.03	0.11	0.235	0.814	1.0	0.9995901155158834
STK36	124.0	0.25	0.13	1.96	0.05	1.0	0.9995901155158834
STK38	740.0	0.02	0.09	0.243	0.808	1.0	0.9995901155158834
STK38L	342.0	0.03	0.12	0.276	0.782	1.0	0.9995901155158834
STK39	303.0	0.02	0.1	0.183	0.855	1.0	0.9995901155158834
STK4	337.0	0.01	0.09	0.1	0.92	1.0	0.9995901155158834
STK40	354.0	-0.01	0.1	-0.147	0.883	1.0	0.9995901155158834
STKLD1	2.18	-0.91	0.79	-1.15	0.249	1.0	0.9995901155158834
STMN1	3350.0	0.03	0.12	0.25	0.802	1.0	0.9995901155158834
STMN2	9.88	-0.96	0.39	-2.49	0.0129	1.0	0.9995901155158834
STMN3	299.0	-0.06	0.11	-0.587	0.557	1.0	0.9995901155158834
STMP1	223.0	0.04	0.14	0.273	0.785	1.0	0.9995901155158834
STN1	176.0	-0.08	0.11	-0.788	0.431	1.0	0.9995901155158834
STOM	260.0	0.09	0.14	0.614	0.539	1.0	0.9995901155158834
STOML1	56.0	-0.14	0.19	-0.719	0.472	1.0	0.9995901155158834
STOML2	325.0	-0.04	0.08	-0.458	0.647	1.0	0.9995901155158834
STON1	115.0	-0.32	0.13	-2.48	0.0133	1.0	0.9995901155158834
STON1-GTF2A1L	5.25	0.9	1.47	0.612	0.54	1.0	0.9995901155158834
STON2	259.0	0.15	0.12	1.26	0.209	1.0	0.9995901155158834
STOX1	9.53	-0.46	0.42	-1.1	0.272	1.0	0.9995901155158834
STOX2	36.2	0.07	0.19	0.342	0.732	1.0	0.9995901155158834
STPG1	25.4	-0.03	0.24	-0.118	0.906	1.0	0.9995901155158834
STRA6	1.01	-2.1	1.45	-1.45	0.147	1.0	0.9995901155158834
STRADA	150.0	-0.16	0.12	-1.33	0.184	1.0	0.9995901155158834
STRADB	103.0	0.08	0.16	0.49	0.624	1.0	0.9995901155158834
STRAP	1730.0	0.04	0.07	0.589	0.556	1.0	0.9995901155158834
STRBP	216.0	0.01	0.13	0.0467	0.963	1.0	0.9995901155158834
STRC	0.598	2.08	1.54	1.35	0.178	1.0	0.9995901155158834
STRIP1	289.0	-0.01	0.1	-0.0955	0.924	1.0	0.9995901155158834
STRIP2	43.8	0.25	0.24	1.01	0.312	1.0	0.9995901155158834
STRN	696.0	0.02	0.09	0.181	0.856	1.0	0.9995901155158834
STRN3	548.0	0.08	0.08	0.98	0.327	1.0	0.9995901155158834
STRN4	1130.0	-0.08	0.07	-1.23	0.219	1.0	0.9995901155158834
STS	157.0	0.13	0.13	1.01	0.315	1.0	0.9995901155158834
STT3A	1730.0	-0.02	0.07	-0.338	0.736	1.0	0.9995901155158834
STT3B	2260.0	0.08	0.11	0.788	0.431	1.0	0.9995901155158834
STUB1	439.0	-0.08	0.09	-0.866	0.386	1.0	0.9995901155158834
STUM	2.02	0.69	0.95	0.729	0.466	1.0	0.9995901155158834
STX10	252.0	-0.03	0.09	-0.269	0.788	1.0	0.9995901155158834
STX11	14.4	0.52	0.31	1.69	0.0907	1.0	0.9995901155158834
STX12	755.0	-0.05	0.09	-0.627	0.53	1.0	0.9995901155158834
STX16	612.0	0.2	0.1	1.92	0.055	1.0	0.9995901155158834
STX17	188.0	-0.24	0.1	-2.41	0.0161	1.0	0.9995901155158834
STX18	216.0	-0.01	0.1	-0.101	0.92	1.0	0.9995901155158834
STX1A	19.4	0.14	0.26	0.523	0.601	1.0	0.9995901155158834
STX1B	8.23	0.46	0.43	1.07	0.286	1.0	0.9995901155158834
STX2	285.0	0.0	0.12	0.0109	0.991	1.0	0.9995901155158834
STX3	1640.0	-0.06	0.07	-0.805	0.421	1.0	0.9995901155158834
STX4	314.0	-0.15	0.1	-1.5	0.132	1.0	0.9995901155158834
STX5	73.3	-0.24	0.19	-1.26	0.209	1.0	0.9995901155158834
STX6	743.0	-0.02	0.09	-0.175	0.861	1.0	0.9995901155158834
STX7	979.0	-0.06	0.13	-0.431	0.667	1.0	0.9995901155158834
STX8	78.1	-0.17	0.15	-1.09	0.277	1.0	0.9995901155158834
STXBP1	286.0	-0.17	0.1	-1.77	0.077	1.0	0.9995901155158834
STXBP2	116.0	-0.01	0.15	-0.0361	0.971	1.0	0.9995901155158834
STXBP3	388.0	-0.01	0.1	-0.0498	0.96	1.0	0.9995901155158834
STXBP4	72.0	0.37	0.16	2.26	0.0239	1.0	0.9995901155158834
STXBP5	233.0	-0.07	0.13	-0.562	0.574	1.0	0.9995901155158834
STXBP5L	13.5	0.31	0.41	0.751	0.453	1.0	0.9995901155158834
STXBP6	7.8	0.49	0.52	0.94	0.347	1.0	0.9995901155158834
STYK1	5.06	-1.03	0.54	-1.91	0.0557	1.0	0.9995901155158834
STYX	297.0	0.21	0.12	1.8	0.0714	1.0	0.9995901155158834
STYXL1	53.1	-0.22	0.17	-1.3	0.192	1.0	0.9995901155158834
STYXL2	1.08	0.71	1.18	0.596	0.551	1.0	0.9995901155158834
SUB1	1780.0	-0.0	0.07	-0.0494	0.961	1.0	0.9995901155158834
SUCLA2	474.0	-0.07	0.09	-0.821	0.412	1.0	0.9995901155158834
SUCLG1	397.0	0.11	0.08	1.43	0.153	1.0	0.9995901155158834
SUCLG2	255.0	-0.01	0.11	-0.127	0.899	1.0	0.9995901155158834
SUCNR1	1.73	0.7	1.16	0.607	0.544	1.0	0.9995901155158834
SUCO	945.0	0.1	0.08	1.13	0.259	1.0	0.9995901155158834
SUDS3	581.0	0.08	0.08	0.932	0.351	1.0	0.9995901155158834
SUFU	312.0	0.09	0.09	1.01	0.314	1.0	0.9995901155158834
SUGCT	4.55	-0.42	0.58	-0.717	0.473	1.0	0.9995901155158834
SUGP1	215.0	-0.13	0.1	-1.26	0.209	1.0	0.9995901155158834
SUGP2	349.0	0.16	0.09	1.83	0.0668	1.0	0.9995901155158834
SUGT1	1110.0	0.05	0.06	0.742	0.458	1.0	0.9995901155158834
SULF1	291.0	0.04	0.12	0.311	0.755	1.0	0.9995901155158834
SULF2	476.0	-0.08	0.1	-0.786	0.432	1.0	0.9995901155158834
SULT1A1	6.67	-1.56	0.67	-2.33	0.0196	1.0	0.9995901155158834
SULT1A2	4.72	-1.01	0.72	-1.4	0.161	1.0	0.9995901155158834
SULT1A3	45.1	-0.02	0.19	-0.0882	0.93	1.0	0.9995901155158834
SULT1B1	140.0	0.36	0.21	1.67	0.0941	1.0	0.9995901155158834
SULT1C2	3.45	0.63	0.62	1.02	0.307	1.0	0.9995901155158834
SULT1C4	118.0	-0.1	0.14	-0.704	0.481	1.0	0.9995901155158834
SULT2A1	0.988	-1.0	1.28	-0.778	0.437	1.0	0.9995901155158834
SULT4A1	26.4	0.15	0.27	0.562	0.574	1.0	0.9995901155158834
SUMF1	364.0	0.08	0.09	0.913	0.361	1.0	0.9995901155158834
SUMF2	644.0	0.02	0.09	0.175	0.861	1.0	0.9995901155158834
SUMO1	1260.0	0.0	0.06	0.00875	0.993	1.0	0.9995901155158834
SUMO2	1180.0	0.01	0.06	0.0924	0.926	1.0	0.9995901155158834
SUMO3	360.0	0.01	0.08	0.0944	0.925	1.0	0.9995901155158834
SUN1	1450.0	-0.02	0.07	-0.33	0.741	1.0	0.9995901155158834
SUN2	244.0	-0.11	0.11	-0.982	0.326	1.0	0.9995901155158834
SUOX	83.6	0.01	0.16	0.0679	0.946	1.0	0.9995901155158834
SUPT16H	2660.0	-0.04	0.07	-0.582	0.56	1.0	0.9995901155158834
SUPT20H	222.0	0.05	0.09	0.565	0.572	1.0	0.9995901155158834
SUPT20HL1	0.459	-2.19	1.91	-1.14	0.253	1.0	0.9995901155158834
SUPT20HL2	0.879	0.62	1.42	0.433	0.665	1.0	0.9995901155158834
SUPT3H	56.6	-0.15	0.15	-0.991	0.322	1.0	0.9995901155158834
SUPT4H1	268.0	0.04	0.11	0.393	0.694	1.0	0.9995901155158834
SUPT5H	1560.0	-0.01	0.1	-0.0908	0.928	1.0	0.9995901155158834
SUPT6H	1840.0	-0.03	0.1	-0.339	0.734	1.0	0.9995901155158834
SUPT7L	182.0	0.12	0.11	1.1	0.272	1.0	0.9995901155158834
SUPV3L1	153.0	-0.06	0.11	-0.574	0.566	1.0	0.9995901155158834
SURF1	22.1	-0.1	0.25	-0.407	0.684	1.0	0.9995901155158834
SURF2	52.3	-0.16	0.21	-0.741	0.459	1.0	0.9995901155158834
SURF4	1430.0	0.01	0.09	0.0644	0.949	1.0	0.9995901155158834
SURF6	677.0	-0.01	0.09	-0.0881	0.93	1.0	0.9995901155158834
SUSD1	418.0	-0.09	0.09	-0.922	0.357	1.0	0.9995901155158834
SUSD4	109.0	0.0	0.16	0.0228	0.982	1.0	0.9995901155158834
SUSD5	285.0	0.12	0.1	1.22	0.221	1.0	0.9995901155158834
SUSD6	325.0	0.06	0.1	0.573	0.566	1.0	0.9995901155158834
SUV39H1	74.4	-0.02	0.13	-0.186	0.852	1.0	0.9995901155158834
SUV39H2	124.0	0.01	0.13	0.0392	0.969	1.0	0.9995901155158834
SUZ12	362.0	0.03	0.09	0.352	0.725	1.0	0.9995901155158834
SV2A	99.0	-0.27	0.17	-1.57	0.117	1.0	0.9995901155158834
SV2B	1.14	0.91	1.18	0.772	0.44	1.0	0.9995901155158834
SV2C	11.3	0.7	0.45	1.57	0.116	1.0	0.9995901155158834
SVBP	49.6	-0.21	0.18	-1.16	0.247	1.0	0.9995901155158834
SVEP1	7.8	-0.12	0.43	-0.278	0.781	1.0	0.9995901155158834
SVIL	1850.0	-0.03	0.08	-0.346	0.73	1.0	0.9995901155158834
SVIP	106.0	-0.13	0.16	-0.76	0.447	1.0	0.9995901155158834
SVOP	3.94	1.21	0.66	1.83	0.0669	1.0	0.9995901155158834
SVOPL	2.61	-0.17	0.71	-0.245	0.806	1.0	0.9995901155158834
SWAP70	939.0	-0.02	0.08	-0.262	0.793	1.0	0.9995901155158834
SWI5	28.5	-0.01	0.27	-0.0416	0.967	1.0	0.9995901155158834
SWSAP1	8.58	0.43	0.42	1.03	0.304	1.0	0.9995901155158834
SWT1	63.3	-0.17	0.16	-1.06	0.287	1.0	0.9995901155158834
SYAP1	533.0	0.08	0.08	0.994	0.32	1.0	0.9995901155158834
SYBU	1.72	-2.04	1.18	-1.73	0.0836	1.0	0.9995901155158834
SYCE1L	3.45	0.32	0.77	0.421	0.674	1.0	0.9995901155158834
SYCE2	1.65	-0.59	0.88	-0.668	0.504	1.0	0.9995901155158834
SYCP2	2.33	0.17	0.81	0.211	0.833	1.0	0.9995901155158834
SYCP2L	9.24	-0.69	0.47	-1.45	0.146	1.0	0.9995901155158834
SYCP3	0.569	-0.14	1.61	-0.0888	0.929	1.0	0.9995901155158834
SYDE1	57.9	0.5	0.2	2.52	0.0118	1.0	0.9995901155158834
SYDE2	14.7	0.12	0.37	0.322	0.748	1.0	0.9995901155158834
SYF2	765.0	-0.07	0.1	-0.679	0.497	1.0	0.9995901155158834
SYK	31.1	0.22	0.21	1.05	0.295	1.0	0.9995901155158834
SYMPK	241.0	-0.02	0.13	-0.158	0.874	1.0	0.9995901155158834
SYN1	2.34	-0.21	0.72	-0.294	0.769	1.0	0.9995901155158834
SYN2	17.7	-0.02	0.33	-0.0546	0.956	1.0	0.9995901155158834
SYN3	17.6	0.22	0.29	0.752	0.452	1.0	0.9995901155158834
SYNC	193.0	-0.06	0.34	-0.184	0.854	1.0	0.9995901155158834
SYNCRIP	3420.0	-0.01	0.08	-0.144	0.886	1.0	0.9995901155158834
SYNDIG1	4.48	0.92	0.69	1.34	0.179	1.0	0.9995901155158834
SYNE1	402.0	-0.05	0.12	-0.475	0.635	1.0	0.9995901155158834
SYNE2	518.0	0.02	0.22	0.108	0.914	1.0	0.9995901155158834
SYNE3	71.8	0.08	0.33	0.244	0.807	1.0	0.9995901155158834
SYNGAP1	62.5	-0.02	0.16	-0.115	0.908	1.0	0.9995901155158834
SYNGR1	16.9	0.11	0.31	0.353	0.724	1.0	0.9995901155158834
SYNGR2	137.0	-0.04	0.12	-0.287	0.774	1.0	0.9995901155158834
SYNGR3	0.57	0.09	1.51	0.062	0.951	1.0	0.9995901155158834
SYNJ1	240.0	0.18	0.14	1.36	0.174	1.0	0.9995901155158834
SYNJ2	1400.0	0.12	0.1	1.22	0.221	1.0	0.9995901155158834
SYNJ2BP	758.0	0.11	0.07	1.47	0.142	1.0	0.9995901155158834
SYNJ2BP-COX16	0.584	1.55	2.02	0.765	0.444	1.0	0.9995901155158834
SYNM	896.0	-0.01	0.14	-0.0444	0.965	1.0	0.9995901155158834
SYNPO	1450.0	-0.02	0.14	-0.152	0.879	1.0	0.9995901155158834
SYNPO2	3.35	0.35	0.61	0.574	0.566	1.0	0.9995901155158834
SYNPO2L	2.58	0.01	0.8	0.016	0.987	1.0	0.9995901155158834
SYNRG	472.0	0.06	0.07	0.875	0.381	1.0	0.9995901155158834
SYP	4.21	-0.4	0.64	-0.624	0.533	1.0	0.9995901155158834
SYPL1	523.0	0.19	0.11	1.67	0.0951	1.0	0.9995901155158834
SYPL2	2.38	0.49	0.84	0.588	0.557	1.0	0.9995901155158834
SYS1	153.0	0.12	0.12	0.975	0.329	1.0	0.9995901155158834
SYT1	15.2	0.19	0.32	0.587	0.557	1.0	0.9995901155158834
SYT10	0.46	0.05	1.83	0.0268	0.979	1.0	0.9995901155158834
SYT11	70.9	0.21	0.16	1.3	0.193	1.0	0.9995901155158834
SYT13	2.44	-0.07	0.78	-0.0858	0.932	1.0	0.9995901155158834
SYT14	252.0	0.11	0.14	0.803	0.422	1.0	0.9995901155158834
SYT15	13.7	0.71	0.4	1.81	0.071	1.0	0.9995901155158834
SYT16	12.8	0.18	0.39	0.454	0.65	1.0	0.9995901155158834
SYT17	107.0	-0.13	0.13	-1.0	0.317	1.0	0.9995901155158834
SYT2	4.72	-0.02	0.68	-0.0282	0.978	1.0	0.9995901155158834
SYT3	3.56	0.19	0.69	0.274	0.784	1.0	0.9995901155158834
SYT5	1.15	-0.39	1.1	-0.355	0.723	1.0	0.9995901155158834
SYT6	2.1	-0.5	0.94	-0.535	0.593	1.0	0.9995901155158834
SYT7	3.84	0.62	0.59	1.06	0.289	1.0	0.9995901155158834
SYT9	1.91	0.2	1.01	0.196	0.845	1.0	0.9995901155158834
SYTL1	2.0	0.13	0.89	0.143	0.886	1.0	0.9995901155158834
SYTL2	45.1	-0.08	0.22	-0.388	0.698	1.0	0.9995901155158834
SYTL3	4.68	-0.43	0.6	-0.715	0.475	1.0	0.9995901155158834
SYTL4	822.0	-0.04	0.08	-0.476	0.634	1.0	0.9995901155158834
SYTL5	0.522	-1.23	1.91	-0.645	0.519	1.0	0.9995901155158834
SYVN1	69.9	0.15	0.2	0.771	0.441	1.0	0.9995901155158834
SZRD1	763.0	0.16	0.08	1.91	0.0563	1.0	0.9995901155158834
SZT2	152.0	-0.03	0.15	-0.188	0.851	1.0	0.9995901155158834
TAB1	128.0	-0.03	0.17	-0.197	0.844	1.0	0.9995901155158834
TAB2	482.0	-0.02	0.08	-0.285	0.775	1.0	0.9995901155158834
TAB3	316.0	0.1	0.09	1.1	0.272	1.0	0.9995901155158834
TAC1	5.16	-0.53	0.54	-0.99	0.322	1.0	0.9995901155158834
TAC3	0.455	-1.04	2.14	-0.487	0.626	1.0	0.9995901155158834
TACC1	2440.0	0.03	0.08	0.359	0.719	1.0	0.9995901155158834
TACC2	227.0	-0.14	0.1	-1.32	0.188	1.0	0.9995901155158834
TACC3	336.0	0.07	0.1	0.73	0.466	1.0	0.9995901155158834
TACO1	335.0	-0.07	0.1	-0.687	0.492	1.0	0.9995901155158834
TACR1	8.25	-0.19	0.48	-0.391	0.695	1.0	0.9995901155158834
TACR2	3.9	0.46	0.79	0.581	0.561	1.0	0.9995901155158834
TACSTD2	5.33	0.17	0.46	0.36	0.719	1.0	0.9995901155158834
TADA1	45.5	-0.22	0.19	-1.16	0.247	1.0	0.9995901155158834
TADA2A	159.0	-0.2	0.13	-1.56	0.119	1.0	0.9995901155158834
TADA2B	206.0	0.11	0.11	1.02	0.306	1.0	0.9995901155158834
TADA3	210.0	-0.04	0.15	-0.267	0.79	1.0	0.9995901155158834
TAF1	616.0	0.01	0.09	0.0965	0.923	1.0	0.9995901155158834
TAF10	78.5	0.01	0.16	0.0514	0.959	1.0	0.9995901155158834
TAF11	472.0	0.09	0.08	1.16	0.248	1.0	0.9995901155158834
TAF12	184.0	0.07	0.1	0.661	0.508	1.0	0.9995901155158834
TAF13	354.0	0.0	0.13	0.0332	0.974	1.0	0.9995901155158834
TAF15	1040.0	-0.07	0.15	-0.503	0.615	1.0	0.9995901155158834
TAF1A	63.5	-0.04	0.15	-0.263	0.793	1.0	0.9995901155158834
TAF1B	125.0	-0.02	0.11	-0.209	0.835	1.0	0.9995901155158834
TAF1C	289.0	0.14	0.1	1.34	0.179	1.0	0.9995901155158834
TAF1D	197.0	0.01	0.11	0.117	0.907	1.0	0.9995901155158834
TAF1L	14.3	0.38	0.33	1.14	0.256	1.0	0.9995901155158834
TAF2	544.0	-0.01	0.09	-0.149	0.881	1.0	0.9995901155158834
TAF3	323.0	0.06	0.09	0.615	0.538	1.0	0.9995901155158834
TAF4	210.0	0.06	0.13	0.48	0.631	1.0	0.9995901155158834
TAF4B	24.1	0.27	0.3	0.885	0.376	1.0	0.9995901155158834
TAF5	133.0	0.01	0.13	0.115	0.909	1.0	0.9995901155158834
TAF5L	274.0	0.0	0.09	0.0368	0.971	1.0	0.9995901155158834
TAF6	196.0	-0.15	0.12	-1.19	0.235	1.0	0.9995901155158834
TAF6L	54.8	-0.06	0.19	-0.315	0.753	1.0	0.9995901155158834
TAF7	1330.0	0.01	0.09	0.084	0.933	1.0	0.9995901155158834
TAF7L	3.98	-0.22	0.64	-0.342	0.732	1.0	0.9995901155158834
TAF8	145.0	0.19	0.12	1.57	0.117	1.0	0.9995901155158834
TAF9	142.0	-0.04	0.13	-0.327	0.743	1.0	0.9995901155158834
TAF9B	138.0	0.11	0.14	0.813	0.416	1.0	0.9995901155158834
TAFA2	18.4	0.41	0.3	1.36	0.173	1.0	0.9995901155158834
TAFA3	0.518	-1.78	1.62	-1.1	0.271	1.0	0.9995901155158834
TAFA4	1.68	-1.65	0.95	-1.74	0.0827	1.0	0.9995901155158834
TAFA5	13.9	-0.06	0.33	-0.174	0.862	1.0	0.9995901155158834
TAFAZZIN	41.4	0.03	0.2	0.142	0.887	1.0	0.9995901155158834
TAGLN	401.0	0.12	0.17	0.688	0.492	1.0	0.9995901155158834
TAGLN2	1070.0	-0.17	0.13	-1.32	0.188	1.0	0.9995901155158834
TAL1	279.0	0.02	0.11	0.152	0.879	1.0	0.9995901155158834
TAL2	3.51	-0.17	0.71	-0.244	0.807	1.0	0.9995901155158834
TALDO1	456.0	-0.08	0.08	-0.969	0.333	1.0	0.9995901155158834
TAMALIN	73.3	0.11	0.17	0.618	0.537	1.0	0.9995901155158834
TAMM41	75.3	0.2	0.15	1.37	0.172	1.0	0.9995901155158834
TANC1	1480.0	0.1	0.08	1.23	0.217	1.0	0.9995901155158834
TANC2	393.0	-0.04	0.13	-0.288	0.773	1.0	0.9995901155158834
TANGO2	54.0	-0.02	0.18	-0.101	0.919	1.0	0.9995901155158834
TANGO6	143.0	-0.03	0.11	-0.231	0.818	1.0	0.9995901155158834
TANK	196.0	0.19	0.16	1.16	0.244	1.0	0.9995901155158834
TAOK1	1550.0	0.12	0.12	1.05	0.295	1.0	0.9995901155158834
TAOK2	1200.0	0.01	0.09	0.136	0.892	1.0	0.9995901155158834
TAOK3	197.0	0.05	0.11	0.452	0.652	1.0	0.9995901155158834
TAP1	21.3	0.2	0.29	0.699	0.485	1.0	0.9995901155158834
TAP2	146.0	0.02	0.15	0.164	0.87	1.0	0.9995901155158834
TAPBP	336.0	0.2	0.09	2.21	0.027	1.0	0.9995901155158834
TAPBPL	9.13	-0.16	0.41	-0.393	0.695	1.0	0.9995901155158834
TAPT1	62.2	-0.04	0.17	-0.206	0.837	1.0	0.9995901155158834
TARBP1	213.0	-0.0	0.11	-0.0188	0.985	1.0	0.9995901155158834
TARBP2	90.2	0.04	0.2	0.221	0.825	1.0	0.9995901155158834
TARDBP	5050.0	0.05	0.08	0.618	0.537	1.0	0.9995901155158834
TARP	1.83	0.22	0.91	0.244	0.807	1.0	0.9995901155158834
TARS1	1810.0	0.01	0.07	0.088	0.93	1.0	0.9995901155158834
TARS2	132.0	-0.19	0.12	-1.6	0.11	1.0	0.9995901155158834
TARS3	115.0	0.19	0.15	1.27	0.204	1.0	0.9995901155158834
TAS2R10	0.537	0.88	1.52	0.58	0.562	1.0	0.9995901155158834
TAS2R14	0.893	1.83	1.46	1.25	0.21	1.0	0.9995901155158834
TAS2R19	0.662	1.3	1.37	0.95	0.342	1.0	0.9995901155158834
TAS2R20	7.15	0.5	0.54	0.924	0.355	1.0	0.9995901155158834
TAS2R30	1.25	1.37	1.27	1.07	0.283	1.0	0.9995901155158834
TAS2R31	1.52	0.62	0.95	0.652	0.514	1.0	0.9995901155158834
TAS2R4	4.29	-0.19	0.57	-0.328	0.743	1.0	0.9995901155158834
TAS2R43	0.419	1.28	2.0	0.643	0.521	1.0	0.9995901155158834
TAS2R5	0.476	1.62	1.75	0.925	0.355	1.0	0.9995901155158834
TAS2R50	0.92	-0.99	1.39	-0.707	0.479	1.0	0.9995901155158834
TASOR	712.0	0.0	0.11	0.0199	0.984	1.0	0.9995901155158834
TASOR2	354.0	-0.06	0.11	-0.514	0.607	1.0	0.9995901155158834
TASP1	101.0	0.0	0.13	0.017	0.986	1.0	0.9995901155158834
TAT	2.2	-0.42	0.95	-0.436	0.663	1.0	0.9995901155158834
TATDN1	139.0	-0.07	0.12	-0.573	0.566	1.0	0.9995901155158834
TATDN2	403.0	0.01	0.07	0.187	0.852	1.0	0.9995901155158834
TATDN3	58.6	-0.08	0.16	-0.487	0.626	1.0	0.9995901155158834
TAX1BP1	1140.0	-0.01	0.09	-0.0637	0.949	1.0	0.9995901155158834
TAX1BP3	945.0	-0.0	0.11	-0.0085	0.993	1.0	0.9995901155158834
TBC1D1	530.0	-0.13	0.07	-1.79	0.0735	1.0	0.9995901155158834
TBC1D10A	38.6	-0.11	0.2	-0.543	0.587	1.0	0.9995901155158834
TBC1D10B	753.0	0.02	0.1	0.199	0.842	1.0	0.9995901155158834
TBC1D10C	4.82	-0.05	0.65	-0.0824	0.934	1.0	0.9995901155158834
TBC1D12	386.0	0.14	0.11	1.3	0.194	1.0	0.9995901155158834
TBC1D13	302.0	-0.04	0.08	-0.452	0.652	1.0	0.9995901155158834
TBC1D14	332.0	0.04	0.08	0.487	0.626	1.0	0.9995901155158834
TBC1D15	370.0	0.1	0.09	1.1	0.27	1.0	0.9995901155158834
TBC1D16	581.0	0.01	0.09	0.0872	0.931	1.0	0.9995901155158834
TBC1D17	52.9	-0.02	0.22	-0.0855	0.932	1.0	0.9995901155158834
TBC1D19	37.9	-0.04	0.21	-0.203	0.839	1.0	0.9995901155158834
TBC1D2	9.35	0.32	0.45	0.727	0.467	1.0	0.9995901155158834
TBC1D20	194.0	0.16	0.1	1.57	0.116	1.0	0.9995901155158834
TBC1D22A	116.0	-0.03	0.11	-0.285	0.775	1.0	0.9995901155158834
TBC1D22B	112.0	0.02	0.13	0.138	0.89	1.0	0.9995901155158834
TBC1D23	258.0	-0.05	0.1	-0.484	0.628	1.0	0.9995901155158834
TBC1D24	139.0	0.12	0.12	1.0	0.316	1.0	0.9995901155158834
TBC1D25	47.2	-0.05	0.19	-0.259	0.796	1.0	0.9995901155158834
TBC1D2B	250.0	-0.02	0.1	-0.159	0.874	1.0	0.9995901155158834
TBC1D3	0.634	-2.64	3.02	-0.874	0.382	1.0	0.9995901155158834
TBC1D30	24.9	0.02	0.27	0.0612	0.951	1.0	0.9995901155158834
TBC1D31	93.3	-0.22	0.13	-1.73	0.0835	1.0	0.9995901155158834
TBC1D32	33.0	0.09	0.26	0.349	0.727	1.0	0.9995901155158834
TBC1D3C	0.359	2.15	2.8	0.767	0.443	1.0	0.9995901155158834
TBC1D3D	3.37	5.36	2.98	1.8	0.0721	1.0	0.9995901155158834
TBC1D3E	0.555	-2.46	2.51	-0.979	0.327	1.0	0.9995901155158834
TBC1D3H	0.596	-2.56	2.47	-1.04	0.299	1.0	0.9995901155158834
TBC1D3I	2.76	-4.76	3.0	-1.59	0.113	1.0	0.9995901155158834
TBC1D3L	58.0	0.02	0.52	0.0476	0.962	1.0	0.9995901155158834
TBC1D4	876.0	-0.0	0.08	-0.035	0.972	1.0	0.9995901155158834
TBC1D5	130.0	-0.1	0.15	-0.653	0.514	1.0	0.9995901155158834
TBC1D7	109.0	-0.07	0.12	-0.57	0.569	1.0	0.9995901155158834
TBC1D7-LOC100130357	3.32	-1.14	1.33	-0.858	0.391	1.0	0.9995901155158834
TBC1D8	120.0	-0.1	0.19	-0.529	0.597	1.0	0.9995901155158834
TBC1D8B	35.4	0.29	0.24	1.21	0.225	1.0	0.9995901155158834
TBC1D9	422.0	0.06	0.09	0.633	0.527	1.0	0.9995901155158834
TBC1D9B	640.0	-0.07	0.11	-0.687	0.492	1.0	0.9995901155158834
TBCA	2130.0	-0.01	0.09	-0.151	0.88	1.0	0.9995901155158834
TBCB	496.0	-0.12	0.11	-1.15	0.251	1.0	0.9995901155158834
TBCC	140.0	-0.01	0.12	-0.101	0.919	1.0	0.9995901155158834
TBCCD1	133.0	-0.04	0.12	-0.35	0.726	1.0	0.9995901155158834
TBCD	315.0	-0.04	0.1	-0.389	0.698	1.0	0.9995901155158834
TBCE	261.0	0.1	0.11	0.857	0.392	1.0	0.9995901155158834
TBCEL	551.0	0.07	0.09	0.727	0.467	1.0	0.9995901155158834
TBCEL-TECTA	6.29	-1.01	1.5	-0.677	0.499	1.0	0.9995901155158834
TBCK	70.7	0.08	0.15	0.546	0.585	1.0	0.9995901155158834
TBK1	386.0	-0.05	0.09	-0.517	0.605	1.0	0.9995901155158834
TBKBP1	138.0	0.15	0.14	1.05	0.296	1.0	0.9995901155158834
TBL1X	362.0	0.12	0.08	1.53	0.126	1.0	0.9995901155158834
TBL1XR1	814.0	0.13	0.08	1.56	0.119	1.0	0.9995901155158834
TBL2	212.0	-0.14	0.1	-1.42	0.154	1.0	0.9995901155158834
TBL3	108.0	-0.14	0.13	-1.14	0.254	1.0	0.9995901155158834
TBP	152.0	-0.02	0.12	-0.151	0.88	1.0	0.9995901155158834
TBPL1	120.0	-0.01	0.11	-0.129	0.897	1.0	0.9995901155158834
TBPL2	0.615	-0.57	1.52	-0.377	0.706	1.0	0.9995901155158834
TBRG1	221.0	-0.07	0.11	-0.621	0.534	1.0	0.9995901155158834
TBRG4	151.0	0.14	0.19	0.739	0.46	1.0	0.9995901155158834
TBX1	0.62	2.52	1.79	1.41	0.159	1.0	0.9995901155158834
TBX15	40.6	0.14	0.23	0.597	0.55	1.0	0.9995901155158834
TBX18	48.4	0.05	0.23	0.202	0.84	1.0	0.9995901155158834
TBX19	3.88	0.21	0.63	0.327	0.744	1.0	0.9995901155158834
TBX2	4.92	1.18	0.51	2.31	0.0207	1.0	0.9995901155158834
TBX20	1.56	0.1	1.14	0.0876	0.93	1.0	0.9995901155158834
TBX22	0.407	-0.39	2.23	-0.174	0.862	1.0	0.9995901155158834
TBX3	264.0	0.04	0.13	0.318	0.751	1.0	0.9995901155158834
TBX4	3.59	-0.63	0.58	-1.09	0.278	1.0	0.9995901155158834
TBX6	1.09	-0.46	1.04	-0.444	0.657	1.0	0.9995901155158834
TBXA2R	94.8	0.4	0.14	2.83	0.0046	1.0	0.9995901155158834
TBXAS1	38.1	0.16	0.18	0.854	0.393	1.0	0.9995901155158834
TC2N	1.72	-0.43	0.91	-0.47	0.639	1.0	0.9995901155158834
TCAF1	1320.0	-0.0	0.08	-0.0509	0.959	1.0	0.9995901155158834
TCAF2	31.6	0.08	0.24	0.333	0.739	1.0	0.9995901155158834
TCAIM	154.0	0.25	0.12	2.09	0.0366	1.0	0.9995901155158834
TCAP	0.487	0.24	1.8	0.134	0.893	1.0	0.9995901155158834
TCEA1	815.0	-0.08	0.07	-1.06	0.288	1.0	0.9995901155158834
TCEA2	127.0	-0.28	0.18	-1.55	0.121	1.0	0.9995901155158834
TCEA3	1.34	0.62	1.04	0.592	0.554	1.0	0.9995901155158834
TCEAL1	94.2	0.11	0.16	0.704	0.481	1.0	0.9995901155158834
TCEAL2	47.9	0.17	0.26	0.651	0.515	1.0	0.9995901155158834
TCEAL3	711.0	-0.14	0.13	-1.1	0.271	1.0	0.9995901155158834
TCEAL4	2850.0	-0.02	0.12	-0.149	0.881	1.0	0.9995901155158834
TCEAL5	82.6	-0.14	0.21	-0.645	0.519	1.0	0.9995901155158834
TCEAL7	126.0	-0.1	0.14	-0.7	0.484	1.0	0.9995901155158834
TCEAL8	548.0	0.07	0.08	0.843	0.399	1.0	0.9995901155158834
TCEAL9	4510.0	-0.02	0.09	-0.242	0.808	1.0	0.9995901155158834
TCEANC	8.28	-0.37	0.42	-0.898	0.369	1.0	0.9995901155158834
TCEANC2	224.0	0.11	0.1	1.17	0.244	1.0	0.9995901155158834
TCERG1	747.0	0.05	0.08	0.597	0.551	1.0	0.9995901155158834
TCERG1L	4.12	0.15	0.58	0.255	0.798	1.0	0.9995901155158834
TCF12	774.0	-0.12	0.08	-1.51	0.131	1.0	0.9995901155158834
TCF15	30.2	0.36	0.23	1.58	0.115	1.0	0.9995901155158834
TCF19	210.0	-0.04	0.11	-0.329	0.742	1.0	0.9995901155158834
TCF20	284.0	-0.13	0.11	-1.15	0.251	1.0	0.9995901155158834
TCF23	2.15	0.4	0.88	0.457	0.647	1.0	0.9995901155158834
TCF24	1.13	0.06	1.23	0.0487	0.961	1.0	0.9995901155158834
TCF25	575.0	-0.0	0.14	-0.015	0.988	1.0	0.9995901155158834
TCF3	880.0	0.01	0.06	0.208	0.835	1.0	0.9995901155158834
TCF4	1000.0	0.0	0.08	0.0539	0.957	1.0	0.9995901155158834
TCF7	24.3	-0.26	0.25	-1.04	0.299	1.0	0.9995901155158834
TCF7L1	203.0	0.09	0.12	0.743	0.457	1.0	0.9995901155158834
TCF7L2	465.0	0.03	0.1	0.295	0.768	1.0	0.9995901155158834
TCFL5	62.9	-0.06	0.17	-0.329	0.742	1.0	0.9995901155158834
TCHH	2.62	0.91	0.66	1.38	0.169	1.0	0.9995901155158834
TCHP	331.0	-0.02	0.16	-0.149	0.882	1.0	0.9995901155158834
TCIM	329.0	0.28	0.25	1.12	0.263	1.0	0.9995901155158834
TCIRG1	186.0	0.04	0.13	0.307	0.759	1.0	0.9995901155158834
TCN1	1.48	1.56	1.05	1.49	0.137	1.0	0.9995901155158834
TCN2	66.9	-0.22	0.18	-1.26	0.208	1.0	0.9995901155158834
TCOF1	508.0	0.01	0.11	0.136	0.892	1.0	0.9995901155158834
TCP1	1700.0	-0.05	0.07	-0.73	0.465	1.0	0.9995901155158834
TCP11L1	169.0	0.04	0.13	0.315	0.753	1.0	0.9995901155158834
TCP11L2	8.21	-0.64	0.42	-1.52	0.127	1.0	0.9995901155158834
TCTA	97.5	-0.14	0.17	-0.828	0.408	1.0	0.9995901155158834
TCTE1	1.0	0.3	1.3	0.227	0.82	1.0	0.9995901155158834
TCTN1	26.5	-0.01	0.26	-0.045	0.964	1.0	0.9995901155158834
TCTN2	87.5	0.34	0.17	1.97	0.0491	1.0	0.9995901155158834
TCTN3	147.0	0.01	0.13	0.0943	0.925	1.0	0.9995901155158834
TDG	650.0	0.13	0.1	1.34	0.182	1.0	0.9995901155158834
TDGF1	48.7	-0.19	0.18	-1.09	0.277	1.0	0.9995901155158834
TDP1	122.0	-0.11	0.14	-0.769	0.442	1.0	0.9995901155158834
TDP2	294.0	-0.01	0.09	-0.0994	0.921	1.0	0.9995901155158834
TDRD1	3.83	0.77	0.62	1.24	0.216	1.0	0.9995901155158834
TDRD10	31.4	-0.1	0.23	-0.414	0.679	1.0	0.9995901155158834
TDRD12	0.665	2.44	1.32	1.84	0.065	1.0	0.9995901155158834
TDRD3	119.0	-0.16	0.12	-1.32	0.185	1.0	0.9995901155158834
TDRD6	1.2	-0.21	0.99	-0.216	0.829	1.0	0.9995901155158834
TDRD7	144.0	-0.01	0.12	-0.0984	0.922	1.0	0.9995901155158834
TDRKH	95.7	-0.19	0.16	-1.2	0.232	1.0	0.9995901155158834
TDRP	145.0	0.0	0.13	0.00978	0.992	1.0	0.9995901155158834
TEAD1	270.0	0.12	0.1	1.25	0.21	1.0	0.9995901155158834
TEAD2	440.0	0.0	0.09	0.0472	0.962	1.0	0.9995901155158834
TEAD3	30.0	-0.09	0.25	-0.351	0.726	1.0	0.9995901155158834
TEAD4	86.0	-0.11	0.17	-0.653	0.514	1.0	0.9995901155158834
TEC	7.69	0.27	0.47	0.575	0.565	1.0	0.9995901155158834
TECPR1	497.0	-0.06	0.12	-0.528	0.597	1.0	0.9995901155158834
TECPR2	292.0	-0.01	0.12	-0.0517	0.959	1.0	0.9995901155158834
TECR	213.0	-0.14	0.13	-1.08	0.279	1.0	0.9995901155158834
TECRL	0.577	0.78	1.72	0.453	0.651	1.0	0.9995901155158834
TECTA	5.73	1.33	1.33	0.998	0.318	1.0	0.9995901155158834
TEDC1	56.1	0.17	0.23	0.723	0.469	1.0	0.9995901155158834
TEDC2	20.3	-0.14	0.28	-0.506	0.613	1.0	0.9995901155158834
TEDDM1	0.385	0.16	1.9	0.0821	0.935	1.0	0.9995901155158834
TEF	17.2	-0.14	0.35	-0.401	0.689	1.0	0.9995901155158834
TEFM	72.0	-0.13	0.22	-0.59	0.555	1.0	0.9995901155158834
TEK	3970.0	-0.04	0.08	-0.472	0.637	1.0	0.9995901155158834
TELO2	188.0	0.08	0.14	0.614	0.539	1.0	0.9995901155158834
TEN1	33.3	0.26	0.25	1.04	0.297	1.0	0.9995901155158834
TENM1	4.8	-0.15	0.56	-0.26	0.795	1.0	0.9995901155158834
TENM2	0.527	-1.86	1.62	-1.15	0.249	1.0	0.9995901155158834
TENM3	133.0	-0.02	0.15	-0.124	0.901	1.0	0.9995901155158834
TENM4	3.85	0.18	0.68	0.259	0.795	1.0	0.9995901155158834
TENT2	217.0	0.11	0.11	1.0	0.317	1.0	0.9995901155158834
TENT4A	383.0	0.06	0.07	0.958	0.338	1.0	0.9995901155158834
TENT4B	195.0	0.01	0.13	0.0401	0.968	1.0	0.9995901155158834
TENT5A	60.6	0.01	0.16	0.074	0.941	1.0	0.9995901155158834
TENT5B	47.8	-0.15	0.22	-0.701	0.483	1.0	0.9995901155158834
TENT5C	1.7	0.74	0.94	0.789	0.43	1.0	0.9995901155158834
TEP1	136.0	0.03	0.12	0.283	0.777	1.0	0.9995901155158834
TEPSIN	28.4	0.32	0.3	1.08	0.28	1.0	0.9995901155158834
TERF1	292.0	-0.09	0.09	-1.03	0.301	1.0	0.9995901155158834
TERF2	226.0	0.01	0.12	0.0662	0.947	1.0	0.9995901155158834
TERF2IP	665.0	-0.05	0.11	-0.446	0.656	1.0	0.9995901155158834
TES	512.0	-0.01	0.09	-0.131	0.896	1.0	0.9995901155158834
TESC	3.94	0.71	0.61	1.16	0.246	1.0	0.9995901155158834
TESK1	66.9	-0.07	0.17	-0.402	0.687	1.0	0.9995901155158834
TESK2	7.99	-0.0	0.39	-0.0049	0.996	1.0	0.9995901155158834
TESMIN	4.78	-0.14	0.55	-0.249	0.803	1.0	0.9995901155158834
TESPA1	3.91	-0.7	0.59	-1.19	0.233	1.0	0.9995901155158834
TET1	81.9	-0.15	0.15	-1.03	0.302	1.0	0.9995901155158834
TET2	192.0	-0.08	0.12	-0.651	0.515	1.0	0.9995901155158834
TET3	354.0	0.0	0.12	0.0201	0.984	1.0	0.9995901155158834
TEX10	197.0	-0.13	0.11	-1.2	0.229	1.0	0.9995901155158834
TEX101	1.22	0.05	0.97	0.0473	0.962	1.0	0.9995901155158834
TEX14	1.36	-0.16	1.13	-0.142	0.887	1.0	0.9995901155158834
TEX15	29.2	0.11	0.28	0.385	0.701	1.0	0.9995901155158834
TEX2	233.0	-0.07	0.1	-0.745	0.456	1.0	0.9995901155158834
TEX22	0.642	-1.0	1.7	-0.589	0.556	1.0	0.9995901155158834
TEX261	208.0	-0.13	0.11	-1.17	0.241	1.0	0.9995901155158834
TEX264	77.5	-0.25	0.17	-1.5	0.133	1.0	0.9995901155158834
TEX29	1.01	-0.18	1.36	-0.134	0.894	1.0	0.9995901155158834
TEX30	60.6	0.15	0.18	0.835	0.404	1.0	0.9995901155158834
TEX35	0.637	2.18	1.66	1.31	0.19	1.0	0.9995901155158834
TEX9	59.5	-0.15	0.19	-0.812	0.417	1.0	0.9995901155158834
TF	57.3	0.24	0.17	1.45	0.147	1.0	0.9995901155158834
TFAM	684.0	0.04	0.1	0.375	0.708	1.0	0.9995901155158834
TFAP2A	180.0	0.12	0.11	1.07	0.283	1.0	0.9995901155158834
TFAP2E	1.22	0.05	0.98	0.0517	0.959	1.0	0.9995901155158834
TFAP4	36.6	-0.28	0.24	-1.18	0.238	1.0	0.9995901155158834
TFB1M	33.1	0.2	0.24	0.867	0.386	1.0	0.9995901155158834
TFB2M	76.5	-0.01	0.17	-0.0471	0.962	1.0	0.9995901155158834
TFCP2	393.0	0.06	0.08	0.726	0.468	1.0	0.9995901155158834
TFDP1	780.0	0.05	0.13	0.419	0.675	1.0	0.9995901155158834
TFDP2	107.0	0.03	0.13	0.213	0.831	1.0	0.9995901155158834
TFE3	212.0	0.11	0.09	1.14	0.255	1.0	0.9995901155158834
TFEB	8.33	-0.04	0.45	-0.0906	0.928	1.0	0.9995901155158834
TFEC	14.3	0.04	0.41	0.0946	0.925	1.0	0.9995901155158834
TFG	291.0	-0.05	0.1	-0.533	0.594	1.0	0.9995901155158834
TFIP11	381.0	-0.03	0.12	-0.239	0.811	1.0	0.9995901155158834
TFPI	9120.0	-0.02	0.09	-0.199	0.843	1.0	0.9995901155158834
TFPI2	215.0	-0.04	0.13	-0.301	0.763	1.0	0.9995901155158834
TFPT	537.0	-0.11	0.1	-1.09	0.274	1.0	0.9995901155158834
TFR2	0.567	0.53	1.51	0.35	0.726	1.0	0.9995901155158834
TFRC	173.0	0.03	0.18	0.186	0.853	1.0	0.9995901155158834
TG	1.6	-0.64	0.97	-0.661	0.509	1.0	0.9995901155158834
TGDS	51.0	-0.2	0.16	-1.26	0.207	1.0	0.9995901155158834
TGFA	5.53	-0.91	0.48	-1.88	0.0608	1.0	0.9995901155158834
TGFB1	1950.0	-0.22	0.11	-2.08	0.0372	1.0	0.9995901155158834
TGFB1I1	87.0	0.25	0.18	1.4	0.161	1.0	0.9995901155158834
TGFB2	31.1	0.0	0.24	0.00557	0.996	1.0	0.9995901155158834
TGFB3	10.1	0.37	0.4	0.924	0.356	1.0	0.9995901155158834
TGFBI	2.93	0.96	0.73	1.31	0.189	1.0	0.9995901155158834
TGFBR1	672.0	0.15	0.08	1.95	0.0516	1.0	0.9995901155158834
TGFBR2	4710.0	0.11	0.08	1.31	0.19	1.0	0.9995901155158834
TGFBR3	1620.0	0.03	0.09	0.308	0.758	1.0	0.9995901155158834
TGFBR3L	2.66	0.87	1.0	0.868	0.386	1.0	0.9995901155158834
TGFBRAP1	228.0	0.07	0.11	0.609	0.542	1.0	0.9995901155158834
TGIF1	204.0	0.07	0.14	0.505	0.614	1.0	0.9995901155158834
TGIF2	481.0	0.04	0.11	0.329	0.742	1.0	0.9995901155158834
TGM1	0.942	-1.5	1.31	-1.15	0.251	1.0	0.9995901155158834
TGM2	2410.0	-0.01	0.1	-0.135	0.892	1.0	0.9995901155158834
TGM3	2.25	-0.2	0.86	-0.23	0.818	1.0	0.9995901155158834
TGOLN2	1870.0	-0.01	0.06	-0.115	0.908	1.0	0.9995901155158834
TGS1	291.0	-0.04	0.08	-0.471	0.638	1.0	0.9995901155158834
THADA	185.0	-0.05	0.12	-0.394	0.693	1.0	0.9995901155158834
THAP1	121.0	0.12	0.14	0.86	0.39	1.0	0.9995901155158834
THAP10	22.4	0.05	0.25	0.197	0.844	1.0	0.9995901155158834
THAP11	132.0	0.03	0.13	0.22	0.826	1.0	0.9995901155158834
THAP12	731.0	0.04	0.08	0.545	0.586	1.0	0.9995901155158834
THAP2	29.3	-0.0	0.21	-0.000475	1.0	1.0	1.0
THAP3	28.5	-0.24	0.29	-0.811	0.418	1.0	0.9995901155158834
THAP4	107.0	-0.01	0.14	-0.0788	0.937	1.0	0.9995901155158834
THAP5	122.0	-0.11	0.16	-0.676	0.499	1.0	0.9995901155158834
THAP6	26.5	0.43	0.25	1.71	0.0877	1.0	0.9995901155158834
THAP7	23.2	0.19	0.31	0.617	0.537	1.0	0.9995901155158834
THAP8	14.8	-0.13	0.36	-0.359	0.719	1.0	0.9995901155158834
THAP9	35.3	-0.06	0.19	-0.297	0.766	1.0	0.9995901155158834
THBD	333.0	0.24	0.13	1.94	0.0522	1.0	0.9995901155158834
THBS1	2930.0	0.06	0.13	0.429	0.668	1.0	0.9995901155158834
THBS2	2.66	-0.06	0.73	-0.0805	0.936	1.0	0.9995901155158834
THBS3	63.6	-0.03	0.18	-0.186	0.852	1.0	0.9995901155158834
THBS4	10.8	-0.07	0.49	-0.133	0.894	1.0	0.9995901155158834
THEM4	60.5	0.03	0.17	0.169	0.865	1.0	0.9995901155158834
THEM6	118.0	0.0	0.19	0.0103	0.992	1.0	0.9995901155158834
THEMIS2	4.47	-0.53	0.51	-1.04	0.296	1.0	0.9995901155158834
THG1L	65.3	0.01	0.16	0.0344	0.973	1.0	0.9995901155158834
THNSL1	149.0	-0.01	0.11	-0.117	0.907	1.0	0.9995901155158834
THNSL2	1.32	-0.62	1.05	-0.592	0.554	1.0	0.9995901155158834
THOC1	320.0	0.1	0.1	0.947	0.344	1.0	0.9995901155158834
THOC2	824.0	-0.04	0.08	-0.456	0.648	1.0	0.9995901155158834
THOC3	870.0	-0.01	0.08	-0.149	0.882	1.0	0.9995901155158834
THOC5	336.0	-0.06	0.1	-0.601	0.548	1.0	0.9995901155158834
THOC6	83.8	-0.31	0.17	-1.77	0.0764	1.0	0.9995901155158834
THOC7	259.0	-0.02	0.12	-0.181	0.857	1.0	0.9995901155158834
THOP1	138.0	-0.16	0.13	-1.21	0.226	1.0	0.9995901155158834
THRA	126.0	-0.1	0.13	-0.744	0.457	1.0	0.9995901155158834
THRAP3	2240.0	0.04	0.08	0.588	0.556	1.0	0.9995901155158834
THRB	5.9	-0.44	0.48	-0.916	0.36	1.0	0.9995901155158834
THSD1	382.0	-0.11	0.09	-1.22	0.223	1.0	0.9995901155158834
THSD4	51.8	0.1	0.18	0.547	0.584	1.0	0.9995901155158834
THSD7A	479.0	-0.0	0.13	-0.0335	0.973	1.0	0.9995901155158834
THSD7B	8.51	-0.16	0.4	-0.397	0.692	1.0	0.9995901155158834
THTPA	55.3	-0.04	0.14	-0.306	0.759	1.0	0.9995901155158834
THUMPD1	386.0	-0.11	0.09	-1.27	0.205	1.0	0.9995901155158834
THUMPD2	57.9	0.15	0.18	0.838	0.402	1.0	0.9995901155158834
THUMPD3	25.1	-0.3	0.27	-1.11	0.267	1.0	0.9995901155158834
THY1	1030.0	-0.03	0.12	-0.246	0.806	1.0	0.9995901155158834
THYN1	140.0	-0.04	0.11	-0.309	0.758	1.0	0.9995901155158834
TIA1	427.0	-0.0	0.1	-0.00165	0.999	1.0	0.9995901155158834
TIAF1	0.576	1.03	1.61	0.639	0.523	1.0	0.9995901155158834
TIAL1	759.0	0.07	0.06	1.21	0.226	1.0	0.9995901155158834
TIAM1	532.0	0.2	0.08	2.32	0.0201	1.0	0.9995901155158834
TIAM2	94.5	-0.13	0.19	-0.692	0.489	1.0	0.9995901155158834
TICAM1	19.7	-0.15	0.28	-0.545	0.586	1.0	0.9995901155158834
TICAM2	17.3	-0.7	1.17	-0.6	0.549	1.0	0.9995901155158834
TICRR	42.6	-0.08	0.17	-0.478	0.632	1.0	0.9995901155158834
TIE1	3460.0	-0.02	0.11	-0.146	0.884	1.0	0.9995901155158834
TIFA	125.0	0.03	0.17	0.169	0.866	1.0	0.9995901155158834
TIGAR	428.0	0.03	0.08	0.389	0.697	1.0	0.9995901155158834
TIGD1	68.0	-0.07	0.24	-0.294	0.769	1.0	0.9995901155158834
TIGD2	122.0	0.01	0.15	0.0576	0.954	1.0	0.9995901155158834
TIGD4	4.64	0.49	0.51	0.953	0.34	1.0	0.9995901155158834
TIGD5	31.9	-0.21	0.24	-0.886	0.376	1.0	0.9995901155158834
TIGD6	68.3	-0.11	0.14	-0.801	0.423	1.0	0.9995901155158834
TIGD7	44.9	0.13	0.25	0.522	0.602	1.0	0.9995901155158834
TIMELESS	469.0	-0.1	0.08	-1.33	0.184	1.0	0.9995901155158834
TIMM10	279.0	-0.03	0.09	-0.314	0.754	1.0	0.9995901155158834
TIMM10B	355.0	-0.05	0.08	-0.618	0.536	1.0	0.9995901155158834
TIMM13	329.0	0.01	0.1	0.0811	0.935	1.0	0.9995901155158834
TIMM17A	700.0	0.06	0.09	0.62	0.535	1.0	0.9995901155158834
TIMM17B	61.7	-0.06	0.22	-0.279	0.78	1.0	0.9995901155158834
TIMM21	345.0	-0.01	0.11	-0.066	0.947	1.0	0.9995901155158834
TIMM22	287.0	0.01	0.09	0.114	0.909	1.0	0.9995901155158834
TIMM23	350.0	-0.08	0.1	-0.775	0.439	1.0	0.9995901155158834
TIMM23B	107.0	0.21	0.14	1.45	0.147	1.0	0.9995901155158834
TIMM29	34.3	0.1	0.2	0.499	0.618	1.0	0.9995901155158834
TIMM44	330.0	-0.1	0.1	-0.97	0.332	1.0	0.9995901155158834
TIMM50	177.0	-0.1	0.13	-0.77	0.442	1.0	0.9995901155158834
TIMM8A	120.0	0.1	0.15	0.684	0.494	1.0	0.9995901155158834
TIMM8B	257.0	0.02	0.1	0.224	0.823	1.0	0.9995901155158834
TIMM9	35.0	-0.04	0.26	-0.138	0.89	1.0	0.9995901155158834
TIMMDC1	689.0	0.01	0.09	0.149	0.881	1.0	0.9995901155158834
TIMP1	162.0	0.05	0.2	0.228	0.82	1.0	0.9995901155158834
TIMP2	1090.0	0.13	0.11	1.13	0.258	1.0	0.9995901155158834
TIMP3	3920.0	0.2	0.12	1.63	0.102	1.0	0.9995901155158834
TIMP4	1.05	0.89	1.21	0.74	0.46	1.0	0.9995901155158834
TINAGL1	104.0	-0.1	0.14	-0.727	0.467	1.0	0.9995901155158834
TINF2	139.0	-0.04	0.16	-0.24	0.81	1.0	0.9995901155158834
TIPARP	75.4	0.16	0.19	0.876	0.381	1.0	0.9995901155158834
TIPIN	129.0	-0.14	0.11	-1.21	0.228	1.0	0.9995901155158834
TIPRL	922.0	0.08	0.09	0.912	0.362	1.0	0.9995901155158834
TIRAP	55.0	0.23	0.19	1.19	0.232	1.0	0.9995901155158834
TJAP1	114.0	-0.05	0.11	-0.497	0.619	1.0	0.9995901155158834
TJP1	3130.0	-0.03	0.11	-0.26	0.795	1.0	0.9995901155158834
TJP2	948.0	-0.09	0.09	-1.03	0.303	1.0	0.9995901155158834
TJP3	0.506	-0.76	1.81	-0.421	0.674	1.0	0.9995901155158834
TK1	93.5	-0.19	0.19	-1.03	0.304	1.0	0.9995901155158834
TK2	66.8	-0.2	0.16	-1.28	0.199	1.0	0.9995901155158834
TKFC	52.4	-0.14	0.2	-0.714	0.475	1.0	0.9995901155158834
TKT	510.0	-0.11	0.12	-0.885	0.376	1.0	0.9995901155158834
TLCD1	5.39	0.05	0.46	0.114	0.909	1.0	0.9995901155158834
TLCD2	69.4	-0.1	0.16	-0.622	0.534	1.0	0.9995901155158834
TLCD3A	292.0	0.09	0.14	0.639	0.523	1.0	0.9995901155158834
TLCD4	39.7	0.16	0.21	0.784	0.433	1.0	0.9995901155158834
TLCD4-RWDD3	9.82	0.72	0.37	1.94	0.0524	1.0	0.9995901155158834
TLCD5	171.0	0.06	0.13	0.467	0.641	1.0	0.9995901155158834
TLE1	177.0	-0.2	0.13	-1.62	0.105	1.0	0.9995901155158834
TLE2	34.9	-0.16	0.21	-0.745	0.456	1.0	0.9995901155158834
TLE3	401.0	0.04	0.11	0.382	0.703	1.0	0.9995901155158834
TLE4	538.0	0.05	0.12	0.402	0.688	1.0	0.9995901155158834
TLE5	443.0	0.04	0.1	0.363	0.716	1.0	0.9995901155158834
TLE6	1.33	-0.95	1.09	-0.874	0.382	1.0	0.9995901155158834
TLK1	602.0	0.06	0.09	0.698	0.485	1.0	0.9995901155158834
TLK2	507.0	0.0	0.1	0.0468	0.963	1.0	0.9995901155158834
TLL1	301.0	0.04	0.16	0.262	0.794	1.0	0.9995901155158834
TLL2	1.47	-0.04	0.91	-0.0482	0.962	1.0	0.9995901155158834
TLN1	7210.0	-0.07	0.1	-0.737	0.461	1.0	0.9995901155158834
TLN2	249.0	-0.08	0.16	-0.499	0.618	1.0	0.9995901155158834
TLNRD1	1940.0	0.14	0.2	0.699	0.484	1.0	0.9995901155158834
TLR1	0.544	1.93	1.69	1.14	0.253	1.0	0.9995901155158834
TLR10	2.07	-0.57	0.8	-0.713	0.476	1.0	0.9995901155158834
TLR2	13.0	0.26	0.37	0.701	0.483	1.0	0.9995901155158834
TLR3	0.816	-1.35	1.43	-0.942	0.346	1.0	0.9995901155158834
TLR4	750.0	-0.0	0.09	-0.0248	0.98	1.0	0.9995901155158834
TLR5	6.17	0.67	0.47	1.41	0.159	1.0	0.9995901155158834
TLR6	7.33	0.16	0.42	0.374	0.708	1.0	0.9995901155158834
TLR7	1.78	0.52	0.94	0.561	0.575	1.0	0.9995901155158834
TLX1	0.442	1.4	1.94	0.723	0.47	1.0	0.9995901155158834
TM2D1	556.0	0.07	0.13	0.53	0.596	1.0	0.9995901155158834
TM2D2	1120.0	0.02	0.08	0.305	0.76	1.0	0.9995901155158834
TM2D3	366.0	0.02	0.14	0.142	0.887	1.0	0.9995901155158834
TM4SF1	2620.0	-0.08	0.12	-0.608	0.543	1.0	0.9995901155158834
TM4SF18	249.0	-0.14	0.14	-0.955	0.339	1.0	0.9995901155158834
TM4SF20	0.471	2.54	1.9	1.34	0.18	1.0	0.9995901155158834
TM4SF4	0.973	-0.89	1.14	-0.781	0.435	1.0	0.9995901155158834
TM6SF1	25.9	0.01	0.23	0.0476	0.962	1.0	0.9995901155158834
TM6SF2	1.22	1.07	1.35	0.793	0.428	1.0	0.9995901155158834
TM7SF2	72.3	-0.25	0.18	-1.43	0.154	1.0	0.9995901155158834
TM7SF3	862.0	0.03	0.09	0.331	0.741	1.0	0.9995901155158834
TM9SF1	392.0	0.12	0.1	1.21	0.227	1.0	0.9995901155158834
TM9SF2	1530.0	0.06	0.09	0.679	0.497	1.0	0.9995901155158834
TM9SF3	5240.0	0.02	0.07	0.269	0.788	1.0	0.9995901155158834
TM9SF4	408.0	-0.1	0.08	-1.18	0.236	1.0	0.9995901155158834
TMA16	141.0	-0.01	0.12	-0.0442	0.965	1.0	0.9995901155158834
TMA7	1370.0	-0.12	0.11	-1.12	0.264	1.0	0.9995901155158834
TMBIM1	201.0	0.03	0.11	0.262	0.793	1.0	0.9995901155158834
TMBIM4	4.1	-0.24	0.68	-0.351	0.726	1.0	0.9995901155158834
TMBIM6	2750.0	-0.02	0.07	-0.347	0.728	1.0	0.9995901155158834
TMC1	2.83	0.33	0.67	0.497	0.619	1.0	0.9995901155158834
TMC2	1.27	-0.14	1.03	-0.138	0.89	1.0	0.9995901155158834
TMC3	2.02	0.58	0.87	0.666	0.505	1.0	0.9995901155158834
TMC4	2.49	0.71	0.82	0.859	0.39	1.0	0.9995901155158834
TMC5	6.49	0.45	0.46	0.995	0.32	1.0	0.9995901155158834
TMC6	1140.0	0.03	0.11	0.272	0.786	1.0	0.9995901155158834
TMC7	215.0	-0.03	0.1	-0.283	0.777	1.0	0.9995901155158834
TMC8	54.6	0.01	0.2	0.0561	0.955	1.0	0.9995901155158834
TMCC1	234.0	0.04	0.1	0.369	0.712	1.0	0.9995901155158834
TMCC2	54.1	0.04	0.2	0.203	0.839	1.0	0.9995901155158834
TMCC3	301.0	-0.0	0.12	-0.0165	0.987	1.0	0.9995901155158834
TMCO1	694.0	0.01	0.09	0.0914	0.927	1.0	0.9995901155158834
TMCO3	2030.0	0.02	0.06	0.356	0.722	1.0	0.9995901155158834
TMCO4	48.7	-0.0	0.19	-0.00263	0.998	1.0	0.9995901155158834
TMCO6	88.4	0.16	0.19	0.851	0.395	1.0	0.9995901155158834
TMED1	288.0	-0.03	0.14	-0.222	0.824	1.0	0.9995901155158834
TMED10	1910.0	0.12	0.08	1.49	0.136	1.0	0.9995901155158834
TMED2	1900.0	0.06	0.08	0.696	0.486	1.0	0.9995901155158834
TMED3	285.0	-0.09	0.16	-0.547	0.584	1.0	0.9995901155158834
TMED4	381.0	0.14	0.07	1.94	0.0528	1.0	0.9995901155158834
TMED5	542.0	0.08	0.11	0.759	0.448	1.0	0.9995901155158834
TMED6	2.04	0.63	0.86	0.727	0.467	1.0	0.9995901155158834
TMED7	634.0	0.04	0.11	0.361	0.718	1.0	0.9995901155158834
TMED7-TICAM2	24.2	0.52	1.12	0.463	0.643	1.0	0.9995901155158834
TMED8	448.0	0.09	0.11	0.864	0.388	1.0	0.9995901155158834
TMED9	567.0	0.01	0.09	0.0707	0.944	1.0	0.9995901155158834
TMEFF1	1020.0	-0.01	0.09	-0.123	0.902	1.0	0.9995901155158834
TMEM100	3700.0	0.05	0.08	0.637	0.524	1.0	0.9995901155158834
TMEM101	280.0	0.1	0.14	0.718	0.473	1.0	0.9995901155158834
TMEM102	21.0	-0.0	0.25	-0.00826	0.993	1.0	0.9995901155158834
TMEM104	155.0	0.01	0.17	0.0311	0.975	1.0	0.9995901155158834
TMEM106A	34.9	-0.29	0.22	-1.32	0.188	1.0	0.9995901155158834
TMEM106B	292.0	0.19	0.11	1.62	0.105	1.0	0.9995901155158834
TMEM106C	91.9	-0.06	0.15	-0.383	0.702	1.0	0.9995901155158834
TMEM107	41.3	0.12	0.18	0.646	0.518	1.0	0.9995901155158834
TMEM108	2.86	0.77	0.72	1.07	0.286	1.0	0.9995901155158834
TMEM109	496.0	-0.06	0.09	-0.684	0.494	1.0	0.9995901155158834
TMEM11	124.0	-0.02	0.16	-0.147	0.883	1.0	0.9995901155158834
TMEM115	180.0	0.09	0.16	0.543	0.587	1.0	0.9995901155158834
TMEM116	22.4	0.27	0.28	0.968	0.333	1.0	0.9995901155158834
TMEM117	43.3	-0.07	0.2	-0.369	0.712	1.0	0.9995901155158834
TMEM120A	145.0	0.05	0.13	0.371	0.711	1.0	0.9995901155158834
TMEM120B	81.7	-0.05	0.22	-0.24	0.81	1.0	0.9995901155158834
TMEM121	4.17	0.94	0.58	1.62	0.105	1.0	0.9995901155158834
TMEM121B	183.0	0.29	0.11	2.64	0.00828	1.0	0.9995901155158834
TMEM123	2380.0	0.09	0.09	1.02	0.308	1.0	0.9995901155158834
TMEM125	1.06	1.06	1.44	0.736	0.462	1.0	0.9995901155158834
TMEM126A	53.1	-0.19	0.21	-0.906	0.365	1.0	0.9995901155158834
TMEM126B	243.0	-0.13	0.11	-1.19	0.236	1.0	0.9995901155158834
TMEM127	353.0	0.08	0.08	1.07	0.286	1.0	0.9995901155158834
TMEM128	83.1	0.15	0.15	0.977	0.328	1.0	0.9995901155158834
TMEM129	45.5	0.11	0.28	0.373	0.709	1.0	0.9995901155158834
TMEM130	3.01	0.42	0.62	0.665	0.506	1.0	0.9995901155158834
TMEM131	426.0	-0.03	0.08	-0.348	0.728	1.0	0.9995901155158834
TMEM131L	236.0	0.04	0.08	0.447	0.655	1.0	0.9995901155158834
TMEM132A	186.0	0.06	0.13	0.422	0.673	1.0	0.9995901155158834
TMEM132B	26.6	-0.06	0.22	-0.287	0.774	1.0	0.9995901155158834
TMEM132C	5.19	0.77	0.5	1.53	0.127	1.0	0.9995901155158834
TMEM132D	2.15	0.82	0.78	1.04	0.297	1.0	0.9995901155158834
TMEM134	49.5	-0.27	0.19	-1.41	0.159	1.0	0.9995901155158834
TMEM135	284.0	0.03	0.11	0.294	0.768	1.0	0.9995901155158834
TMEM138	30.3	0.11	0.2	0.558	0.577	1.0	0.9995901155158834
TMEM139	3.74	0.35	0.56	0.622	0.534	1.0	0.9995901155158834
TMEM140	22.0	-0.28	0.27	-1.02	0.308	1.0	0.9995901155158834
TMEM141	75.2	0.05	0.15	0.352	0.725	1.0	0.9995901155158834
TMEM143	9.63	-0.76	0.47	-1.6	0.11	1.0	0.9995901155158834
TMEM144	49.4	-0.22	0.23	-0.955	0.339	1.0	0.9995901155158834
TMEM147	85.1	-0.13	0.21	-0.606	0.545	1.0	0.9995901155158834
TMEM14A	495.0	0.01	0.11	0.0544	0.957	1.0	0.9995901155158834
TMEM14B	172.0	0.0	0.11	0.0155	0.988	1.0	0.9995901155158834
TMEM14C	370.0	0.13	0.15	0.884	0.376	1.0	0.9995901155158834
TMEM150A	154.0	0.06	0.15	0.433	0.665	1.0	0.9995901155158834
TMEM150C	146.0	-0.19	0.14	-1.36	0.173	1.0	0.9995901155158834
TMEM151B	1.02	-1.91	1.58	-1.21	0.227	1.0	0.9995901155158834
TMEM154	18.8	0.33	0.29	1.13	0.26	1.0	0.9995901155158834
TMEM156	2.9	0.28	0.69	0.41	0.682	1.0	0.9995901155158834
TMEM158	16.4	0.66	0.42	1.56	0.119	1.0	0.9995901155158834
TMEM160	3.57	-0.23	0.72	-0.316	0.752	1.0	0.9995901155158834
TMEM161A	32.7	-0.13	0.26	-0.507	0.612	1.0	0.9995901155158834
TMEM161B	50.0	0.43	0.2	2.16	0.031	1.0	0.9995901155158834
TMEM163	84.3	-0.1	0.13	-0.759	0.448	1.0	0.9995901155158834
TMEM164	189.0	-0.05	0.14	-0.318	0.751	1.0	0.9995901155158834
TMEM165	1180.0	0.06	0.08	0.769	0.442	1.0	0.9995901155158834
TMEM167A	2450.0	0.14	0.09	1.43	0.153	1.0	0.9995901155158834
TMEM167B	224.0	0.09	0.11	0.807	0.42	1.0	0.9995901155158834
TMEM168	366.0	0.09	0.1	0.892	0.372	1.0	0.9995901155158834
TMEM169	38.7	-0.18	0.21	-0.855	0.392	1.0	0.9995901155158834
TMEM17	17.1	0.15	0.31	0.505	0.613	1.0	0.9995901155158834
TMEM170A	530.0	0.17	0.1	1.72	0.0847	1.0	0.9995901155158834
TMEM170B	147.0	0.2	0.13	1.48	0.139	1.0	0.9995901155158834
TMEM175	12.7	0.21	0.34	0.631	0.528	1.0	0.9995901155158834
TMEM176B	6.99	0.28	0.51	0.543	0.587	1.0	0.9995901155158834
TMEM177	31.7	0.14	0.24	0.574	0.566	1.0	0.9995901155158834
TMEM178A	11.9	-0.42	0.35	-1.21	0.227	1.0	0.9995901155158834
TMEM178B	11.6	-0.38	0.39	-0.967	0.334	1.0	0.9995901155158834
TMEM179	6.5	-0.02	0.49	-0.0504	0.96	1.0	0.9995901155158834
TMEM179B	66.5	-0.18	0.23	-0.801	0.423	1.0	0.9995901155158834
TMEM18	97.3	0.25	0.13	1.93	0.0542	1.0	0.9995901155158834
TMEM181	1000.0	-0.0	0.08	-0.00717	0.994	1.0	0.9995901155158834
TMEM182	12.5	0.04	0.36	0.119	0.905	1.0	0.9995901155158834
TMEM183A	308.0	-0.1	0.11	-0.86	0.39	1.0	0.9995901155158834
TMEM184A	2.29	0.72	0.9	0.8	0.424	1.0	0.9995901155158834
TMEM184B	207.0	0.21	0.1	2.04	0.0415	1.0	0.9995901155158834
TMEM184C	429.0	0.01	0.1	0.0702	0.944	1.0	0.9995901155158834
TMEM185A	128.0	-0.03	0.12	-0.242	0.808	1.0	0.9995901155158834
TMEM185B	455.0	0.06	0.08	0.828	0.408	1.0	0.9995901155158834
TMEM186	111.0	-0.02	0.12	-0.137	0.891	1.0	0.9995901155158834
TMEM187	20.7	-0.34	0.31	-1.11	0.265	1.0	0.9995901155158834
TMEM19	494.0	0.09	0.1	0.854	0.393	1.0	0.9995901155158834
TMEM191C	0.718	-0.52	1.37	-0.377	0.706	1.0	0.9995901155158834
TMEM192	344.0	0.12	0.12	0.981	0.327	1.0	0.9995901155158834
TMEM199	192.0	0.01	0.11	0.0471	0.962	1.0	0.9995901155158834
TMEM200A	82.5	0.01	0.19	0.049	0.961	1.0	0.9995901155158834
TMEM200B	42.0	0.14	0.21	0.669	0.504	1.0	0.9995901155158834
TMEM200C	4.19	-1.16	0.63	-1.82	0.068	1.0	0.9995901155158834
TMEM201	94.9	0.03	0.15	0.191	0.849	1.0	0.9995901155158834
TMEM203	71.0	-0.21	0.14	-1.44	0.149	1.0	0.9995901155158834
TMEM204	73.4	-0.22	0.19	-1.19	0.234	1.0	0.9995901155158834
TMEM205	52.9	-0.07	0.16	-0.446	0.656	1.0	0.9995901155158834
TMEM208	61.6	-0.09	0.18	-0.494	0.621	1.0	0.9995901155158834
TMEM209	86.4	0.16	0.13	1.25	0.212	1.0	0.9995901155158834
TMEM212	81.9	0.37	0.22	1.66	0.0964	1.0	0.9995901155158834
TMEM213	3.95	1.96	0.56	3.47	0.000526	1.0	0.9995901155158834
TMEM214	148.0	-0.08	0.18	-0.432	0.665	1.0	0.9995901155158834
TMEM216	16.9	-0.4	0.34	-1.2	0.232	1.0	0.9995901155158834
TMEM217	8.93	-0.1	0.39	-0.248	0.804	1.0	0.9995901155158834
TMEM218	129.0	0.06	0.12	0.518	0.604	1.0	0.9995901155158834
TMEM219	261.0	0.0	0.12	0.0252	0.98	1.0	0.9995901155158834
TMEM220	64.2	-0.04	0.17	-0.225	0.822	1.0	0.9995901155158834
TMEM221	1.85	0.33	0.77	0.424	0.672	1.0	0.9995901155158834
TMEM222	98.9	0.15	0.21	0.717	0.473	1.0	0.9995901155158834
TMEM223	88.9	-0.05	0.16	-0.319	0.75	1.0	0.9995901155158834
TMEM229A	0.501	0.7	1.76	0.397	0.691	1.0	0.9995901155158834
TMEM229B	0.643	-2.16	1.55	-1.4	0.162	1.0	0.9995901155158834
TMEM230	349.0	-0.05	0.12	-0.405	0.686	1.0	0.9995901155158834
TMEM231	67.9	-0.11	0.15	-0.691	0.49	1.0	0.9995901155158834
TMEM232	1.39	-1.47	1.14	-1.3	0.195	1.0	0.9995901155158834
TMEM233	47.3	0.42	0.19	2.17	0.0301	1.0	0.9995901155158834
TMEM234	35.9	0.09	0.29	0.299	0.765	1.0	0.9995901155158834
TMEM236	3.57	0.57	0.64	0.893	0.372	1.0	0.9995901155158834
TMEM237	145.0	-0.06	0.11	-0.549	0.583	1.0	0.9995901155158834
TMEM239	0.494	-0.13	1.67	-0.0769	0.939	1.0	0.9995901155158834
TMEM240	3.86	-0.54	0.6	-0.898	0.369	1.0	0.9995901155158834
TMEM241	56.5	0.05	0.16	0.331	0.74	1.0	0.9995901155158834
TMEM242	146.0	-0.08	0.11	-0.731	0.465	1.0	0.9995901155158834
TMEM243	76.3	0.28	0.16	1.8	0.0721	1.0	0.9995901155158834
TMEM245	624.0	0.01	0.08	0.067	0.947	1.0	0.9995901155158834
TMEM248	751.0	0.08	0.07	1.16	0.247	1.0	0.9995901155158834
TMEM25	16.0	-0.11	0.31	-0.34	0.734	1.0	0.9995901155158834
TMEM250	228.0	0.11	0.14	0.802	0.423	1.0	0.9995901155158834
TMEM251	88.6	0.31	0.18	1.76	0.079	1.0	0.9995901155158834
TMEM253	2.49	-0.01	0.71	-0.00779	0.994	1.0	0.9995901155158834
TMEM254	26.5	-0.4	0.22	-1.83	0.0679	1.0	0.9995901155158834
TMEM255B	117.0	-0.2	0.15	-1.37	0.171	1.0	0.9995901155158834
TMEM256	76.9	0.13	0.19	0.698	0.485	1.0	0.9995901155158834
TMEM258	291.0	0.08	0.13	0.563	0.573	1.0	0.9995901155158834
TMEM259	289.0	0.01	0.13	0.11	0.913	1.0	0.9995901155158834
TMEM26	6.03	0.62	0.56	1.09	0.275	1.0	0.9995901155158834
TMEM260	89.5	0.0	0.17	0.0137	0.989	1.0	0.9995901155158834
TMEM263	505.0	0.05	0.11	0.406	0.685	1.0	0.9995901155158834
TMEM265	7.72	0.93	0.55	1.7	0.0886	1.0	0.9995901155158834
TMEM266	3.6	-0.48	0.69	-0.698	0.485	1.0	0.9995901155158834
TMEM267	52.5	0.3	0.2	1.55	0.121	1.0	0.9995901155158834
TMEM268	37.4	0.09	0.21	0.428	0.669	1.0	0.9995901155158834
TMEM269	2.14	0.26	0.79	0.332	0.74	1.0	0.9995901155158834
TMEM271	0.719	0.54	1.66	0.325	0.745	1.0	0.9995901155158834
TMEM272	0.474	0.58	1.8	0.325	0.745	1.0	0.9995901155158834
TMEM273	161.0	-0.01	0.17	-0.0727	0.942	1.0	0.9995901155158834
TMEM30A	2160.0	0.08	0.07	1.12	0.264	1.0	0.9995901155158834
TMEM30B	2.75	-1.32	0.78	-1.68	0.0935	1.0	0.9995901155158834
TMEM31	1.04	1.53	1.23	1.25	0.212	1.0	0.9995901155158834
TMEM33	310.0	0.11	0.12	0.932	0.351	1.0	0.9995901155158834
TMEM35A	87.3	0.01	0.15	0.0345	0.973	1.0	0.9995901155158834
TMEM35B	57.3	-0.03	0.17	-0.193	0.847	1.0	0.9995901155158834
TMEM37	38.0	0.13	0.3	0.424	0.672	1.0	0.9995901155158834
TMEM38A	3.55	0.88	0.61	1.44	0.151	1.0	0.9995901155158834
TMEM38B	437.0	0.18	0.14	1.28	0.201	1.0	0.9995901155158834
TMEM39A	123.0	-0.04	0.11	-0.384	0.701	1.0	0.9995901155158834
TMEM39B	27.5	-0.58	0.21	-2.71	0.00668	1.0	0.9995901155158834
TMEM40	0.993	0.23	1.38	0.17	0.865	1.0	0.9995901155158834
TMEM41A	251.0	-0.01	0.14	-0.0577	0.954	1.0	0.9995901155158834
TMEM41B	662.0	0.01	0.09	0.149	0.882	1.0	0.9995901155158834
TMEM42	19.8	0.05	0.32	0.16	0.873	1.0	0.9995901155158834
TMEM43	508.0	-0.01	0.1	-0.123	0.902	1.0	0.9995901155158834
TMEM44	60.0	-0.0	0.18	-0.0174	0.986	1.0	0.9995901155158834
TMEM45A	152.0	-0.05	0.13	-0.402	0.688	1.0	0.9995901155158834
TMEM45B	5.96	-0.38	0.45	-0.835	0.404	1.0	0.9995901155158834
TMEM47	70.7	0.13	0.15	0.879	0.38	1.0	0.9995901155158834
TMEM50A	1600.0	0.05	0.09	0.558	0.577	1.0	0.9995901155158834
TMEM50B	367.0	0.07	0.1	0.666	0.506	1.0	0.9995901155158834
TMEM51	116.0	-0.1	0.16	-0.59	0.555	1.0	0.9995901155158834
TMEM52B	1.11	-0.23	1.16	-0.202	0.84	1.0	0.9995901155158834
TMEM53	22.4	0.22	0.29	0.767	0.443	1.0	0.9995901155158834
TMEM54	4.3	-0.51	0.63	-0.809	0.418	1.0	0.9995901155158834
TMEM59	1100.0	-0.11	0.08	-1.52	0.129	1.0	0.9995901155158834
TMEM60	110.0	0.15	0.17	0.877	0.381	1.0	0.9995901155158834
TMEM62	39.2	-0.09	0.21	-0.407	0.684	1.0	0.9995901155158834
TMEM63A	43.3	-0.34	0.19	-1.83	0.0672	1.0	0.9995901155158834
TMEM63B	134.0	-0.01	0.13	-0.0476	0.962	1.0	0.9995901155158834
TMEM63C	0.784	0.88	1.68	0.522	0.601	1.0	0.9995901155158834
TMEM64	245.0	0.09	0.11	0.845	0.398	1.0	0.9995901155158834
TMEM65	2640.0	0.1	0.11	0.934	0.35	1.0	0.9995901155158834
TMEM67	71.3	-0.17	0.14	-1.15	0.249	1.0	0.9995901155158834
TMEM68	161.0	0.17	0.11	1.55	0.12	1.0	0.9995901155158834
TMEM69	40.2	-0.09	0.19	-0.485	0.628	1.0	0.9995901155158834
TMEM70	47.6	-0.27	0.22	-1.22	0.224	1.0	0.9995901155158834
TMEM71	2.19	0.72	0.78	0.931	0.352	1.0	0.9995901155158834
TMEM74	30.8	0.1	0.2	0.486	0.627	1.0	0.9995901155158834
TMEM74B	48.7	0.36	0.23	1.54	0.124	1.0	0.9995901155158834
TMEM79	18.4	-0.31	0.23	-1.3	0.192	1.0	0.9995901155158834
TMEM80	13.1	-0.43	0.35	-1.21	0.225	1.0	0.9995901155158834
TMEM81	10.3	0.12	0.37	0.323	0.746	1.0	0.9995901155158834
TMEM86A	12.4	0.42	0.33	1.28	0.2	1.0	0.9995901155158834
TMEM86B	1.99	-0.06	0.88	-0.0675	0.946	1.0	0.9995901155158834
TMEM87A	512.0	-0.01	0.08	-0.179	0.858	1.0	0.9995901155158834
TMEM87B	618.0	-0.01	0.1	-0.0663	0.947	1.0	0.9995901155158834
TMEM88	67.7	-0.04	0.24	-0.167	0.867	1.0	0.9995901155158834
TMEM88B	1.14	0.46	1.15	0.396	0.692	1.0	0.9995901155158834
TMEM8B	32.8	0.09	0.24	0.391	0.696	1.0	0.9995901155158834
TMEM9	196.0	-0.11	0.1	-1.13	0.256	1.0	0.9995901155158834
TMEM91	14.5	-0.04	0.3	-0.125	0.901	1.0	0.9995901155158834
TMEM92	0.971	0.03	1.45	0.0227	0.982	1.0	0.9995901155158834
TMEM94	144.0	0.08	0.12	0.662	0.508	1.0	0.9995901155158834
TMEM97	287.0	0.02	0.11	0.181	0.857	1.0	0.9995901155158834
TMEM98	342.0	-0.09	0.11	-0.759	0.448	1.0	0.9995901155158834
TMEM9B	314.0	-0.03	0.11	-0.261	0.794	1.0	0.9995901155158834
TMF1	388.0	0.0	0.09	0.0382	0.97	1.0	0.9995901155158834
TMIE	2.42	-0.67	1.04	-0.643	0.52	1.0	0.9995901155158834
TMIGD2	0.742	1.4	1.22	1.15	0.252	1.0	0.9995901155158834
TMLHE	51.0	0.15	0.26	0.602	0.547	1.0	0.9995901155158834
TMOD1	101.0	0.04	0.16	0.28	0.779	1.0	0.9995901155158834
TMOD2	845.0	0.03	0.09	0.363	0.717	1.0	0.9995901155158834
TMOD3	1270.0	0.01	0.06	0.0979	0.922	1.0	0.9995901155158834
TMOD4	0.471	-0.25	1.83	-0.137	0.891	1.0	0.9995901155158834
TMPO	1310.0	0.1	0.08	1.18	0.237	1.0	0.9995901155158834
TMPPE	25.7	0.42	0.27	1.6	0.11	1.0	0.9995901155158834
TMPRSS11E	1.7	-1.06	0.93	-1.13	0.257	1.0	0.9995901155158834
TMPRSS13	0.855	0.85	1.34	0.636	0.524	1.0	0.9995901155158834
TMPRSS2	0.479	-1.1	1.92	-0.574	0.566	1.0	0.9995901155158834
TMPRSS4	0.734	0.4	1.45	0.278	0.781	1.0	0.9995901155158834
TMPRSS5	0.475	0.52	1.66	0.316	0.752	1.0	0.9995901155158834
TMSB10	7810.0	0.02	0.1	0.193	0.847	1.0	0.9995901155158834
TMSB15A	46.0	-0.25	0.2	-1.23	0.219	1.0	0.9995901155158834
TMSB15B	71.6	0.17	0.21	0.815	0.415	1.0	0.9995901155158834
TMSB4X	11700.0	0.02	0.08	0.242	0.809	1.0	0.9995901155158834
TMTC1	67.7	0.49	0.17	2.95	0.00316	1.0	0.9995901155158834
TMTC2	96.3	0.13	0.16	0.777	0.437	1.0	0.9995901155158834
TMTC3	750.0	0.08	0.09	0.915	0.36	1.0	0.9995901155158834
TMTC4	559.0	0.08	0.1	0.744	0.457	1.0	0.9995901155158834
TMUB1	48.8	0.07	0.25	0.279	0.78	1.0	0.9995901155158834
TMUB2	114.0	0.06	0.12	0.512	0.609	1.0	0.9995901155158834
TMX1	840.0	0.04	0.08	0.455	0.649	1.0	0.9995901155158834
TMX2	297.0	-0.07	0.09	-0.749	0.454	1.0	0.9995901155158834
TMX3	1030.0	0.07	0.09	0.809	0.418	1.0	0.9995901155158834
TMX4	841.0	-0.09	0.08	-1.04	0.3	1.0	0.9995901155158834
TNC	23.0	0.02	0.27	0.0909	0.928	1.0	0.9995901155158834
TNFAIP1	545.0	0.08	0.08	1.03	0.305	1.0	0.9995901155158834
TNFAIP2	91.0	0.39	0.15	2.59	0.00964	1.0	0.9995901155158834
TNFAIP3	189.0	0.13	0.17	0.779	0.436	1.0	0.9995901155158834
TNFAIP6	0.503	2.18	1.86	1.17	0.241	1.0	0.9995901155158834
TNFAIP8	134.0	-0.01	0.16	-0.0932	0.926	1.0	0.9995901155158834
TNFAIP8L1	213.0	0.06	0.15	0.4	0.689	1.0	0.9995901155158834
TNFAIP8L2	0.557	-2.44	1.82	-1.34	0.179	1.0	0.9995901155158834
TNFAIP8L2-SCNM1	0.581	-2.53	1.99	-1.27	0.204	1.0	0.9995901155158834
TNFAIP8L3	33.2	-0.16	0.26	-0.619	0.536	1.0	0.9995901155158834
TNFRSF10A	239.0	0.07	0.12	0.638	0.524	1.0	0.9995901155158834
TNFRSF10B	1430.0	0.05	0.08	0.643	0.52	1.0	0.9995901155158834
TNFRSF10C	109.0	0.04	0.15	0.284	0.776	1.0	0.9995901155158834
TNFRSF10D	1490.0	0.03	0.06	0.609	0.543	1.0	0.9995901155158834
TNFRSF11A	341.0	0.1	0.12	0.853	0.394	1.0	0.9995901155158834
TNFRSF11B	1.87	-0.32	0.92	-0.346	0.729	1.0	0.9995901155158834
TNFRSF12A	21.5	-0.17	0.34	-0.501	0.617	1.0	0.9995901155158834
TNFRSF13C	3.48	0.08	0.68	0.123	0.902	1.0	0.9995901155158834
TNFRSF14	8.01	0.08	0.47	0.166	0.868	1.0	0.9995901155158834
TNFRSF19	48.3	0.23	0.23	0.99	0.322	1.0	0.9995901155158834
TNFRSF1A	512.0	0.01	0.07	0.141	0.888	1.0	0.9995901155158834
TNFRSF1B	709.0	0.03	0.15	0.189	0.85	1.0	0.9995901155158834
TNFRSF21	2330.0	0.07	0.1	0.734	0.463	1.0	0.9995901155158834
TNFRSF25	8.62	0.32	0.56	0.566	0.571	1.0	0.9995901155158834
TNFRSF6B	4.67	-0.08	0.62	-0.132	0.895	1.0	0.9995901155158834
TNFRSF8	15.4	0.16	0.31	0.496	0.62	1.0	0.9995901155158834
TNFRSF9	44.0	0.47	0.29	1.63	0.103	1.0	0.9995901155158834
TNFSF10	82.8	-0.05	0.21	-0.222	0.824	1.0	0.9995901155158834
TNFSF11	1.47	0.72	1.04	0.689	0.491	1.0	0.9995901155158834
TNFSF12	46.1	-0.0	0.23	-0.015	0.988	1.0	0.9995901155158834
TNFSF12-TNFSF13	5.25	-0.01	0.75	-0.0123	0.99	1.0	0.9995901155158834
TNFSF13	7.21	0.39	0.67	0.583	0.56	1.0	0.9995901155158834
TNFSF13B	3.32	0.13	0.83	0.159	0.874	1.0	0.9995901155158834
TNFSF14	0.946	1.44	1.38	1.05	0.296	1.0	0.9995901155158834
TNFSF15	2.92	1.31	0.73	1.8	0.0723	1.0	0.9995901155158834
TNFSF18	2.79	0.37	0.67	0.56	0.575	1.0	0.9995901155158834
TNFSF4	12.7	-0.11	0.37	-0.29	0.772	1.0	0.9995901155158834
TNFSF9	17.8	0.22	0.25	0.868	0.385	1.0	0.9995901155158834
TNIK	1900.0	-0.05	0.08	-0.609	0.542	1.0	0.9995901155158834
TNIP1	1360.0	-0.01	0.12	-0.0565	0.955	1.0	0.9995901155158834
TNIP2	285.0	0.01	0.12	0.0988	0.921	1.0	0.9995901155158834
TNIP3	7.06	0.4	0.46	0.866	0.386	1.0	0.9995901155158834
TNK1	1.71	-1.01	0.98	-1.03	0.303	1.0	0.9995901155158834
TNK2	174.0	0.17	0.13	1.32	0.186	1.0	0.9995901155158834
TNKS	612.0	-0.06	0.11	-0.561	0.575	1.0	0.9995901155158834
TNKS1BP1	1090.0	-0.0	0.11	-0.024	0.981	1.0	0.9995901155158834
TNKS2	854.0	-0.02	0.07	-0.303	0.762	1.0	0.9995901155158834
TNN	10.4	0.21	0.41	0.511	0.609	1.0	0.9995901155158834
TNNC1	0.857	0.55	1.23	0.45	0.653	1.0	0.9995901155158834
TNNI1	0.526	-0.71	1.8	-0.393	0.694	1.0	0.9995901155158834
TNNT1	2.95	-0.24	0.66	-0.358	0.721	1.0	0.9995901155158834
TNPO1	2720.0	0.03	0.09	0.323	0.746	1.0	0.9995901155158834
TNPO2	259.0	0.03	0.1	0.264	0.792	1.0	0.9995901155158834
TNPO3	769.0	0.01	0.06	0.162	0.872	1.0	0.9995901155158834
TNR	4.57	-0.29	0.53	-0.559	0.576	1.0	0.9995901155158834
TNRC18	549.0	0.02	0.12	0.159	0.874	1.0	0.9995901155158834
TNRC6A	499.0	-0.03	0.11	-0.254	0.799	1.0	0.9995901155158834
TNRC6B	455.0	0.08	0.11	0.757	0.449	1.0	0.9995901155158834
TNRC6C	184.0	-0.01	0.12	-0.113	0.91	1.0	0.9995901155158834
TNS1	72.0	0.01	0.18	0.0771	0.939	1.0	0.9995901155158834
TNS2	120.0	0.14	0.16	0.876	0.381	1.0	0.9995901155158834
TNS3	488.0	0.01	0.09	0.161	0.872	1.0	0.9995901155158834
TNS4	0.869	1.87	1.58	1.18	0.237	1.0	0.9995901155158834
TNXB	13.2	0.3	0.42	0.71	0.478	1.0	0.9995901155158834
TOB1	41.6	-0.28	0.21	-1.34	0.181	1.0	0.9995901155158834
TOB2	449.0	0.13	0.1	1.28	0.202	1.0	0.9995901155158834
TOE1	49.7	-0.2	0.22	-0.907	0.364	1.0	0.9995901155158834
TOGARAM1	144.0	-0.15	0.12	-1.27	0.205	1.0	0.9995901155158834
TOLLIP	410.0	0.04	0.08	0.51	0.61	1.0	0.9995901155158834
TOM1	102.0	-0.02	0.17	-0.113	0.91	1.0	0.9995901155158834
TOM1L1	14.1	-0.34	0.35	-0.974	0.33	1.0	0.9995901155158834
TOM1L2	107.0	-0.08	0.14	-0.574	0.566	1.0	0.9995901155158834
TOMM20	2120.0	0.06	0.08	0.739	0.46	1.0	0.9995901155158834
TOMM22	617.0	0.02	0.1	0.246	0.806	1.0	0.9995901155158834
TOMM34	178.0	-0.11	0.13	-0.845	0.398	1.0	0.9995901155158834
TOMM40	364.0	-0.07	0.15	-0.468	0.64	1.0	0.9995901155158834
TOMM40L	99.3	0.02	0.14	0.109	0.913	1.0	0.9995901155158834
TOMM5	368.0	-0.01	0.13	-0.056	0.955	1.0	0.9995901155158834
TOMM6	225.0	0.03	0.12	0.245	0.806	1.0	0.9995901155158834
TOMM7	355.0	0.03	0.12	0.216	0.829	1.0	0.9995901155158834
TOMM70	944.0	0.03	0.09	0.318	0.75	1.0	0.9995901155158834
TONSL	62.0	-0.04	0.22	-0.161	0.872	1.0	0.9995901155158834
TOP1	3380.0	-0.01	0.07	-0.0998	0.921	1.0	0.9995901155158834
TOP1MT	216.0	-0.07	0.11	-0.625	0.532	1.0	0.9995901155158834
TOP2A	334.0	0.02	0.1	0.202	0.84	1.0	0.9995901155158834
TOP2B	2570.0	-0.01	0.1	-0.0848	0.932	1.0	0.9995901155158834
TOP3A	248.0	0.01	0.08	0.0716	0.943	1.0	0.9995901155158834
TOP3B	79.9	-0.16	0.13	-1.25	0.212	1.0	0.9995901155158834
TOPBP1	764.0	0.0	0.06	0.0283	0.977	1.0	0.9995901155158834
TOPORS	324.0	0.01	0.1	0.0587	0.953	1.0	0.9995901155158834
TOR1A	271.0	0.08	0.11	0.783	0.433	1.0	0.9995901155158834
TOR1AIP1	933.0	0.09	0.1	0.835	0.404	1.0	0.9995901155158834
TOR1AIP2	497.0	0.1	0.08	1.23	0.218	1.0	0.9995901155158834
TOR1B	133.0	-0.04	0.14	-0.283	0.777	1.0	0.9995901155158834
TOR2A	50.1	-0.28	0.24	-1.15	0.25	1.0	0.9995901155158834
TOR3A	157.0	0.05	0.11	0.49	0.624	1.0	0.9995901155158834
TOR4A	200.0	0.04	0.14	0.308	0.758	1.0	0.9995901155158834
TOX	2.35	-0.02	0.75	-0.0237	0.981	1.0	0.9995901155158834
TOX2	95.6	-0.0	0.14	-0.00662	0.995	1.0	0.9995901155158834
TOX3	5.86	-0.11	0.5	-0.228	0.82	1.0	0.9995901155158834
TOX4	255.0	0.01	0.09	0.0745	0.941	1.0	0.9995901155158834
TP53	332.0	-0.06	0.09	-0.639	0.523	1.0	0.9995901155158834
TP53BP1	832.0	-0.06	0.09	-0.667	0.505	1.0	0.9995901155158834
TP53BP2	414.0	-0.11	0.1	-1.11	0.267	1.0	0.9995901155158834
TP53I11	518.0	-0.05	0.08	-0.624	0.533	1.0	0.9995901155158834
TP53I13	35.2	-0.32	0.23	-1.38	0.168	1.0	0.9995901155158834
TP53I3	421.0	-0.06	0.13	-0.45	0.652	1.0	0.9995901155158834
TP53INP1	918.0	0.04	0.15	0.281	0.779	1.0	0.9995901155158834
TP53INP2	882.0	-0.0	0.1	-0.0217	0.983	1.0	0.9995901155158834
TP53RK	142.0	0.07	0.13	0.504	0.614	1.0	0.9995901155158834
TP53TG5	0.446	2.02	2.12	0.953	0.341	1.0	0.9995901155158834
TP63	3.05	0.3	0.73	0.409	0.683	1.0	0.9995901155158834
TP73	0.896	0.72	1.28	0.565	0.572	1.0	0.9995901155158834
TPBG	239.0	-0.03	0.1	-0.269	0.788	1.0	0.9995901155158834
TPBGL	31.0	-0.26	0.25	-1.04	0.3	1.0	0.9995901155158834
TPCN1	71.3	-0.05	0.17	-0.29	0.772	1.0	0.9995901155158834
TPCN2	142.0	0.06	0.09	0.647	0.518	1.0	0.9995901155158834
TPD52	12.4	-0.5	0.46	-1.08	0.28	1.0	0.9995901155158834
TPD52L1	12.8	0.44	0.37	1.2	0.231	1.0	0.9995901155158834
TPD52L2	1070.0	0.03	0.08	0.398	0.69	1.0	0.9995901155158834
TPGS1	7.89	0.41	0.4	1.03	0.304	1.0	0.9995901155158834
TPGS2	286.0	-0.26	0.1	-2.57	0.0101	1.0	0.9995901155158834
TPH1	2.75	0.64	0.73	0.868	0.386	1.0	0.9995901155158834
TPI1	2310.0	-0.07	0.09	-0.742	0.458	1.0	0.9995901155158834
TPK1	18.3	-0.29	0.29	-0.999	0.318	1.0	0.9995901155158834
TPM1	2890.0	-0.06	0.11	-0.485	0.627	1.0	0.9995901155158834
TPM2	4110.0	-0.02	0.11	-0.187	0.852	1.0	0.9995901155158834
TPM3	15200.0	-0.1	0.09	-1.14	0.254	1.0	0.9995901155158834
TPM4	21600.0	-0.06	0.1	-0.572	0.567	1.0	0.9995901155158834
TPMT	327.0	-0.07	0.12	-0.587	0.557	1.0	0.9995901155158834
TPP1	449.0	-0.2	0.09	-2.29	0.0218	1.0	0.9995901155158834
TPP2	532.0	-0.01	0.09	-0.156	0.876	1.0	0.9995901155158834
TPPP	3.33	0.16	0.6	0.262	0.793	1.0	0.9995901155158834
TPPP3	2.5	-0.16	0.66	-0.249	0.804	1.0	0.9995901155158834
TPR	3150.0	-0.06	0.12	-0.495	0.62	1.0	0.9995901155158834
TPRA1	52.4	-0.08	0.24	-0.356	0.722	1.0	0.9995901155158834
TPRG1	0.587	-0.24	1.62	-0.151	0.88	1.0	0.9995901155158834
TPRG1L	241.0	-0.08	0.09	-0.872	0.383	1.0	0.9995901155158834
TPRKB	42.5	0.1	0.18	0.546	0.585	1.0	0.9995901155158834
TPRN	22.7	-0.35	0.29	-1.21	0.226	1.0	0.9995901155158834
TPST1	113.0	-0.08	0.14	-0.602	0.547	1.0	0.9995901155158834
TPST2	319.0	0.07	0.1	0.634	0.526	1.0	0.9995901155158834
TPT1	12000.0	0.02	0.04	0.467	0.641	1.0	0.9995901155158834
TPTE	0.42	0.91	2.2	0.412	0.68	1.0	0.9995901155158834
TPTE2	1.17	1.29	1.11	1.16	0.248	1.0	0.9995901155158834
TPTEP2-CSNK1E	56.5	-0.07	0.23	-0.289	0.772	1.0	0.9995901155158834
TPX2	265.0	-0.17	0.11	-1.48	0.138	1.0	0.9995901155158834
TRA2A	2210.0	0.14	0.09	1.58	0.113	1.0	0.9995901155158834
TRA2B	2770.0	-0.02	0.06	-0.309	0.757	1.0	0.9995901155158834
TRABD	147.0	-0.01	0.11	-0.125	0.9	1.0	0.9995901155158834
TRABD2A	5.65	-0.27	0.44	-0.607	0.544	1.0	0.9995901155158834
TRABD2B	0.778	0.44	1.52	0.293	0.769	1.0	0.9995901155158834
TRADD	10.1	0.69	0.41	1.65	0.098	1.0	0.9995901155158834
TRAF1	13.7	0.67	0.34	1.97	0.0493	1.0	0.9995901155158834
TRAF2	93.6	0.02	0.14	0.146	0.884	1.0	0.9995901155158834
TRAF3	505.0	0.0	0.1	0.0417	0.967	1.0	0.9995901155158834
TRAF3IP1	442.0	-0.05	0.14	-0.348	0.728	1.0	0.9995901155158834
TRAF3IP2	53.9	-0.19	0.2	-0.947	0.343	1.0	0.9995901155158834
TRAF4	341.0	-0.05	0.1	-0.485	0.627	1.0	0.9995901155158834
TRAF5	82.2	0.04	0.13	0.269	0.788	1.0	0.9995901155158834
TRAF6	236.0	0.06	0.11	0.573	0.567	1.0	0.9995901155158834
TRAF7	331.0	0.06	0.1	0.573	0.567	1.0	0.9995901155158834
TRAFD1	337.0	0.01	0.1	0.125	0.901	1.0	0.9995901155158834
TRAIP	34.8	0.29	0.18	1.65	0.0989	1.0	0.9995901155158834
TRAK1	311.0	0.04	0.11	0.357	0.721	1.0	0.9995901155158834
TRAK2	683.0	0.08	0.07	1.12	0.262	1.0	0.9995901155158834
TRAM1	1910.0	0.07	0.1	0.695	0.487	1.0	0.9995901155158834
TRAM1L1	189.0	0.12	0.14	0.851	0.395	1.0	0.9995901155158834
TRAM2	480.0	0.06	0.11	0.58	0.562	1.0	0.9995901155158834
TRANK1	150.0	0.03	0.13	0.25	0.802	1.0	0.9995901155158834
TRAP1	273.0	0.05	0.1	0.522	0.602	1.0	0.9995901155158834
TRAPPC1	268.0	-0.0	0.14	-0.0172	0.986	1.0	0.9995901155158834
TRAPPC10	310.0	0.11	0.09	1.29	0.197	1.0	0.9995901155158834
TRAPPC11	251.0	0.02	0.09	0.247	0.805	1.0	0.9995901155158834
TRAPPC12	143.0	-0.14	0.14	-1.01	0.312	1.0	0.9995901155158834
TRAPPC13	122.0	0.07	0.11	0.587	0.557	1.0	0.9995901155158834
TRAPPC14	26.0	-0.48	0.26	-1.83	0.0678	1.0	0.9995901155158834
TRAPPC2	99.2	0.1	0.13	0.787	0.431	1.0	0.9995901155158834
TRAPPC2B	25.6	-0.16	0.23	-0.705	0.481	1.0	0.9995901155158834
TRAPPC2L	169.0	-0.07	0.14	-0.5	0.617	1.0	0.9995901155158834
TRAPPC3	305.0	-0.03	0.08	-0.352	0.725	1.0	0.9995901155158834
TRAPPC3L	3.53	-0.14	0.64	-0.224	0.823	1.0	0.9995901155158834
TRAPPC4	250.0	0.04	0.11	0.368	0.713	1.0	0.9995901155158834
TRAPPC5	115.0	-0.13	0.24	-0.531	0.595	1.0	0.9995901155158834
TRAPPC6A	49.5	-0.3	0.2	-1.49	0.135	1.0	0.9995901155158834
TRAPPC6B	581.0	0.05	0.07	0.633	0.527	1.0	0.9995901155158834
TRAPPC8	273.0	-0.06	0.1	-0.586	0.558	1.0	0.9995901155158834
TRAPPC9	156.0	0.01	0.15	0.036	0.971	1.0	0.9995901155158834
TRDMT1	88.3	-0.01	0.15	-0.0819	0.935	1.0	0.9995901155158834
TREH	2.02	1.0	1.11	0.897	0.37	1.0	0.9995901155158834
TREM1	0.663	1.54	1.83	0.84	0.401	1.0	0.9995901155158834
TREML2	0.665	-0.31	1.46	-0.212	0.832	1.0	0.9995901155158834
TRERF1	33.2	0.32	0.26	1.21	0.227	1.0	0.9995901155158834
TRH	7.4	-0.83	0.45	-1.85	0.0639	1.0	0.9995901155158834
TRHDE	1.29	1.17	2.14	0.545	0.586	1.0	0.9995901155158834
TRIAP1	603.0	0.14	0.1	1.41	0.159	1.0	0.9995901155158834
TRIB1	102.0	-0.11	0.13	-0.916	0.36	1.0	0.9995901155158834
TRIB2	383.0	0.12	0.12	1.06	0.288	1.0	0.9995901155158834
TRIB3	91.6	-0.05	0.19	-0.261	0.794	1.0	0.9995901155158834
TRIL	55.2	0.05	0.22	0.239	0.811	1.0	0.9995901155158834
TRIM11	159.0	-0.12	0.12	-0.994	0.32	1.0	0.9995901155158834
TRIM13	304.0	0.03	0.1	0.314	0.753	1.0	0.9995901155158834
TRIM14	5.53	-0.35	0.6	-0.582	0.56	1.0	0.9995901155158834
TRIM16	78.7	0.1	0.16	0.586	0.558	1.0	0.9995901155158834
TRIM16L	31.1	0.13	0.31	0.431	0.667	1.0	0.9995901155158834
TRIM17	3.22	-1.37	0.72	-1.91	0.056	1.0	0.9995901155158834
TRIM2	377.0	-0.06	0.09	-0.591	0.554	1.0	0.9995901155158834
TRIM21	223.0	-0.08	0.11	-0.758	0.449	1.0	0.9995901155158834
TRIM22	41.0	-0.02	0.25	-0.0627	0.95	1.0	0.9995901155158834
TRIM23	123.0	-0.26	0.16	-1.64	0.102	1.0	0.9995901155158834
TRIM24	559.0	0.07	0.09	0.727	0.467	1.0	0.9995901155158834
TRIM25	207.0	-0.02	0.12	-0.163	0.87	1.0	0.9995901155158834
TRIM26	184.0	-0.04	0.11	-0.363	0.717	1.0	0.9995901155158834
TRIM27	585.0	-0.03	0.07	-0.407	0.684	1.0	0.9995901155158834
TRIM28	1080.0	-0.06	0.08	-0.759	0.448	1.0	0.9995901155158834
TRIM3	85.2	-0.05	0.14	-0.404	0.686	1.0	0.9995901155158834
TRIM32	144.0	-0.06	0.11	-0.543	0.587	1.0	0.9995901155158834
TRIM33	492.0	0.03	0.08	0.386	0.699	1.0	0.9995901155158834
TRIM34	23.7	0.26	0.29	0.876	0.381	1.0	0.9995901155158834
TRIM35	182.0	0.1	0.11	0.971	0.332	1.0	0.9995901155158834
TRIM36	74.4	0.13	0.16	0.814	0.416	1.0	0.9995901155158834
TRIM37	391.0	-0.1	0.08	-1.21	0.228	1.0	0.9995901155158834
TRIM38	204.0	-0.09	0.11	-0.819	0.413	1.0	0.9995901155158834
TRIM39	179.0	-0.04	0.11	-0.355	0.723	1.0	0.9995901155158834
TRIM39-RPP21	1.14	-0.48	2.98	-0.162	0.872	1.0	0.9995901155158834
TRIM4	192.0	0.06	0.09	0.653	0.514	1.0	0.9995901155158834
TRIM41	101.0	0.02	0.17	0.0995	0.921	1.0	0.9995901155158834
TRIM44	2150.0	0.04	0.11	0.343	0.732	1.0	0.9995901155158834
TRIM45	35.5	-0.17	0.18	-0.93	0.352	1.0	0.9995901155158834
TRIM46	6.79	-0.32	0.49	-0.664	0.507	1.0	0.9995901155158834
TRIM47	223.0	-0.24	0.12	-2.01	0.0441	1.0	0.9995901155158834
TRIM49D1	3.75	-0.62	0.62	-0.996	0.319	1.0	0.9995901155158834
TRIM5	263.0	0.02	0.13	0.13	0.897	1.0	0.9995901155158834
TRIM52	39.9	-0.08	0.19	-0.389	0.697	1.0	0.9995901155158834
TRIM54	0.545	1.41	1.72	0.817	0.414	1.0	0.9995901155158834
TRIM55	0.921	-1.28	1.4	-0.915	0.36	1.0	0.9995901155158834
TRIM56	304.0	0.11	0.12	0.899	0.369	1.0	0.9995901155158834
TRIM58	9.71	-0.2	0.5	-0.405	0.686	1.0	0.9995901155158834
TRIM59	56.8	0.13	0.18	0.686	0.492	1.0	0.9995901155158834
TRIM6	86.9	0.01	0.17	0.075	0.94	1.0	0.9995901155158834
TRIM6-TRIM34	8.59	-0.36	1.6	-0.226	0.821	1.0	0.9995901155158834
TRIM61	17.8	-0.07	0.29	-0.24	0.811	1.0	0.9995901155158834
TRIM62	21.5	0.12	0.33	0.382	0.703	1.0	0.9995901155158834
TRIM65	182.0	0.06	0.13	0.471	0.637	1.0	0.9995901155158834
TRIM66	32.2	0.17	0.27	0.625	0.532	1.0	0.9995901155158834
TRIM67	4.3	0.63	0.54	1.17	0.24	1.0	0.9995901155158834
TRIM68	112.0	-0.05	0.13	-0.394	0.694	1.0	0.9995901155158834
TRIM69	1.1	-1.77	1.18	-1.5	0.135	1.0	0.9995901155158834
TRIM7	1.78	-0.69	0.97	-0.71	0.478	1.0	0.9995901155158834
TRIM71	993.0	0.09	0.1	0.877	0.381	1.0	0.9995901155158834
TRIM72	10.1	0.18	0.38	0.474	0.636	1.0	0.9995901155158834
TRIM74	0.696	0.6	1.54	0.388	0.698	1.0	0.9995901155158834
TRIM8	774.0	-0.06	0.08	-0.692	0.489	1.0	0.9995901155158834
TRIM9	9.92	0.07	0.39	0.18	0.857	1.0	0.9995901155158834
TRIML1	3.66	-0.85	0.65	-1.32	0.188	1.0	0.9995901155158834
TRIML2	43.0	0.18	0.44	0.407	0.684	1.0	0.9995901155158834
TRIO	1400.0	0.03	0.11	0.312	0.755	1.0	0.9995901155158834
TRIOBP	1090.0	-0.13	0.1	-1.39	0.163	1.0	0.9995901155158834
TRIP10	410.0	-0.14	0.1	-1.49	0.136	1.0	0.9995901155158834
TRIP11	673.0	0.08	0.11	0.683	0.495	1.0	0.9995901155158834
TRIP12	3090.0	-0.0	0.07	-0.0463	0.963	1.0	0.9995901155158834
TRIP13	89.1	0.14	0.13	1.14	0.255	1.0	0.9995901155158834
TRIP4	490.0	-0.02	0.1	-0.183	0.855	1.0	0.9995901155158834
TRIP6	245.0	0.01	0.12	0.0528	0.958	1.0	0.9995901155158834
TRIQK	177.0	0.12	0.13	0.916	0.36	1.0	0.9995901155158834
TRIR	697.0	0.03	0.12	0.234	0.815	1.0	0.9995901155158834
TRIT1	130.0	0.23	0.16	1.43	0.153	1.0	0.9995901155158834
TRMO	67.2	-0.08	0.17	-0.472	0.637	1.0	0.9995901155158834
TRMT1	203.0	0.07	0.14	0.544	0.587	1.0	0.9995901155158834
TRMT10A	96.1	0.05	0.14	0.321	0.748	1.0	0.9995901155158834
TRMT10B	46.9	0.18	0.18	1.01	0.314	1.0	0.9995901155158834
TRMT10C	244.0	0.08	0.1	0.796	0.426	1.0	0.9995901155158834
TRMT11	66.1	0.29	0.16	1.8	0.072	1.0	0.9995901155158834
TRMT112	1430.0	-0.03	0.1	-0.335	0.738	1.0	0.9995901155158834
TRMT12	153.0	-0.01	0.09	-0.111	0.912	1.0	0.9995901155158834
TRMT13	153.0	0.07	0.12	0.626	0.531	1.0	0.9995901155158834
TRMT1L	331.0	0.07	0.09	0.7	0.484	1.0	0.9995901155158834
TRMT2A	107.0	-0.14	0.14	-1.0	0.316	1.0	0.9995901155158834
TRMT2B	185.0	0.15	0.12	1.32	0.188	1.0	0.9995901155158834
TRMT44	69.7	0.02	0.14	0.176	0.861	1.0	0.9995901155158834
TRMT5	162.0	-0.02	0.13	-0.133	0.895	1.0	0.9995901155158834
TRMT6	193.0	-0.09	0.11	-0.89	0.374	1.0	0.9995901155158834
TRMT61A	39.4	-0.01	0.2	-0.0708	0.944	1.0	0.9995901155158834
TRMT61B	77.0	-0.11	0.14	-0.788	0.431	1.0	0.9995901155158834
TRMT9B	49.6	0.18	0.23	0.795	0.427	1.0	0.9995901155158834
TRMU	208.0	-0.13	0.1	-1.25	0.212	1.0	0.9995901155158834
TRNAU1AP	237.0	-0.1	0.12	-0.821	0.412	1.0	0.9995901155158834
TRNP1	108.0	0.17	0.17	0.992	0.321	1.0	0.9995901155158834
TRNT1	247.0	0.17	0.12	1.46	0.143	1.0	0.9995901155158834
TRO	351.0	-0.02	0.12	-0.163	0.87	1.0	0.9995901155158834
TROAP	11.2	-0.66	0.46	-1.43	0.152	1.0	0.9995901155158834
TRPA1	6.23	0.26	0.47	0.553	0.58	1.0	0.9995901155158834
TRPC1	130.0	0.26	0.14	1.82	0.069	1.0	0.9995901155158834
TRPC3	3.45	0.37	0.8	0.466	0.641	1.0	0.9995901155158834
TRPC4	20.6	0.08	0.27	0.297	0.766	1.0	0.9995901155158834
TRPC4AP	409.0	-0.12	0.13	-0.994	0.32	1.0	0.9995901155158834
TRPC5	6.11	0.72	0.59	1.23	0.219	1.0	0.9995901155158834
TRPC6	0.403	-0.95	2.24	-0.425	0.671	1.0	0.9995901155158834
TRPM3	2.0	-0.8	1.07	-0.747	0.455	1.0	0.9995901155158834
TRPM4	104.0	-0.24	0.14	-1.64	0.101	1.0	0.9995901155158834
TRPM6	19.2	-0.31	0.31	-0.984	0.325	1.0	0.9995901155158834
TRPM7	426.0	0.06	0.09	0.698	0.485	1.0	0.9995901155158834
TRPS1	22.3	0.09	0.24	0.384	0.701	1.0	0.9995901155158834
TRPT1	21.3	0.05	0.3	0.166	0.869	1.0	0.9995901155158834
TRPV1	14.7	-0.39	0.35	-1.12	0.264	1.0	0.9995901155158834
TRPV2	86.9	-0.15	0.18	-0.785	0.433	1.0	0.9995901155158834
TRPV3	1.32	-2.84	1.28	-2.22	0.0267	1.0	0.9995901155158834
TRPV4	6.94	0.31	0.48	0.648	0.517	1.0	0.9995901155158834
TRRAP	584.0	-0.08	0.12	-0.661	0.509	1.0	0.9995901155158834
TRUB1	209.0	0.03	0.09	0.308	0.758	1.0	0.9995901155158834
TRUB2	161.0	0.01	0.12	0.0524	0.958	1.0	0.9995901155158834
TSC1	343.0	-0.05	0.11	-0.455	0.649	1.0	0.9995901155158834
TSC2	370.0	-0.08	0.12	-0.691	0.489	1.0	0.9995901155158834
TSC22D1	1070.0	-0.1	0.11	-0.924	0.356	1.0	0.9995901155158834
TSC22D2	328.0	-0.02	0.1	-0.237	0.813	1.0	0.9995901155158834
TSC22D3	808.0	0.18	0.12	1.51	0.13	1.0	0.9995901155158834
TSC22D4	130.0	-0.02	0.13	-0.171	0.864	1.0	0.9995901155158834
TSEN15	217.0	-0.1	0.12	-0.835	0.403	1.0	0.9995901155158834
TSEN2	112.0	0.19	0.14	1.37	0.171	1.0	0.9995901155158834
TSEN34	116.0	-0.01	0.15	-0.0967	0.923	1.0	0.9995901155158834
TSEN54	55.0	-0.08	0.17	-0.446	0.655	1.0	0.9995901155158834
TSFM	181.0	0.03	0.12	0.265	0.791	1.0	0.9995901155158834
TSG101	304.0	-0.05	0.1	-0.555	0.579	1.0	0.9995901155158834
TSGA10	2.93	0.04	0.71	0.0526	0.958	1.0	0.9995901155158834
TSGA13	2.12	-0.24	1.06	-0.23	0.818	1.0	0.9995901155158834
TSHZ1	60.9	0.17	0.17	0.991	0.321	1.0	0.9995901155158834
TSHZ2	137.0	0.08	0.15	0.54	0.589	1.0	0.9995901155158834
TSHZ3	42.0	-0.07	0.17	-0.43	0.667	1.0	0.9995901155158834
TSKU	94.9	-0.17	0.18	-0.92	0.357	1.0	0.9995901155158834
TSLP	1.53	-0.14	1.29	-0.11	0.912	1.0	0.9995901155158834
TSN	1580.0	-0.0	0.07	-0.0111	0.991	1.0	0.9995901155158834
TSNARE1	27.2	0.15	0.27	0.55	0.582	1.0	0.9995901155158834
TSNAX	375.0	-0.07	0.11	-0.661	0.509	1.0	0.9995901155158834
TSNAXIP1	6.96	0.05	0.52	0.0971	0.923	1.0	0.9995901155158834
TSPAN10	1.28	0.29	1.14	0.252	0.801	1.0	0.9995901155158834
TSPAN11	291.0	-0.01	0.15	-0.0642	0.949	1.0	0.9995901155158834
TSPAN12	479.0	-0.01	0.1	-0.0706	0.944	1.0	0.9995901155158834
TSPAN13	1610.0	0.03	0.13	0.242	0.809	1.0	0.9995901155158834
TSPAN14	1200.0	0.06	0.08	0.764	0.445	1.0	0.9995901155158834
TSPAN15	178.0	0.03	0.13	0.221	0.825	1.0	0.9995901155158834
TSPAN17	171.0	-0.06	0.09	-0.593	0.553	1.0	0.9995901155158834
TSPAN18	1500.0	-0.13	0.1	-1.23	0.22	1.0	0.9995901155158834
TSPAN2	107.0	-0.04	0.17	-0.222	0.824	1.0	0.9995901155158834
TSPAN3	2510.0	0.03	0.09	0.324	0.746	1.0	0.9995901155158834
TSPAN31	123.0	0.04	0.11	0.33	0.742	1.0	0.9995901155158834
TSPAN33	1.35	-0.85	0.99	-0.859	0.391	1.0	0.9995901155158834
TSPAN4	97.7	0.21	0.21	0.974	0.33	1.0	0.9995901155158834
TSPAN5	484.0	0.1	0.14	0.724	0.469	1.0	0.9995901155158834
TSPAN6	445.0	-0.03	0.13	-0.219	0.826	1.0	0.9995901155158834
TSPAN7	342.0	0.0	0.11	0.00712	0.994	1.0	0.9995901155158834
TSPAN9	551.0	-0.01	0.11	-0.104	0.917	1.0	0.9995901155158834
TSPEAR	0.537	0.97	1.61	0.6	0.549	1.0	0.9995901155158834
TSPO	20.0	0.3	0.3	1.0	0.317	1.0	0.9995901155158834
TSPOAP1	0.755	-1.17	1.45	-0.803	0.422	1.0	0.9995901155158834
TSPYL1	482.0	-0.04	0.08	-0.564	0.573	1.0	0.9995901155158834
TSPYL2	257.0	0.06	0.15	0.42	0.674	1.0	0.9995901155158834
TSPYL4	321.0	0.07	0.11	0.621	0.535	1.0	0.9995901155158834
TSR1	1020.0	0.02	0.09	0.245	0.806	1.0	0.9995901155158834
TSR2	528.0	-0.03	0.13	-0.245	0.807	1.0	0.9995901155158834
TSR3	1340.0	-0.06	0.07	-0.931	0.352	1.0	0.9995901155158834
TSSC4	79.0	0.22	0.18	1.24	0.213	1.0	0.9995901155158834
TSSK1B	1.1	0.21	1.58	0.135	0.893	1.0	0.9995901155158834
TSSK3	0.499	-1.15	1.45	-0.792	0.428	1.0	0.9995901155158834
TSSK4	2.28	1.18	0.76	1.56	0.12	1.0	0.9995901155158834
TSSK6	2.26	0.43	0.86	0.504	0.614	1.0	0.9995901155158834
TST	54.3	-0.26	0.19	-1.37	0.17	1.0	0.9995901155158834
TSTD1	76.2	0.12	0.2	0.597	0.551	1.0	0.9995901155158834
TSTD2	141.0	0.02	0.15	0.129	0.897	1.0	0.9995901155158834
TSTD3	23.0	0.34	0.3	1.12	0.261	1.0	0.9995901155158834
TTBK1	1.48	0.02	1.13	0.0185	0.985	1.0	0.9995901155158834
TTBK2	160.0	-0.11	0.14	-0.791	0.429	1.0	0.9995901155158834
TTC1	623.0	-0.04	0.09	-0.407	0.684	1.0	0.9995901155158834
TTC12	23.6	-0.21	0.29	-0.727	0.467	1.0	0.9995901155158834
TTC13	239.0	-0.04	0.1	-0.358	0.72	1.0	0.9995901155158834
TTC14	276.0	0.15	0.12	1.31	0.19	1.0	0.9995901155158834
TTC17	585.0	-0.11	0.08	-1.28	0.202	1.0	0.9995901155158834
TTC19	437.0	-0.08	0.1	-0.792	0.429	1.0	0.9995901155158834
TTC21A	8.24	-0.11	0.4	-0.279	0.78	1.0	0.9995901155158834
TTC21B	257.0	-0.13	0.09	-1.36	0.175	1.0	0.9995901155158834
TTC22	0.843	-0.52	1.37	-0.378	0.706	1.0	0.9995901155158834
TTC23	194.0	0.02	0.1	0.185	0.853	1.0	0.9995901155158834
TTC23L	3.83	-0.05	0.55	-0.0825	0.934	1.0	0.9995901155158834
TTC26	66.8	0.21	0.27	0.797	0.426	1.0	0.9995901155158834
TTC27	304.0	-0.08	0.11	-0.706	0.48	1.0	0.9995901155158834
TTC28	477.0	-0.06	0.13	-0.419	0.675	1.0	0.9995901155158834
TTC29	28.3	-0.17	0.26	-0.642	0.521	1.0	0.9995901155158834
TTC3	1470.0	-0.04	0.08	-0.533	0.594	1.0	0.9995901155158834
TTC30A	161.0	0.03	0.12	0.274	0.784	1.0	0.9995901155158834
TTC30B	58.7	-0.15	0.17	-0.911	0.363	1.0	0.9995901155158834
TTC31	67.7	-0.07	0.16	-0.44	0.66	1.0	0.9995901155158834
TTC32	3.94	-0.05	0.64	-0.081	0.935	1.0	0.9995901155158834
TTC33	173.0	0.08	0.13	0.572	0.567	1.0	0.9995901155158834
TTC37	663.0	-0.09	0.08	-1.04	0.299	1.0	0.9995901155158834
TTC38	83.5	-0.09	0.14	-0.624	0.533	1.0	0.9995901155158834
TTC39A	10.1	0.0	0.34	0.0141	0.989	1.0	0.9995901155158834
TTC39B	47.1	0.61	0.23	2.7	0.00689	1.0	0.9995901155158834
TTC39C	31.8	0.45	0.33	1.36	0.175	1.0	0.9995901155158834
TTC4	292.0	0.04	0.08	0.511	0.609	1.0	0.9995901155158834
TTC5	155.0	-0.03	0.1	-0.342	0.732	1.0	0.9995901155158834
TTC6	13.9	0.06	0.41	0.152	0.879	1.0	0.9995901155158834
TTC7A	30.3	0.16	0.29	0.566	0.572	1.0	0.9995901155158834
TTC7B	334.0	0.01	0.09	0.114	0.909	1.0	0.9995901155158834
TTC8	63.8	0.02	0.17	0.113	0.91	1.0	0.9995901155158834
TTC9	177.0	-0.06	0.14	-0.406	0.685	1.0	0.9995901155158834
TTC9C	103.0	-0.21	0.12	-1.69	0.0906	1.0	0.9995901155158834
TTF1	258.0	-0.05	0.11	-0.483	0.629	1.0	0.9995901155158834
TTF2	162.0	-0.07	0.11	-0.599	0.549	1.0	0.9995901155158834
TTI1	166.0	0.0	0.1	0.00373	0.997	1.0	0.9995901155158834
TTI2	86.9	0.12	0.16	0.732	0.464	1.0	0.9995901155158834
TTK	48.8	0.15	0.18	0.81	0.418	1.0	0.9995901155158834
TTL	569.0	0.05	0.08	0.583	0.56	1.0	0.9995901155158834
TTLL1	111.0	-0.01	0.13	-0.04	0.968	1.0	0.9995901155158834
TTLL11	39.8	-0.3	0.29	-1.02	0.305	1.0	0.9995901155158834
TTLL12	184.0	0.02	0.1	0.199	0.842	1.0	0.9995901155158834
TTLL3	9.08	0.62	0.54	1.15	0.251	1.0	0.9995901155158834
TTLL4	172.0	-0.09	0.11	-0.841	0.401	1.0	0.9995901155158834
TTLL5	208.0	-0.1	0.1	-0.965	0.334	1.0	0.9995901155158834
TTLL7	55.1	0.09	0.15	0.601	0.548	1.0	0.9995901155158834
TTLL9	0.369	-1.33	1.86	-0.717	0.473	1.0	0.9995901155158834
TTN	63.5	-0.11	0.27	-0.407	0.684	1.0	0.9995901155158834
TTPAL	122.0	0.04	0.16	0.225	0.822	1.0	0.9995901155158834
TTYH1	2.37	0.43	0.83	0.519	0.604	1.0	0.9995901155158834
TTYH3	3450.0	0.01	0.07	0.203	0.839	1.0	0.9995901155158834
TUB	49.1	-0.0	0.18	-0.0157	0.987	1.0	0.9995901155158834
TUBA1A	7750.0	-0.01	0.13	-0.117	0.907	1.0	0.9995901155158834
TUBA1B	7820.0	-0.03	0.11	-0.254	0.8	1.0	0.9995901155158834
TUBA1C	2160.0	0.03	0.11	0.235	0.814	1.0	0.9995901155158834
TUBA3D	1.48	-1.4	1.24	-1.13	0.259	1.0	0.9995901155158834
TUBA3E	0.621	1.01	1.69	0.597	0.55	1.0	0.9995901155158834
TUBA4A	6.31	-0.39	0.47	-0.837	0.402	1.0	0.9995901155158834
TUBA8	3.56	1.05	0.8	1.32	0.188	1.0	0.9995901155158834
TUBB	4130.0	-0.02	0.08	-0.286	0.775	1.0	0.9995901155158834
TUBB2A	1310.0	-0.05	0.13	-0.396	0.692	1.0	0.9995901155158834
TUBB2B	1920.0	0.02	0.08	0.242	0.809	1.0	0.9995901155158834
TUBB3	612.0	0.03	0.1	0.31	0.757	1.0	0.9995901155158834
TUBB4A	2.45	-1.0	0.8	-1.24	0.215	1.0	0.9995901155158834
TUBB4B	1460.0	-0.04	0.08	-0.466	0.642	1.0	0.9995901155158834
TUBB6	4160.0	-0.09	0.08	-1.07	0.286	1.0	0.9995901155158834
TUBB8	3.55	0.2	0.66	0.296	0.767	1.0	0.9995901155158834
TUBB8B	3.18	0.17	0.77	0.221	0.825	1.0	0.9995901155158834
TUBD1	115.0	0.03	0.14	0.219	0.827	1.0	0.9995901155158834
TUBE1	94.0	-0.11	0.13	-0.825	0.41	1.0	0.9995901155158834
TUBG1	253.0	-0.09	0.12	-0.759	0.448	1.0	0.9995901155158834
TUBG2	40.3	-0.23	0.24	-0.968	0.333	1.0	0.9995901155158834
TUBGCP2	267.0	-0.11	0.13	-0.868	0.386	1.0	0.9995901155158834
TUBGCP3	291.0	-0.05	0.1	-0.522	0.602	1.0	0.9995901155158834
TUBGCP4	68.4	-0.19	0.15	-1.29	0.196	1.0	0.9995901155158834
TUBGCP5	173.0	0.1	0.12	0.802	0.423	1.0	0.9995901155158834
TUBGCP6	115.0	0.26	0.16	1.63	0.102	1.0	0.9995901155158834
TUFM	775.0	-0.14	0.07	-2.05	0.0401	1.0	0.9995901155158834
TUFT1	86.3	0.03	0.17	0.154	0.878	1.0	0.9995901155158834
TULP2	0.864	0.13	1.4	0.0951	0.924	1.0	0.9995901155158834
TULP3	131.0	-0.18	0.15	-1.22	0.224	1.0	0.9995901155158834
TULP4	440.0	0.04	0.11	0.342	0.732	1.0	0.9995901155158834
TUSC1	54.6	0.18	0.25	0.724	0.469	1.0	0.9995901155158834
TUSC2	185.0	0.04	0.16	0.226	0.821	1.0	0.9995901155158834
TUSC3	748.0	-0.01	0.07	-0.0928	0.926	1.0	0.9995901155158834
TUT1	100.0	-0.02	0.13	-0.165	0.869	1.0	0.9995901155158834
TUT4	344.0	0.01	0.11	0.0553	0.956	1.0	0.9995901155158834
TUT7	356.0	-0.05	0.13	-0.423	0.672	1.0	0.9995901155158834
TVP23A	13.0	0.52	0.37	1.42	0.156	1.0	0.9995901155158834
TVP23B	454.0	0.09	0.1	0.869	0.385	1.0	0.9995901155158834
TVP23C	102.0	-0.05	0.16	-0.317	0.751	1.0	0.9995901155158834
TVP23C-CDRT4	96.5	-0.15	0.14	-1.04	0.297	1.0	0.9995901155158834
TWF1	779.0	0.16	0.1	1.61	0.107	1.0	0.9995901155158834
TWF2	171.0	-0.05	0.14	-0.329	0.742	1.0	0.9995901155158834
TWIST1	4.5	-0.33	0.7	-0.463	0.643	1.0	0.9995901155158834
TWIST2	4.7	0.16	0.62	0.255	0.798	1.0	0.9995901155158834
TWNK	123.0	0.2	0.13	1.6	0.109	1.0	0.9995901155158834
TWSG1	675.0	-0.04	0.08	-0.548	0.583	1.0	0.9995901155158834
TXK	3.75	0.54	0.61	0.889	0.374	1.0	0.9995901155158834
TXLNA	673.0	0.07	0.07	0.988	0.323	1.0	0.9995901155158834
TXLNB	12.6	0.02	0.37	0.0619	0.951	1.0	0.9995901155158834
TXLNG	182.0	0.09	0.1	0.915	0.36	1.0	0.9995901155158834
TXN	1240.0	0.12	0.09	1.25	0.21	1.0	0.9995901155158834
TXN2	171.0	-0.01	0.15	-0.092	0.927	1.0	0.9995901155158834
TXNDC11	173.0	-0.17	0.13	-1.35	0.176	1.0	0.9995901155158834
TXNDC12	356.0	-0.1	0.1	-0.986	0.324	1.0	0.9995901155158834
TXNDC15	675.0	0.08	0.09	0.926	0.355	1.0	0.9995901155158834
TXNDC16	115.0	0.09	0.13	0.736	0.462	1.0	0.9995901155158834
TXNDC17	157.0	0.01	0.12	0.0468	0.963	1.0	0.9995901155158834
TXNDC2	2.64	1.56	0.74	2.11	0.0352	1.0	0.9995901155158834
TXNDC5	1760.0	0.01	0.07	0.0727	0.942	1.0	0.9995901155158834
TXNDC9	408.0	-0.04	0.09	-0.492	0.623	1.0	0.9995901155158834
TXNIP	345.0	0.04	0.15	0.278	0.781	1.0	0.9995901155158834
TXNL1	520.0	-0.01	0.09	-0.108	0.914	1.0	0.9995901155158834
TXNL4A	592.0	0.06	0.1	0.599	0.549	1.0	0.9995901155158834
TXNL4B	135.0	0.14	0.14	1.04	0.3	1.0	0.9995901155158834
TXNRD1	2000.0	-0.02	0.09	-0.19	0.849	1.0	0.9995901155158834
TXNRD2	54.6	-0.28	0.19	-1.46	0.144	1.0	0.9995901155158834
TXNRD3	72.7	-0.01	0.15	-0.0822	0.935	1.0	0.9995901155158834
TYK2	233.0	0.04	0.13	0.289	0.772	1.0	0.9995901155158834
TYMP	8.17	0.3	0.4	0.744	0.457	1.0	0.9995901155158834
TYMS	1080.0	-0.06	0.07	-0.778	0.437	1.0	0.9995901155158834
TYRO3	264.0	0.06	0.11	0.562	0.574	1.0	0.9995901155158834
TYSND1	21.9	0.13	0.27	0.469	0.639	1.0	0.9995901155158834
TYW1	286.0	0.0	0.09	0.00844	0.993	1.0	0.9995901155158834
TYW1B	19.7	0.21	0.29	0.722	0.47	1.0	0.9995901155158834
TYW3	170.0	-0.14	0.09	-1.43	0.151	1.0	0.9995901155158834
TYW5	65.3	0.26	0.17	1.56	0.119	1.0	0.9995901155158834
U2AF1	864.0	0.09	0.2	0.451	0.652	1.0	0.9995901155158834
U2AF1L4	15.0	0.38	0.32	1.16	0.247	1.0	0.9995901155158834
U2AF1L5	925.0	0.06	0.24	0.261	0.794	1.0	0.9995901155158834
U2AF2	944.0	-0.06	0.1	-0.57	0.569	1.0	0.9995901155158834
U2SURP	1070.0	0.01	0.08	0.15	0.881	1.0	0.9995901155158834
UACA	1680.0	-0.04	0.11	-0.387	0.699	1.0	0.9995901155158834
UAP1	198.0	0.25	0.1	2.38	0.0174	1.0	0.9995901155158834
UAP1L1	58.6	-0.41	0.2	-2.03	0.0419	1.0	0.9995901155158834
UBA1	886.0	-0.13	0.12	-1.1	0.27	1.0	0.9995901155158834
UBA2	1090.0	-0.01	0.07	-0.166	0.868	1.0	0.9995901155158834
UBA3	460.0	-0.06	0.09	-0.634	0.526	1.0	0.9995901155158834
UBA5	627.0	-0.06	0.08	-0.809	0.418	1.0	0.9995901155158834
UBA52	439.0	-0.02	0.15	-0.136	0.892	1.0	0.9995901155158834
UBA6	655.0	0.05	0.09	0.493	0.622	1.0	0.9995901155158834
UBA7	1.92	0.8	0.97	0.826	0.409	1.0	0.9995901155158834
UBAC1	321.0	-0.02	0.1	-0.17	0.865	1.0	0.9995901155158834
UBAC2	318.0	-0.16	0.11	-1.45	0.148	1.0	0.9995901155158834
UBALD1	14.7	0.36	0.31	1.14	0.255	1.0	0.9995901155158834
UBALD2	61.6	0.25	0.17	1.47	0.142	1.0	0.9995901155158834
UBAP1	242.0	-0.09	0.09	-0.967	0.334	1.0	0.9995901155158834
UBAP2	731.0	-0.14	0.11	-1.3	0.193	1.0	0.9995901155158834
UBAP2L	1590.0	-0.16	0.1	-1.58	0.115	1.0	0.9995901155158834
UBASH3B	272.0	0.21	0.15	1.42	0.156	1.0	0.9995901155158834
UBB	3440.0	-0.08	0.1	-0.752	0.452	1.0	0.9995901155158834
UBC	4880.0	0.01	0.1	0.12	0.904	1.0	0.9995901155158834
UBD	19.6	0.41	0.43	0.957	0.339	1.0	0.9995901155158834
UBE2A	1080.0	0.12	0.12	0.959	0.337	1.0	0.9995901155158834
UBE2B	325.0	-0.01	0.13	-0.102	0.919	1.0	0.9995901155158834
UBE2C	55.1	0.53	0.22	2.49	0.0129	1.0	0.9995901155158834
UBE2D1	99.1	0.12	0.17	0.694	0.487	1.0	0.9995901155158834
UBE2D2	446.0	0.0	0.09	0.0541	0.957	1.0	0.9995901155158834
UBE2D3	1610.0	0.03	0.08	0.398	0.691	1.0	0.9995901155158834
UBE2D4	33.3	0.14	0.19	0.751	0.452	1.0	0.9995901155158834
UBE2E1	1050.0	0.11	0.11	0.967	0.334	1.0	0.9995901155158834
UBE2E2	168.0	0.1	0.14	0.713	0.476	1.0	0.9995901155158834
UBE2E3	265.0	0.04	0.1	0.468	0.639	1.0	0.9995901155158834
UBE2F	300.0	-0.04	0.09	-0.418	0.676	1.0	0.9995901155158834
UBE2G1	598.0	-0.0	0.1	-0.0317	0.975	1.0	0.9995901155158834
UBE2G2	890.0	0.06	0.11	0.537	0.591	1.0	0.9995901155158834
UBE2H	1440.0	0.03	0.09	0.4	0.689	1.0	0.9995901155158834
UBE2I	481.0	0.05	0.08	0.56	0.575	1.0	0.9995901155158834
UBE2J1	2430.0	-0.04	0.11	-0.355	0.723	1.0	0.9995901155158834
UBE2J2	170.0	0.04	0.13	0.311	0.756	1.0	0.9995901155158834
UBE2K	1540.0	0.09	0.1	0.877	0.381	1.0	0.9995901155158834
UBE2L3	541.0	-0.03	0.07	-0.482	0.63	1.0	0.9995901155158834
UBE2L5	8.15	0.07	0.61	0.121	0.904	1.0	0.9995901155158834
UBE2L6	38.5	0.12	0.18	0.671	0.502	1.0	0.9995901155158834
UBE2M	244.0	-0.11	0.1	-1.06	0.29	1.0	0.9995901155158834
UBE2N	1120.0	0.09	0.1	0.902	0.367	1.0	0.9995901155158834
UBE2O	341.0	0.04	0.09	0.401	0.689	1.0	0.9995901155158834
UBE2Q1	607.0	-0.03	0.07	-0.376	0.707	1.0	0.9995901155158834
UBE2Q2	243.0	-0.07	0.09	-0.811	0.417	1.0	0.9995901155158834
UBE2QL1	1.55	1.35	0.88	1.53	0.127	1.0	0.9995901155158834
UBE2R2	1030.0	0.07	0.08	0.945	0.345	1.0	0.9995901155158834
UBE2S	58.2	-0.07	0.23	-0.287	0.774	1.0	0.9995901155158834
UBE2T	62.8	-0.25	0.16	-1.55	0.122	1.0	0.9995901155158834
UBE2V1	679.0	-0.07	0.08	-0.839	0.401	1.0	0.9995901155158834
UBE2V2	494.0	0.1	0.08	1.26	0.207	1.0	0.9995901155158834
UBE2W	176.0	0.13	0.12	1.08	0.279	1.0	0.9995901155158834
UBE2Z	342.0	-0.17	0.09	-2.02	0.0434	1.0	0.9995901155158834
UBE3A	1480.0	0.07	0.07	1.1	0.271	1.0	0.9995901155158834
UBE3B	473.0	-0.15	0.14	-1.11	0.268	1.0	0.9995901155158834
UBE3C	1030.0	0.02	0.08	0.231	0.817	1.0	0.9995901155158834
UBE3D	16.6	0.54	0.32	1.69	0.0915	1.0	0.9995901155158834
UBE4A	327.0	0.11	0.1	1.18	0.238	1.0	0.9995901155158834
UBE4B	457.0	-0.1	0.08	-1.25	0.212	1.0	0.9995901155158834
UBFD1	886.0	-0.0	0.09	-0.0444	0.965	1.0	0.9995901155158834
UBIAD1	110.0	0.07	0.14	0.467	0.641	1.0	0.9995901155158834
UBL3	190.0	0.24	0.11	2.17	0.0299	1.0	0.9995901155158834
UBL4A	162.0	0.1	0.16	0.595	0.552	1.0	0.9995901155158834
UBL5	440.0	-0.13	0.1	-1.29	0.196	1.0	0.9995901155158834
UBL7	48.6	-0.22	0.18	-1.19	0.235	1.0	0.9995901155158834
UBLCP1	413.0	-0.03	0.08	-0.376	0.707	1.0	0.9995901155158834
UBN1	960.0	-0.03	0.09	-0.33	0.742	1.0	0.9995901155158834
UBN2	302.0	0.12	0.11	1.05	0.292	1.0	0.9995901155158834
UBOX5	46.2	-0.03	0.18	-0.186	0.853	1.0	0.9995901155158834
UBP1	971.0	0.05	0.09	0.607	0.544	1.0	0.9995901155158834
UBQLN1	905.0	0.05	0.11	0.46	0.645	1.0	0.9995901155158834
UBQLN2	90.5	0.19	0.13	1.45	0.146	1.0	0.9995901155158834
UBQLN4	414.0	0.09	0.09	1.02	0.307	1.0	0.9995901155158834
UBR1	474.0	0.11	0.11	1.03	0.301	1.0	0.9995901155158834
UBR2	550.0	0.11	0.1	1.11	0.266	1.0	0.9995901155158834
UBR3	416.0	0.08	0.08	0.984	0.325	1.0	0.9995901155158834
UBR4	832.0	-0.07	0.15	-0.494	0.621	1.0	0.9995901155158834
UBR5	1390.0	-0.02	0.1	-0.218	0.827	1.0	0.9995901155158834
UBR7	584.0	-0.03	0.08	-0.369	0.712	1.0	0.9995901155158834
UBTD1	60.6	-0.2	0.2	-0.997	0.319	1.0	0.9995901155158834
UBTD2	562.0	0.11	0.12	0.867	0.386	1.0	0.9995901155158834
UBTF	2380.0	-0.0	0.08	-0.00874	0.993	1.0	0.9995901155158834
UBXN1	2010.0	-0.11	0.11	-1.02	0.307	1.0	0.9995901155158834
UBXN10	3.57	0.31	0.63	0.484	0.629	1.0	0.9995901155158834
UBXN11	28.4	-0.32	0.25	-1.25	0.211	1.0	0.9995901155158834
UBXN2A	280.0	0.04	0.11	0.408	0.683	1.0	0.9995901155158834
UBXN2B	112.0	-0.15	0.16	-0.91	0.363	1.0	0.9995901155158834
UBXN4	1860.0	0.0	0.06	0.0796	0.937	1.0	0.9995901155158834
UBXN6	258.0	0.0	0.14	0.0332	0.974	1.0	0.9995901155158834
UBXN7	556.0	0.12	0.11	1.09	0.277	1.0	0.9995901155158834
UBXN8	59.7	-0.38	0.17	-2.24	0.0251	1.0	0.9995901155158834
UCHL1	1410.0	0.01	0.09	0.1	0.92	1.0	0.9995901155158834
UCHL3	111.0	0.04	0.14	0.315	0.753	1.0	0.9995901155158834
UCHL5	468.0	-0.11	0.07	-1.53	0.126	1.0	0.9995901155158834
UCK1	164.0	-0.23	0.12	-1.88	0.0602	1.0	0.9995901155158834
UCK2	260.0	0.02	0.09	0.231	0.817	1.0	0.9995901155158834
UCKL1	169.0	0.05	0.15	0.324	0.746	1.0	0.9995901155158834
UCP1	0.576	1.93	1.42	1.35	0.176	1.0	0.9995901155158834
UCP2	6.83	-0.78	0.51	-1.54	0.123	1.0	0.9995901155158834
UCP3	2.16	-0.73	0.88	-0.829	0.407	1.0	0.9995901155158834
UEVLD	250.0	-0.09	0.14	-0.617	0.537	1.0	0.9995901155158834
UFC1	225.0	-0.15	0.11	-1.33	0.184	1.0	0.9995901155158834
UFD1	439.0	0.01	0.1	0.081	0.935	1.0	0.9995901155158834
UFL1	447.0	0.02	0.07	0.349	0.727	1.0	0.9995901155158834
UFM1	1040.0	0.02	0.08	0.255	0.799	1.0	0.9995901155158834
UFSP1	1.09	0.84	1.2	0.695	0.487	1.0	0.9995901155158834
UFSP2	200.0	0.01	0.12	0.0628	0.95	1.0	0.9995901155158834
UGCG	248.0	0.13	0.12	1.13	0.259	1.0	0.9995901155158834
UGDH	676.0	0.0	0.09	0.0402	0.968	1.0	0.9995901155158834
UGGT1	1490.0	0.01	0.08	0.183	0.855	1.0	0.9995901155158834
UGGT2	314.0	0.02	0.09	0.259	0.796	1.0	0.9995901155158834
UGP2	640.0	-0.06	0.08	-0.749	0.454	1.0	0.9995901155158834
UGT2B17	0.391	0.82	1.72	0.474	0.636	1.0	0.9995901155158834
UGT3A2	5.84	-0.39	0.55	-0.715	0.475	1.0	0.9995901155158834
UGT8	17.2	0.31	0.28	1.09	0.274	1.0	0.9995901155158834
UHMK1	663.0	0.09	0.12	0.729	0.466	1.0	0.9995901155158834
UHRF1	1040.0	0.01	0.09	0.0702	0.944	1.0	0.9995901155158834
UHRF1BP1	303.0	0.07	0.11	0.647	0.517	1.0	0.9995901155158834
UHRF1BP1L	192.0	-0.1	0.09	-1.16	0.246	1.0	0.9995901155158834
UHRF2	451.0	-0.04	0.07	-0.613	0.54	1.0	0.9995901155158834
UIMC1	332.0	-0.14	0.1	-1.44	0.151	1.0	0.9995901155158834
ULBP1	2.72	-1.27	0.91	-1.39	0.164	1.0	0.9995901155158834
ULBP2	16.2	-0.14	0.33	-0.441	0.659	1.0	0.9995901155158834
ULBP3	1540.0	0.23	0.4	0.564	0.573	1.0	0.9995901155158834
ULK1	189.0	0.04	0.11	0.388	0.698	1.0	0.9995901155158834
ULK2	128.0	-0.19	0.13	-1.52	0.127	1.0	0.9995901155158834
ULK3	101.0	0.13	0.15	0.875	0.381	1.0	0.9995901155158834
ULK4	28.4	-0.06	0.25	-0.225	0.822	1.0	0.9995901155158834
UMAD1	40.1	0.19	0.23	0.791	0.429	1.0	0.9995901155158834
UMPS	508.0	0.08	0.08	1.01	0.314	1.0	0.9995901155158834
UNC119	23.6	-0.46	0.26	-1.78	0.0754	1.0	0.9995901155158834
UNC119B	497.0	-0.04	0.09	-0.432	0.666	1.0	0.9995901155158834
UNC13A	116.0	-0.05	0.17	-0.305	0.76	1.0	0.9995901155158834
UNC13B	438.0	-0.05	0.1	-0.573	0.567	1.0	0.9995901155158834
UNC13C	1.56	0.95	0.92	1.03	0.302	1.0	0.9995901155158834
UNC13D	7.16	0.17	0.46	0.376	0.707	1.0	0.9995901155158834
UNC45A	1030.0	-0.1	0.1	-1.09	0.277	1.0	0.9995901155158834
UNC45B	1.43	0.19	1.05	0.184	0.854	1.0	0.9995901155158834
UNC50	218.0	0.02	0.11	0.18	0.857	1.0	0.9995901155158834
UNC5B	1600.0	0.05	0.11	0.49	0.624	1.0	0.9995901155158834
UNC5C	670.0	0.22	0.12	1.89	0.0584	1.0	0.9995901155158834
UNC5CL	1.32	0.98	1.01	0.974	0.33	1.0	0.9995901155158834
UNC5D	7.5	0.0	0.41	0.00265	0.998	1.0	0.9995901155158834
UNC79	7.92	-0.47	0.41	-1.16	0.246	1.0	0.9995901155158834
UNC80	0.781	0.94	1.78	0.53	0.596	1.0	0.9995901155158834
UNC93B1	21.3	-0.19	0.27	-0.706	0.48	1.0	0.9995901155158834
UNG	461.0	-0.03	0.1	-0.281	0.779	1.0	0.9995901155158834
UNK	105.0	0.14	0.15	0.889	0.374	1.0	0.9995901155158834
UNKL	92.0	0.2	0.15	1.28	0.199	1.0	0.9995901155158834
UPB1	1.58	0.15	1.11	0.139	0.889	1.0	0.9995901155158834
UPF1	656.0	0.02	0.07	0.282	0.778	1.0	0.9995901155158834
UPF2	692.0	-0.06	0.1	-0.596	0.551	1.0	0.9995901155158834
UPF3A	236.0	-0.11	0.12	-0.951	0.341	1.0	0.9995901155158834
UPF3B	487.0	0.06	0.12	0.528	0.597	1.0	0.9995901155158834
UPK1B	1.38	1.82	1.08	1.69	0.0917	1.0	0.9995901155158834
UPK2	0.418	-0.93	2.02	-0.464	0.643	1.0	0.9995901155158834
UPK3B	0.824	1.45	1.5	0.969	0.332	1.0	0.9995901155158834
UPK3BL1	0.967	-3.25	3.01	-1.08	0.281	1.0	0.9995901155158834
UPK3BL2	7.51	0.98	0.58	1.69	0.0919	1.0	0.9995901155158834
UPP1	189.0	0.18	0.12	1.43	0.152	1.0	0.9995901155158834
UPRT	258.0	0.08	0.12	0.679	0.497	1.0	0.9995901155158834
UQCC1	151.0	-0.06	0.11	-0.514	0.607	1.0	0.9995901155158834
UQCC2	102.0	-0.15	0.12	-1.26	0.207	1.0	0.9995901155158834
UQCC3	30.8	-0.04	0.24	-0.165	0.869	1.0	0.9995901155158834
UQCR10	66.7	-0.32	0.2	-1.6	0.111	1.0	0.9995901155158834
UQCR11	187.0	-0.09	0.19	-0.443	0.658	1.0	0.9995901155158834
UQCRB	896.0	-0.0	0.07	-0.0517	0.959	1.0	0.9995901155158834
UQCRC1	551.0	-0.08	0.09	-0.917	0.359	1.0	0.9995901155158834
UQCRC2	646.0	-0.04	0.1	-0.457	0.647	1.0	0.9995901155158834
UQCRFS1	202.0	-0.04	0.12	-0.36	0.719	1.0	0.9995901155158834
UQCRH	517.0	-0.11	0.09	-1.15	0.25	1.0	0.9995901155158834
UQCRQ	329.0	-0.04	0.11	-0.348	0.728	1.0	0.9995901155158834
URB1	325.0	0.11	0.1	1.06	0.29	1.0	0.9995901155158834
URB2	140.0	-0.04	0.13	-0.318	0.75	1.0	0.9995901155158834
URGCP	197.0	-0.11	0.11	-0.974	0.33	1.0	0.9995901155158834
URGCP-MRPS24	7.22	0.09	2.88	0.0304	0.976	1.0	0.9995901155158834
URI1	367.0	0.03	0.1	0.265	0.791	1.0	0.9995901155158834
URM1	157.0	-0.16	0.14	-1.13	0.261	1.0	0.9995901155158834
UROD	320.0	-0.0	0.13	-0.0322	0.974	1.0	0.9995901155158834
UROS	697.0	-0.03	0.12	-0.246	0.806	1.0	0.9995901155158834
USB1	140.0	0.05	0.11	0.476	0.634	1.0	0.9995901155158834
USE1	56.8	-0.13	0.17	-0.78	0.436	1.0	0.9995901155158834
USF1	226.0	-0.21	0.11	-1.88	0.0597	1.0	0.9995901155158834
USF2	247.0	-0.19	0.13	-1.51	0.132	1.0	0.9995901155158834
USF3	226.0	0.18	0.16	1.15	0.252	1.0	0.9995901155158834
USH1G	0.476	0.61	1.66	0.365	0.715	1.0	0.9995901155158834
USH2A	0.625	-0.1	1.48	-0.0663	0.947	1.0	0.9995901155158834
USHBP1	179.0	-0.04	0.15	-0.256	0.798	1.0	0.9995901155158834
USO1	965.0	0.06	0.07	0.789	0.43	1.0	0.9995901155158834
USP1	543.0	0.15	0.08	1.81	0.0699	1.0	0.9995901155158834
USP10	451.0	-0.07	0.09	-0.798	0.425	1.0	0.9995901155158834
USP11	466.0	-0.07	0.11	-0.613	0.54	1.0	0.9995901155158834
USP12	851.0	0.07	0.1	0.642	0.521	1.0	0.9995901155158834
USP13	332.0	0.03	0.1	0.268	0.789	1.0	0.9995901155158834
USP14	945.0	0.06	0.07	0.831	0.406	1.0	0.9995901155158834
USP15	322.0	0.04	0.14	0.281	0.779	1.0	0.9995901155158834
USP16	379.0	-0.11	0.09	-1.24	0.216	1.0	0.9995901155158834
USP18	14.9	0.01	0.41	0.0159	0.987	1.0	0.9995901155158834
USP19	213.0	-0.05	0.13	-0.356	0.722	1.0	0.9995901155158834
USP2	1.89	1.17	0.83	1.4	0.16	1.0	0.9995901155158834
USP20	65.5	0.13	0.18	0.705	0.481	1.0	0.9995901155158834
USP21	66.0	-0.02	0.17	-0.101	0.92	1.0	0.9995901155158834
USP22	4640.0	0.06	0.05	1.11	0.269	1.0	0.9995901155158834
USP24	1020.0	-0.02	0.12	-0.203	0.839	1.0	0.9995901155158834
USP25	416.0	-0.12	0.1	-1.21	0.225	1.0	0.9995901155158834
USP27X	76.7	0.06	0.16	0.362	0.717	1.0	0.9995901155158834
USP28	203.0	-0.07	0.14	-0.499	0.618	1.0	0.9995901155158834
USP3	195.0	0.09	0.11	0.885	0.376	1.0	0.9995901155158834
USP30	63.8	-0.05	0.16	-0.307	0.759	1.0	0.9995901155158834
USP31	317.0	0.13	0.1	1.36	0.174	1.0	0.9995901155158834
USP32	504.0	-0.09	0.09	-1.06	0.289	1.0	0.9995901155158834
USP33	653.0	-0.08	0.09	-0.903	0.366	1.0	0.9995901155158834
USP34	995.0	-0.03	0.12	-0.266	0.79	1.0	0.9995901155158834
USP35	33.2	0.23	0.3	0.778	0.437	1.0	0.9995901155158834
USP36	348.0	0.03	0.1	0.293	0.769	1.0	0.9995901155158834
USP37	326.0	0.09	0.12	0.781	0.435	1.0	0.9995901155158834
USP38	261.0	0.0	0.11	0.00855	0.993	1.0	0.9995901155158834
USP39	213.0	0.04	0.1	0.387	0.699	1.0	0.9995901155158834
USP4	302.0	0.03	0.08	0.313	0.754	1.0	0.9995901155158834
USP40	223.0	0.01	0.16	0.0791	0.937	1.0	0.9995901155158834
USP42	127.0	0.09	0.11	0.807	0.42	1.0	0.9995901155158834
USP43	7.09	0.08	0.49	0.166	0.868	1.0	0.9995901155158834
USP44	10.7	-0.01	0.45	-0.0307	0.976	1.0	0.9995901155158834
USP45	98.1	0.14	0.14	0.974	0.33	1.0	0.9995901155158834
USP46	321.0	0.04	0.08	0.432	0.666	1.0	0.9995901155158834
USP47	1310.0	-0.0	0.1	-0.0092	0.993	1.0	0.9995901155158834
USP48	1170.0	-0.02	0.07	-0.247	0.805	1.0	0.9995901155158834
USP49	45.6	0.2	0.18	1.12	0.261	1.0	0.9995901155158834
USP5	526.0	-0.08	0.09	-0.894	0.371	1.0	0.9995901155158834
USP51	146.0	0.13	0.11	1.2	0.229	1.0	0.9995901155158834
USP53	278.0	-0.04	0.1	-0.37	0.712	1.0	0.9995901155158834
USP54	226.0	-0.08	0.15	-0.533	0.594	1.0	0.9995901155158834
USP6	4.02	-0.86	0.65	-1.33	0.182	1.0	0.9995901155158834
USP6NL	251.0	-0.07	0.1	-0.678	0.498	1.0	0.9995901155158834
USP7	1740.0	-0.02	0.09	-0.218	0.827	1.0	0.9995901155158834
USP8	912.0	-0.02	0.08	-0.231	0.817	1.0	0.9995901155158834
USP9X	1610.0	0.01	0.12	0.0503	0.96	1.0	0.9995901155158834
USPL1	175.0	0.05	0.1	0.519	0.604	1.0	0.9995901155158834
UST	195.0	0.06	0.11	0.485	0.627	1.0	0.9995901155158834
UTP11	439.0	-0.01	0.09	-0.146	0.884	1.0	0.9995901155158834
UTP14A	300.0	-0.12	0.13	-0.92	0.357	1.0	0.9995901155158834
UTP15	327.0	0.12	0.09	1.29	0.196	1.0	0.9995901155158834
UTP18	576.0	-0.11	0.1	-1.02	0.31	1.0	0.9995901155158834
UTP20	493.0	-0.05	0.1	-0.518	0.605	1.0	0.9995901155158834
UTP23	192.0	0.12	0.09	1.37	0.171	1.0	0.9995901155158834
UTP25	161.0	0.04	0.12	0.317	0.752	1.0	0.9995901155158834
UTP3	493.0	0.11	0.09	1.16	0.244	1.0	0.9995901155158834
UTP4	216.0	-0.1	0.11	-0.894	0.371	1.0	0.9995901155158834
UTP6	621.0	0.01	0.08	0.152	0.879	1.0	0.9995901155158834
UTRN	2460.0	-0.07	0.19	-0.37	0.712	1.0	0.9995901155158834
UTS2B	4.23	0.18	0.62	0.283	0.777	1.0	0.9995901155158834
UTS2R	13.3	-0.23	0.35	-0.676	0.499	1.0	0.9995901155158834
UTY	0.943	2.34	1.57	1.48	0.138	1.0	0.9995901155158834
UVRAG	170.0	-0.02	0.13	-0.158	0.874	1.0	0.9995901155158834
UVSSA	49.0	0.25	0.22	1.13	0.26	1.0	0.9995901155158834
UXS1	899.0	0.01	0.1	0.109	0.913	1.0	0.9995901155158834
UXT	212.0	-0.1	0.13	-0.708	0.479	1.0	0.9995901155158834
VAC14	106.0	0.0	0.17	0.00349	0.997	1.0	0.9995901155158834
VAMP1	9.38	-0.45	0.46	-0.967	0.334	1.0	0.9995901155158834
VAMP2	239.0	0.15	0.1	1.51	0.13	1.0	0.9995901155158834
VAMP3	1090.0	0.08	0.07	1.06	0.291	1.0	0.9995901155158834
VAMP4	206.0	0.01	0.1	0.147	0.883	1.0	0.9995901155158834
VAMP5	2.6	-0.74	0.76	-0.978	0.328	1.0	0.9995901155158834
VAMP7	340.0	0.1	0.1	1.02	0.306	1.0	0.9995901155158834
VAMP8	298.0	0.01	0.11	0.0511	0.959	1.0	0.9995901155158834
VANGL1	465.0	-0.05	0.08	-0.624	0.533	1.0	0.9995901155158834
VANGL2	675.0	0.21	0.09	2.34	0.0195	1.0	0.9995901155158834
VAPA	852.0	-0.08	0.08	-0.991	0.322	1.0	0.9995901155158834
VAPB	1090.0	0.08	0.09	0.968	0.333	1.0	0.9995901155158834
VARS1	483.0	-0.02	0.1	-0.216	0.829	1.0	0.9995901155158834
VARS2	98.7	-0.03	0.15	-0.216	0.829	1.0	0.9995901155158834
VASH1	3480.0	0.0	0.09	0.02	0.984	1.0	0.9995901155158834
VASH2	20.0	0.35	0.3	1.16	0.247	1.0	0.9995901155158834
VASN	2.7	0.07	0.86	0.0859	0.932	1.0	0.9995901155158834
VASP	1730.0	0.03	0.1	0.287	0.774	1.0	0.9995901155158834
VAT1	2220.0	-0.05	0.1	-0.486	0.627	1.0	0.9995901155158834
VAT1L	3.47	-1.25	0.73	-1.72	0.0858	1.0	0.9995901155158834
VAV1	8.15	0.44	0.39	1.12	0.263	1.0	0.9995901155158834
VAV2	288.0	0.02	0.14	0.125	0.9	1.0	0.9995901155158834
VAV3	716.0	0.05	0.08	0.626	0.531	1.0	0.9995901155158834
VAX1	75.5	-0.13	0.15	-0.872	0.383	1.0	0.9995901155158834
VBP1	376.0	0.04	0.09	0.504	0.614	1.0	0.9995901155158834
VCAM1	12.0	0.36	0.5	0.72	0.471	1.0	0.9995901155158834
VCAN	611.0	0.01	0.12	0.0721	0.942	1.0	0.9995901155158834
VCL	5900.0	-0.03	0.06	-0.462	0.644	1.0	0.9995901155158834
VCP	8180.0	-0.04	0.08	-0.524	0.6	1.0	0.9995901155158834
VCPIP1	275.0	0.02	0.12	0.147	0.883	1.0	0.9995901155158834
VCPKMT	27.0	0.26	0.29	0.897	0.37	1.0	0.9995901155158834
VDAC1	1190.0	0.05	0.07	0.722	0.47	1.0	0.9995901155158834
VDAC2	812.0	-0.04	0.09	-0.477	0.633	1.0	0.9995901155158834
VDAC3	1060.0	-0.05	0.1	-0.489	0.625	1.0	0.9995901155158834
VDR	7.77	0.2	0.42	0.464	0.643	1.0	0.9995901155158834
VEGFA	214.0	0.08	0.17	0.465	0.642	1.0	0.9995901155158834
VEGFB	59.7	-0.17	0.18	-0.896	0.37	1.0	0.9995901155158834
VEGFC	431.0	-0.15	0.13	-1.18	0.237	1.0	0.9995901155158834
VEGFD	0.76	-0.73	1.54	-0.474	0.635	1.0	0.9995901155158834
VENTX	1.64	1.14	0.85	1.34	0.18	1.0	0.9995901155158834
VEPH1	50.2	-0.08	0.16	-0.462	0.644	1.0	0.9995901155158834
VEZF1	263.0	-0.07	0.09	-0.793	0.428	1.0	0.9995901155158834
VEZT	687.0	0.04	0.11	0.361	0.718	1.0	0.9995901155158834
VGF	1.44	-1.08	1.15	-0.939	0.348	1.0	0.9995901155158834
VGLL3	4.19	0.66	0.65	1.03	0.304	1.0	0.9995901155158834
VGLL4	1470.0	0.02	0.09	0.212	0.832	1.0	0.9995901155158834
VHL	477.0	0.16	0.1	1.55	0.122	1.0	0.9995901155158834
VILL	33.0	-0.1	0.25	-0.389	0.697	1.0	0.9995901155158834
VIM	13500.0	-0.09	0.08	-1.08	0.28	1.0	0.9995901155158834
VIP	2.5	-0.05	0.68	-0.0764	0.939	1.0	0.9995901155158834
VIPAS39	219.0	-0.18	0.09	-2.02	0.0433	1.0	0.9995901155158834
VIPR2	0.789	-0.95	1.28	-0.745	0.456	1.0	0.9995901155158834
VIRMA	1100.0	0.01	0.1	0.0823	0.934	1.0	0.9995901155158834
VIT	6.37	1.36	0.55	2.45	0.0141	1.0	0.9995901155158834
VKORC1	112.0	-0.01	0.17	-0.0488	0.961	1.0	0.9995901155158834
VKORC1L1	480.0	0.04	0.1	0.435	0.664	1.0	0.9995901155158834
VLDLR	118.0	-0.12	0.16	-0.714	0.475	1.0	0.9995901155158834
VMA21	326.0	0.12	0.13	0.879	0.379	1.0	0.9995901155158834
VMAC	5.89	-0.36	0.61	-0.593	0.553	1.0	0.9995901155158834
VMO1	8.18	-0.0	0.46	-0.00182	0.999	1.0	0.9995901155158834
VMP1	729.0	0.05	0.07	0.69	0.49	1.0	0.9995901155158834
VN1R1	5.75	-0.1	0.52	-0.187	0.851	1.0	0.9995901155158834
VN1R2	6.83	0.22	0.52	0.422	0.673	1.0	0.9995901155158834
VNN1	1.04	-0.46	1.12	-0.411	0.681	1.0	0.9995901155158834
VOPP1	1690.0	0.03	0.1	0.33	0.742	1.0	0.9995901155158834
VPS11	134.0	-0.08	0.17	-0.463	0.644	1.0	0.9995901155158834
VPS13A	555.0	0.02	0.11	0.135	0.893	1.0	0.9995901155158834
VPS13B	243.0	0.01	0.19	0.0539	0.957	1.0	0.9995901155158834
VPS13C	1200.0	0.0	0.12	0.0128	0.99	1.0	0.9995901155158834
VPS13D	702.0	-0.04	0.09	-0.425	0.671	1.0	0.9995901155158834
VPS16	172.0	-0.19	0.13	-1.44	0.151	1.0	0.9995901155158834
VPS18	445.0	0.01	0.1	0.0537	0.957	1.0	0.9995901155158834
VPS25	182.0	-0.22	0.13	-1.68	0.092	1.0	0.9995901155158834
VPS26A	1010.0	0.0	0.07	0.0545	0.957	1.0	0.9995901155158834
VPS26B	274.0	-0.08	0.1	-0.861	0.389	1.0	0.9995901155158834
VPS26C	379.0	0.08	0.09	0.875	0.382	1.0	0.9995901155158834
VPS28	132.0	-0.14	0.15	-0.927	0.354	1.0	0.9995901155158834
VPS29	535.0	-0.15	0.08	-1.81	0.071	1.0	0.9995901155158834
VPS33A	836.0	0.09	0.07	1.29	0.198	1.0	0.9995901155158834
VPS33B	112.0	-0.03	0.14	-0.239	0.811	1.0	0.9995901155158834
VPS35	1110.0	0.01	0.07	0.107	0.914	1.0	0.9995901155158834
VPS35L	351.0	0.0	0.09	0.027	0.978	1.0	0.9995901155158834
VPS36	836.0	0.01	0.08	0.152	0.879	1.0	0.9995901155158834
VPS37A	341.0	0.04	0.09	0.503	0.615	1.0	0.9995901155158834
VPS37B	195.0	0.13	0.1	1.32	0.187	1.0	0.9995901155158834
VPS37C	102.0	-0.13	0.12	-1.1	0.271	1.0	0.9995901155158834
VPS37D	1.37	-1.88	1.23	-1.53	0.126	1.0	0.9995901155158834
VPS39	348.0	-0.02	0.11	-0.227	0.821	1.0	0.9995901155158834
VPS41	1200.0	-0.03	0.07	-0.455	0.649	1.0	0.9995901155158834
VPS45	129.0	-0.11	0.15	-0.758	0.449	1.0	0.9995901155158834
VPS4A	1120.0	-0.07	0.07	-1.11	0.265	1.0	0.9995901155158834
VPS4B	1210.0	0.07	0.09	0.697	0.486	1.0	0.9995901155158834
VPS50	231.0	0.11	0.11	0.982	0.326	1.0	0.9995901155158834
VPS51	251.0	0.16	0.14	1.18	0.239	1.0	0.9995901155158834
VPS52	321.0	-0.1	0.1	-0.959	0.338	1.0	0.9995901155158834
VPS53	314.0	-0.16	0.11	-1.52	0.129	1.0	0.9995901155158834
VPS54	182.0	0.0	0.1	0.0325	0.974	1.0	0.9995901155158834
VPS72	517.0	-0.21	0.1	-2.02	0.0437	1.0	0.9995901155158834
VPS8	383.0	-0.09	0.08	-1.06	0.29	1.0	0.9995901155158834
VPS9D1	30.1	-0.18	0.23	-0.778	0.437	1.0	0.9995901155158834
VRK1	581.0	0.11	0.1	1.11	0.268	1.0	0.9995901155158834
VRK2	172.0	-0.02	0.11	-0.137	0.891	1.0	0.9995901155158834
VRK3	91.2	-0.13	0.19	-0.677	0.499	1.0	0.9995901155158834
VRTN	0.431	0.28	1.6	0.173	0.863	1.0	0.9995901155158834
VSIG1	14.2	-0.2	0.29	-0.694	0.488	1.0	0.9995901155158834
VSIG10	169.0	-0.04	0.11	-0.401	0.688	1.0	0.9995901155158834
VSIG10L	2.73	0.07	0.69	0.103	0.918	1.0	0.9995901155158834
VSIG2	10.8	-0.05	0.38	-0.123	0.902	1.0	0.9995901155158834
VSIR	79.5	0.0	0.17	0.0231	0.982	1.0	0.9995901155158834
VSNL1	201.0	-0.08	0.1	-0.756	0.45	1.0	0.9995901155158834
VSTM1	0.553	-0.04	1.78	-0.0251	0.98	1.0	0.9995901155158834
VSTM2L	0.508	-1.2	1.77	-0.681	0.496	1.0	0.9995901155158834
VSTM4	14.4	-0.18	0.37	-0.495	0.621	1.0	0.9995901155158834
VTA1	407.0	-0.05	0.09	-0.564	0.573	1.0	0.9995901155158834
VTI1A	234.0	-0.05	0.17	-0.295	0.768	1.0	0.9995901155158834
VTI1B	596.0	-0.11	0.1	-1.15	0.252	1.0	0.9995901155158834
VWA1	5.32	0.45	0.47	0.949	0.343	1.0	0.9995901155158834
VWA2	2.22	-0.64	0.81	-0.787	0.431	1.0	0.9995901155158834
VWA5A	112.0	-0.07	0.13	-0.496	0.62	1.0	0.9995901155158834
VWA7	0.369	2.21	2.19	1.01	0.313	1.0	0.9995901155158834
VWA8	84.7	-0.02	0.14	-0.151	0.88	1.0	0.9995901155158834
VWC2	2.77	-0.01	0.77	-0.0166	0.987	1.0	0.9995901155158834
VWCE	37.7	0.01	0.21	0.0632	0.95	1.0	0.9995901155158834
VWF	1420.0	-0.06	0.1	-0.602	0.547	1.0	0.9995901155158834
WAC	553.0	-0.07	0.08	-0.842	0.4	1.0	0.9995901155158834
WAPL	910.0	0.02	0.08	0.233	0.816	1.0	0.9995901155158834
WARS1	627.0	-0.04	0.1	-0.357	0.721	1.0	0.9995901155158834
WARS2	56.3	0.21	0.19	1.11	0.268	1.0	0.9995901155158834
WAS	2.42	2.92	0.95	3.07	0.00217	1.0	0.9995901155158834
WASF1	315.0	0.04	0.1	0.417	0.676	1.0	0.9995901155158834
WASF2	1110.0	-0.07	0.09	-0.741	0.459	1.0	0.9995901155158834
WASF3	184.0	0.05	0.13	0.41	0.682	1.0	0.9995901155158834
WASHC1	274.0	0.09	0.14	0.654	0.513	1.0	0.9995901155158834
WASHC2A	1200.0	-0.08	0.1	-0.728	0.467	1.0	0.9995901155158834
WASHC2C	1030.0	-0.04	0.09	-0.449	0.654	1.0	0.9995901155158834
WASHC3	36.8	-0.03	0.24	-0.142	0.887	1.0	0.9995901155158834
WASHC4	729.0	0.07	0.06	1.11	0.266	1.0	0.9995901155158834
WASHC5	289.0	-0.03	0.1	-0.266	0.79	1.0	0.9995901155158834
WASL	620.0	0.04	0.11	0.41	0.682	1.0	0.9995901155158834
WBP1	52.2	-0.2	0.23	-0.845	0.398	1.0	0.9995901155158834
WBP11	916.0	0.08	0.09	0.973	0.331	1.0	0.9995901155158834
WBP1L	664.0	0.02	0.08	0.284	0.776	1.0	0.9995901155158834
WBP2	285.0	-0.22	0.12	-1.8	0.0722	1.0	0.9995901155158834
WBP4	135.0	0.05	0.14	0.339	0.735	1.0	0.9995901155158834
WDCP	117.0	-0.04	0.11	-0.361	0.718	1.0	0.9995901155158834
WDFY1	1190.0	0.03	0.09	0.363	0.717	1.0	0.9995901155158834
WDFY2	135.0	0.1	0.14	0.724	0.469	1.0	0.9995901155158834
WDFY3	670.0	-0.05	0.1	-0.531	0.595	1.0	0.9995901155158834
WDFY4	1.77	-0.9	0.89	-1.01	0.313	1.0	0.9995901155158834
WDHD1	514.0	0.04	0.08	0.524	0.6	1.0	0.9995901155158834
WDPCP	18.5	0.1	0.28	0.355	0.722	1.0	0.9995901155158834
WDR1	6330.0	-0.1	0.06	-1.56	0.118	1.0	0.9995901155158834
WDR11	850.0	-0.08	0.09	-0.845	0.398	1.0	0.9995901155158834
WDR12	391.0	0.01	0.11	0.0678	0.946	1.0	0.9995901155158834
WDR13	228.0	0.1	0.13	0.813	0.416	1.0	0.9995901155158834
WDR17	14.2	0.52	0.34	1.51	0.13	1.0	0.9995901155158834
WDR18	85.6	0.01	0.19	0.0492	0.961	1.0	0.9995901155158834
WDR19	201.0	-0.13	0.12	-1.08	0.278	1.0	0.9995901155158834
WDR20	170.0	0.08	0.12	0.647	0.518	1.0	0.9995901155158834
WDR24	53.2	-0.3	0.22	-1.34	0.18	1.0	0.9995901155158834
WDR25	25.5	-0.31	0.24	-1.27	0.203	1.0	0.9995901155158834
WDR26	1250.0	0.07	0.05	1.45	0.147	1.0	0.9995901155158834
WDR27	144.0	0.17	0.17	0.999	0.318	1.0	0.9995901155158834
WDR3	782.0	0.04	0.08	0.464	0.643	1.0	0.9995901155158834
WDR31	16.7	-0.11	0.29	-0.387	0.699	1.0	0.9995901155158834
WDR33	431.0	0.0	0.09	0.0327	0.974	1.0	0.9995901155158834
WDR35	87.4	-0.22	0.15	-1.5	0.132	1.0	0.9995901155158834
WDR36	337.0	-0.04	0.09	-0.389	0.698	1.0	0.9995901155158834
WDR37	206.0	-0.04	0.11	-0.318	0.75	1.0	0.9995901155158834
WDR4	130.0	0.12	0.14	0.913	0.361	1.0	0.9995901155158834
WDR41	218.0	-0.01	0.11	-0.0814	0.935	1.0	0.9995901155158834
WDR43	989.0	0.09	0.11	0.789	0.43	1.0	0.9995901155158834
WDR44	245.0	0.06	0.12	0.489	0.625	1.0	0.9995901155158834
WDR45	76.7	0.1	0.15	0.659	0.51	1.0	0.9995901155158834
WDR45B	601.0	0.03	0.1	0.332	0.74	1.0	0.9995901155158834
WDR46	370.0	-0.01	0.1	-0.0714	0.943	1.0	0.9995901155158834
WDR47	156.0	-0.12	0.12	-0.96	0.337	1.0	0.9995901155158834
WDR48	236.0	0.02	0.11	0.22	0.826	1.0	0.9995901155158834
WDR5	607.0	0.06	0.11	0.528	0.598	1.0	0.9995901155158834
WDR53	123.0	0.27	0.14	2.0	0.0453	1.0	0.9995901155158834
WDR54	43.1	-0.24	0.26	-0.925	0.355	1.0	0.9995901155158834
WDR55	219.0	-0.04	0.1	-0.454	0.65	1.0	0.9995901155158834
WDR59	204.0	-0.2	0.12	-1.75	0.0808	1.0	0.9995901155158834
WDR5B	76.1	0.05	0.14	0.325	0.745	1.0	0.9995901155158834
WDR6	550.0	0.01	0.08	0.11	0.912	1.0	0.9995901155158834
WDR61	296.0	-0.07	0.09	-0.79	0.43	1.0	0.9995901155158834
WDR62	37.6	0.18	0.17	1.09	0.274	1.0	0.9995901155158834
WDR64	0.487	-1.66	1.79	-0.929	0.353	1.0	0.9995901155158834
WDR7	178.0	-0.05	0.16	-0.331	0.741	1.0	0.9995901155158834
WDR70	321.0	-0.04	0.09	-0.496	0.62	1.0	0.9995901155158834
WDR72	3.19	0.27	0.71	0.381	0.703	1.0	0.9995901155158834
WDR73	171.0	0.09	0.11	0.827	0.408	1.0	0.9995901155158834
WDR74	315.0	-0.06	0.27	-0.236	0.813	1.0	0.9995901155158834
WDR75	426.0	0.07	0.09	0.731	0.465	1.0	0.9995901155158834
WDR76	267.0	0.07	0.14	0.483	0.629	1.0	0.9995901155158834
WDR77	481.0	0.11	0.12	0.98	0.327	1.0	0.9995901155158834
WDR81	90.4	0.11	0.16	0.644	0.52	1.0	0.9995901155158834
WDR82	801.0	0.03	0.05	0.462	0.644	1.0	0.9995901155158834
WDR83	75.2	0.07	0.18	0.381	0.703	1.0	0.9995901155158834
WDR83OS	72.4	-0.06	0.25	-0.243	0.808	1.0	0.9995901155158834
WDR86	24.5	-0.01	0.29	-0.0469	0.963	1.0	0.9995901155158834
WDR88	1.69	0.06	1.01	0.0549	0.956	1.0	0.9995901155158834
WDR89	138.0	0.05	0.1	0.459	0.646	1.0	0.9995901155158834
WDR90	18.4	0.63	0.3	2.09	0.0368	1.0	0.9995901155158834
WDR91	73.6	0.0	0.15	0.0314	0.975	1.0	0.9995901155158834
WDR93	2.27	-0.38	0.89	-0.431	0.667	1.0	0.9995901155158834
WDR97	1.78	0.55	0.82	0.674	0.501	1.0	0.9995901155158834
WDSUB1	40.0	0.05	0.2	0.231	0.817	1.0	0.9995901155158834
WDTC1	133.0	0.05	0.12	0.412	0.681	1.0	0.9995901155158834
WEE1	161.0	0.01	0.12	0.0754	0.94	1.0	0.9995901155158834
WEE2	1.51	0.07	1.05	0.0663	0.947	1.0	0.9995901155158834
WFDC12	0.879	-0.93	1.37	-0.683	0.494	1.0	0.9995901155158834
WFDC2	0.857	0.25	1.37	0.183	0.855	1.0	0.9995901155158834
WFDC8	0.875	0.35	1.55	0.228	0.82	1.0	0.9995901155158834
WFIKKN1	1.45	1.05	1.16	0.912	0.362	1.0	0.9995901155158834
WFS1	141.0	0.08	0.12	0.647	0.518	1.0	0.9995901155158834
WHAMM	179.0	0.01	0.11	0.0993	0.921	1.0	0.9995901155158834
WHRN	11.9	-0.1	0.48	-0.2	0.842	1.0	0.9995901155158834
WIPF1	474.0	0.01	0.09	0.107	0.915	1.0	0.9995901155158834
WIPF2	622.0	0.09	0.08	1.13	0.258	1.0	0.9995901155158834
WIPF3	3.02	-0.04	0.64	-0.0571	0.954	1.0	0.9995901155158834
WIPI1	224.0	-0.31	0.13	-2.33	0.0197	1.0	0.9995901155158834
WIPI2	431.0	0.04	0.08	0.49	0.624	1.0	0.9995901155158834
WIZ	164.0	0.22	0.11	1.99	0.0465	1.0	0.9995901155158834
WLS	637.0	-0.11	0.11	-0.997	0.319	1.0	0.9995901155158834
WNK1	1580.0	0.08	0.11	0.72	0.472	1.0	0.9995901155158834
WNK2	1.33	-0.97	1.05	-0.925	0.355	1.0	0.9995901155158834
WNK3	120.0	0.2	0.12	1.62	0.105	1.0	0.9995901155158834
WNK4	18.1	-0.03	0.32	-0.0961	0.923	1.0	0.9995901155158834
WNT11	27.7	0.35	0.25	1.37	0.172	1.0	0.9995901155158834
WNT2B	12.0	-0.08	0.39	-0.205	0.838	1.0	0.9995901155158834
WNT3	42.3	0.08	0.2	0.382	0.702	1.0	0.9995901155158834
WNT4	16.7	0.02	0.32	0.0652	0.948	1.0	0.9995901155158834
WNT5A	84.2	0.2	0.13	1.51	0.132	1.0	0.9995901155158834
WNT5B	133.0	-0.18	0.13	-1.4	0.162	1.0	0.9995901155158834
WNT7A	1.76	-0.39	0.9	-0.433	0.665	1.0	0.9995901155158834
WNT7B	0.921	0.47	1.2	0.387	0.699	1.0	0.9995901155158834
WNT9A	4.92	-0.44	0.61	-0.72	0.471	1.0	0.9995901155158834
WNT9B	1.74	-1.38	1.0	-1.37	0.17	1.0	0.9995901155158834
WRAP53	41.9	0.11	0.23	0.494	0.622	1.0	0.9995901155158834
WRAP73	47.1	0.01	0.19	0.0495	0.96	1.0	0.9995901155158834
WRN	328.0	0.06	0.1	0.601	0.548	1.0	0.9995901155158834
WRNIP1	334.0	0.1	0.08	1.25	0.21	1.0	0.9995901155158834
WSB1	640.0	0.12	0.1	1.2	0.23	1.0	0.9995901155158834
WSB2	686.0	0.03	0.1	0.343	0.732	1.0	0.9995901155158834
WSCD1	293.0	0.08	0.12	0.626	0.531	1.0	0.9995901155158834
WSCD2	3.72	-0.51	0.57	-0.897	0.37	1.0	0.9995901155158834
WT1	117.0	0.22	0.18	1.24	0.214	1.0	0.9995901155158834
WTAP	643.0	-0.02	0.08	-0.259	0.795	1.0	0.9995901155158834
WTIP	158.0	-0.01	0.12	-0.114	0.909	1.0	0.9995901155158834
WWC1	12.3	-0.27	0.4	-0.662	0.508	1.0	0.9995901155158834
WWC2	672.0	0.03	0.09	0.377	0.706	1.0	0.9995901155158834
WWC3	1350.0	0.11	0.08	1.28	0.199	1.0	0.9995901155158834
WWOX	49.4	-0.2	0.19	-1.05	0.295	1.0	0.9995901155158834
WWP1	473.0	-0.07	0.07	-0.935	0.35	1.0	0.9995901155158834
WWP2	186.0	-0.06	0.1	-0.639	0.523	1.0	0.9995901155158834
WWTR1	3040.0	0.03	0.09	0.285	0.776	1.0	0.9995901155158834
XAB2	202.0	-0.09	0.14	-0.621	0.535	1.0	0.9995901155158834
XAF1	15.8	0.42	0.43	0.974	0.33	1.0	0.9995901155158834
XBP1	280.0	0.04	0.11	0.342	0.733	1.0	0.9995901155158834
XDH	3.29	-2.09	0.79	-2.66	0.00782	1.0	0.9995901155158834
XG	1.02	0.66	1.11	0.593	0.553	1.0	0.9995901155158834
XIAP	563.0	0.22	0.1	2.2	0.0281	1.0	0.9995901155158834
XIRP2	2.08	0.24	1.07	0.22	0.826	1.0	0.9995901155158834
XK	1.34	0.24	0.96	0.246	0.806	1.0	0.9995901155158834
XKR4	223.0	0.18	0.13	1.33	0.183	1.0	0.9995901155158834
XKR5	5.34	0.72	0.45	1.59	0.112	1.0	0.9995901155158834
XKR6	12.3	-0.38	0.31	-1.23	0.217	1.0	0.9995901155158834
XKR7	5.6	-0.02	0.55	-0.0312	0.975	1.0	0.9995901155158834
XKR8	198.0	0.05	0.12	0.46	0.646	1.0	0.9995901155158834
XKR9	3.53	1.23	0.66	1.87	0.0615	1.0	0.9995901155158834
XPA	141.0	-0.02	0.12	-0.201	0.841	1.0	0.9995901155158834
XPC	377.0	-0.07	0.12	-0.566	0.572	1.0	0.9995901155158834
XPNPEP1	730.0	-0.04	0.08	-0.456	0.649	1.0	0.9995901155158834
XPNPEP2	0.757	-0.36	1.52	-0.235	0.814	1.0	0.9995901155158834
XPNPEP3	146.0	0.09	0.13	0.689	0.491	1.0	0.9995901155158834
XPO1	1950.0	-0.0	0.09	-0.0163	0.987	1.0	0.9995901155158834
XPO4	274.0	0.13	0.11	1.22	0.222	1.0	0.9995901155158834
XPO5	472.0	-0.12	0.09	-1.3	0.193	1.0	0.9995901155158834
XPO6	598.0	0.03	0.08	0.419	0.675	1.0	0.9995901155158834
XPO7	558.0	-0.06	0.07	-0.821	0.412	1.0	0.9995901155158834
XPOT	1420.0	0.02	0.07	0.295	0.768	1.0	0.9995901155158834
XPR1	437.0	-0.02	0.09	-0.223	0.824	1.0	0.9995901155158834
XRCC1	138.0	-0.17	0.12	-1.37	0.17	1.0	0.9995901155158834
XRCC2	104.0	0.24	0.14	1.72	0.0855	1.0	0.9995901155158834
XRCC3	20.0	-0.06	0.27	-0.227	0.82	1.0	0.9995901155158834
XRCC4	97.9	-0.18	0.16	-1.16	0.246	1.0	0.9995901155158834
XRCC5	4360.0	-0.04	0.08	-0.55	0.582	1.0	0.9995901155158834
XRCC6	3610.0	0.01	0.09	0.102	0.919	1.0	0.9995901155158834
XRN1	372.0	-0.09	0.11	-0.805	0.421	1.0	0.9995901155158834
XRN2	876.0	-0.03	0.07	-0.436	0.663	1.0	0.9995901155158834
XRRA1	18.7	0.18	0.29	0.621	0.535	1.0	0.9995901155158834
XXYLT1	213.0	-0.0	0.08	-0.041	0.967	1.0	0.9995901155158834
XYLB	29.5	-0.1	0.24	-0.437	0.662	1.0	0.9995901155158834
XYLT1	50.5	0.13	0.21	0.604	0.546	1.0	0.9995901155158834
XYLT2	258.0	-0.05	0.1	-0.487	0.626	1.0	0.9995901155158834
YAE1	95.1	0.07	0.17	0.435	0.663	1.0	0.9995901155158834
YAF2	100.0	-0.11	0.13	-0.854	0.393	1.0	0.9995901155158834
YAP1	2400.0	0.08	0.1	0.849	0.396	1.0	0.9995901155158834
YARS1	461.0	-0.02	0.1	-0.189	0.85	1.0	0.9995901155158834
YARS2	162.0	-0.03	0.1	-0.262	0.794	1.0	0.9995901155158834
YBEY	32.2	-0.32	0.22	-1.45	0.146	1.0	0.9995901155158834
YBX1	15900.0	-0.07	0.07	-0.976	0.329	1.0	0.9995901155158834
YBX2	1.84	0.44	0.85	0.512	0.608	1.0	0.9995901155158834
YBX3	1970.0	0.01	0.07	0.119	0.905	1.0	0.9995901155158834
YDJC	4.6	0.18	0.73	0.251	0.801	1.0	0.9995901155158834
YEATS2	598.0	-0.08	0.08	-0.996	0.319	1.0	0.9995901155158834
YEATS4	130.0	0.14	0.12	1.14	0.255	1.0	0.9995901155158834
YES1	4350.0	0.05	0.06	0.799	0.424	1.0	0.9995901155158834
YIF1A	145.0	0.09	0.17	0.564	0.573	1.0	0.9995901155158834
YIF1B	32.1	-0.05	0.27	-0.191	0.849	1.0	0.9995901155158834
YIPF1	91.2	0.04	0.19	0.21	0.833	1.0	0.9995901155158834
YIPF2	99.0	-0.05	0.2	-0.226	0.821	1.0	0.9995901155158834
YIPF3	411.0	-0.06	0.1	-0.543	0.587	1.0	0.9995901155158834
YIPF4	447.0	0.2	0.1	2.07	0.0383	1.0	0.9995901155158834
YIPF5	651.0	-0.0	0.1	-0.0087	0.993	1.0	0.9995901155158834
YIPF6	490.0	0.18	0.1	1.81	0.0697	1.0	0.9995901155158834
YIPF7	1.99	1.27	0.86	1.48	0.14	1.0	0.9995901155158834
YJEFN3	0.631	-0.2	1.59	-0.126	0.899	1.0	0.9995901155158834
YJU2	159.0	0.03	0.14	0.243	0.808	1.0	0.9995901155158834
YJU2B	210.0	0.07	0.11	0.648	0.517	1.0	0.9995901155158834
YKT6	1100.0	0.09	0.12	0.731	0.465	1.0	0.9995901155158834
YLPM1	1870.0	-0.06	0.12	-0.535	0.592	1.0	0.9995901155158834
YME1L1	1880.0	0.0	0.06	0.0177	0.986	1.0	0.9995901155158834
YOD1	266.0	0.02	0.09	0.243	0.808	1.0	0.9995901155158834
YPEL1	23.8	0.03	0.28	0.0993	0.921	1.0	0.9995901155158834
YPEL2	316.0	0.07	0.09	0.765	0.444	1.0	0.9995901155158834
YPEL3	23.3	0.31	0.34	0.933	0.351	1.0	0.9995901155158834
YPEL4	1.99	0.62	0.87	0.707	0.479	1.0	0.9995901155158834
YPEL5	1020.0	0.03	0.12	0.279	0.78	1.0	0.9995901155158834
YRDC	169.0	-0.15	0.15	-0.999	0.318	1.0	0.9995901155158834
YTHDC1	976.0	-0.05	0.12	-0.382	0.703	1.0	0.9995901155158834
YTHDC2	428.0	-0.04	0.1	-0.422	0.673	1.0	0.9995901155158834
YTHDF1	985.0	0.05	0.13	0.377	0.707	1.0	0.9995901155158834
YTHDF2	629.0	0.1	0.07	1.43	0.154	1.0	0.9995901155158834
YTHDF3	788.0	0.05	0.09	0.518	0.605	1.0	0.9995901155158834
YWHAB	2430.0	-0.03	0.06	-0.498	0.618	1.0	0.9995901155158834
YWHAE	8890.0	-0.03	0.06	-0.51	0.61	1.0	0.9995901155158834
YWHAG	4740.0	0.12	0.11	1.06	0.289	1.0	0.9995901155158834
YWHAH	1490.0	-0.03	0.1	-0.27	0.787	1.0	0.9995901155158834
YWHAQ	1520.0	-0.01	0.07	-0.152	0.879	1.0	0.9995901155158834
YWHAZ	12500.0	0.0	0.08	0.0123	0.99	1.0	0.9995901155158834
YY1	438.0	-0.03	0.11	-0.254	0.799	1.0	0.9995901155158834
YY1AP1	121.0	-0.14	0.13	-1.07	0.287	1.0	0.9995901155158834
YY2	20.7	-0.06	0.28	-0.204	0.838	1.0	0.9995901155158834
ZACN	0.535	1.05	2.04	0.516	0.606	1.0	0.9995901155158834
ZADH2	182.0	0.0	0.13	0.00874	0.993	1.0	0.9995901155158834
ZAP70	2.77	-0.05	0.76	-0.0628	0.95	1.0	0.9995901155158834
ZBBX	8.28	0.12	0.42	0.294	0.768	1.0	0.9995901155158834
ZBED1	562.0	-0.04	0.08	-0.504	0.614	1.0	0.9995901155158834
ZBED3	43.8	0.01	0.18	0.077	0.939	1.0	0.9995901155158834
ZBED4	404.0	0.09	0.1	0.892	0.372	1.0	0.9995901155158834
ZBED5	291.0	0.09	0.09	0.939	0.348	1.0	0.9995901155158834
ZBED6	180.0	0.03	0.13	0.246	0.806	1.0	0.9995901155158834
ZBED8	44.2	-0.17	0.2	-0.855	0.392	1.0	0.9995901155158834
ZBED9	36.0	0.18	0.22	0.83	0.407	1.0	0.9995901155158834
ZBP1	0.565	0.69	1.59	0.438	0.661	1.0	0.9995901155158834
ZBTB1	619.0	-0.06	0.09	-0.626	0.531	1.0	0.9995901155158834
ZBTB10	384.0	0.12	0.12	1.02	0.306	1.0	0.9995901155158834
ZBTB11	278.0	-0.02	0.09	-0.253	0.8	1.0	0.9995901155158834
ZBTB12	29.6	0.09	0.26	0.346	0.729	1.0	0.9995901155158834
ZBTB14	193.0	-0.07	0.11	-0.645	0.519	1.0	0.9995901155158834
ZBTB16	43.4	0.76	0.62	1.22	0.222	1.0	0.9995901155158834
ZBTB17	235.0	0.0	0.13	0.0382	0.97	1.0	0.9995901155158834
ZBTB18	221.0	-0.07	0.11	-0.61	0.542	1.0	0.9995901155158834
ZBTB2	125.0	-0.09	0.12	-0.794	0.427	1.0	0.9995901155158834
ZBTB20	53.0	-0.21	0.18	-1.18	0.239	1.0	0.9995901155158834
ZBTB21	100.0	0.09	0.13	0.673	0.501	1.0	0.9995901155158834
ZBTB22	34.2	0.15	0.21	0.72	0.472	1.0	0.9995901155158834
ZBTB24	100.0	-0.13	0.19	-0.674	0.5	1.0	0.9995901155158834
ZBTB25	71.1	-0.14	0.15	-0.927	0.354	1.0	0.9995901155158834
ZBTB26	94.8	0.26	0.16	1.6	0.11	1.0	0.9995901155158834
ZBTB3	14.2	0.39	0.32	1.21	0.228	1.0	0.9995901155158834
ZBTB32	1.81	0.74	1.11	0.668	0.504	1.0	0.9995901155158834
ZBTB33	367.0	0.1	0.1	0.969	0.332	1.0	0.9995901155158834
ZBTB34	314.0	0.08	0.11	0.753	0.451	1.0	0.9995901155158834
ZBTB37	242.0	0.32	0.13	2.36	0.0183	1.0	0.9995901155158834
ZBTB38	207.0	-0.09	0.09	-1.01	0.312	1.0	0.9995901155158834
ZBTB39	203.0	0.11	0.11	1.04	0.296	1.0	0.9995901155158834
ZBTB4	337.0	0.14	0.09	1.56	0.119	1.0	0.9995901155158834
ZBTB40	203.0	0.01	0.13	0.061	0.951	1.0	0.9995901155158834
ZBTB41	82.3	0.17	0.15	1.12	0.265	1.0	0.9995901155158834
ZBTB42	43.8	-0.12	0.22	-0.532	0.595	1.0	0.9995901155158834
ZBTB43	199.0	0.04	0.11	0.362	0.718	1.0	0.9995901155158834
ZBTB44	224.0	0.34	0.11	3.0	0.00269	1.0	0.9995901155158834
ZBTB45	34.7	0.14	0.21	0.693	0.489	1.0	0.9995901155158834
ZBTB46	458.0	0.15	0.09	1.66	0.0964	1.0	0.9995901155158834
ZBTB47	59.1	-0.11	0.22	-0.474	0.635	1.0	0.9995901155158834
ZBTB48	59.2	-0.2	0.17	-1.18	0.236	1.0	0.9995901155158834
ZBTB49	28.0	0.32	0.22	1.46	0.145	1.0	0.9995901155158834
ZBTB5	139.0	-0.03	0.14	-0.249	0.803	1.0	0.9995901155158834
ZBTB6	147.0	0.1	0.16	0.642	0.521	1.0	0.9995901155158834
ZBTB7A	86.5	0.06	0.15	0.407	0.684	1.0	0.9995901155158834
ZBTB7B	23.4	0.02	0.26	0.0894	0.929	1.0	0.9995901155158834
ZBTB7C	0.555	2.37	1.85	1.28	0.201	1.0	0.9995901155158834
ZBTB8A	115.0	0.19	0.13	1.41	0.159	1.0	0.9995901155158834
ZBTB8B	41.9	0.33	0.2	1.67	0.0944	1.0	0.9995901155158834
ZBTB8OS	74.3	-0.1	0.13	-0.766	0.444	1.0	0.9995901155158834
ZBTB9	58.2	-0.04	0.19	-0.236	0.813	1.0	0.9995901155158834
ZC2HC1A	107.0	0.1	0.13	0.826	0.409	1.0	0.9995901155158834
ZC2HC1C	20.8	0.22	0.31	0.735	0.462	1.0	0.9995901155158834
ZC3H10	80.2	-0.09	0.14	-0.646	0.518	1.0	0.9995901155158834
ZC3H11A	1570.0	-0.01	0.08	-0.0935	0.926	1.0	0.9995901155158834
ZC3H11B	9.63	0.53	0.59	0.898	0.369	1.0	0.9995901155158834
ZC3H12A	11.5	-0.02	0.36	-0.053	0.958	1.0	0.9995901155158834
ZC3H12B	8.84	-0.37	0.44	-0.844	0.399	1.0	0.9995901155158834
ZC3H12C	184.0	0.22	0.12	1.85	0.0636	1.0	0.9995901155158834
ZC3H12D	2.11	1.25	0.83	1.5	0.134	1.0	0.9995901155158834
ZC3H13	3090.0	-0.02	0.12	-0.124	0.901	1.0	0.9995901155158834
ZC3H14	696.0	0.08	0.08	1.05	0.291	1.0	0.9995901155158834
ZC3H15	1270.0	0.01	0.09	0.15	0.881	1.0	0.9995901155158834
ZC3H18	1020.0	-0.06	0.11	-0.576	0.565	1.0	0.9995901155158834
ZC3H3	68.7	-0.06	0.18	-0.326	0.745	1.0	0.9995901155158834
ZC3H4	455.0	-0.04	0.1	-0.355	0.722	1.0	0.9995901155158834
ZC3H6	102.0	-0.0	0.17	-0.00771	0.994	1.0	0.9995901155158834
ZC3H7A	451.0	0.0	0.09	0.00204	0.998	1.0	0.9995901155158834
ZC3H7B	717.0	-0.04	0.09	-0.452	0.651	1.0	0.9995901155158834
ZC3H8	165.0	-0.15	0.11	-1.41	0.158	1.0	0.9995901155158834
ZC3HAV1	784.0	-0.07	0.06	-1.14	0.254	1.0	0.9995901155158834
ZC3HAV1L	27.1	0.23	0.24	0.954	0.34	1.0	0.9995901155158834
ZC3HC1	129.0	-0.13	0.12	-1.07	0.285	1.0	0.9995901155158834
ZC4H2	76.8	-0.19	0.13	-1.45	0.148	1.0	0.9995901155158834
ZCCHC10	281.0	0.05	0.12	0.46	0.645	1.0	0.9995901155158834
ZCCHC12	4.32	-0.34	0.64	-0.521	0.603	1.0	0.9995901155158834
ZCCHC14	389.0	0.13	0.11	1.14	0.252	1.0	0.9995901155158834
ZCCHC17	546.0	-0.07	0.1	-0.678	0.498	1.0	0.9995901155158834
ZCCHC18	9.97	-0.51	0.4	-1.29	0.198	1.0	0.9995901155158834
ZCCHC2	190.0	0.07	0.16	0.451	0.652	1.0	0.9995901155158834
ZCCHC24	281.0	-0.02	0.1	-0.185	0.853	1.0	0.9995901155158834
ZCCHC3	452.0	0.12	0.09	1.32	0.188	1.0	0.9995901155158834
ZCCHC4	91.8	0.1	0.14	0.703	0.482	1.0	0.9995901155158834
ZCCHC7	175.0	0.06	0.13	0.489	0.625	1.0	0.9995901155158834
ZCCHC8	195.0	-0.07	0.11	-0.63	0.529	1.0	0.9995901155158834
ZCCHC9	188.0	-0.2	0.11	-1.8	0.0712	1.0	0.9995901155158834
ZCRB1	641.0	-0.09	0.09	-0.984	0.325	1.0	0.9995901155158834
ZCWPW1	12.7	0.04	0.3	0.121	0.904	1.0	0.9995901155158834
ZCWPW2	13.8	0.07	0.28	0.234	0.815	1.0	0.9995901155158834
ZDBF2	304.0	-0.01	0.12	-0.0899	0.928	1.0	0.9995901155158834
ZDHHC1	7.73	0.44	0.4	1.11	0.269	1.0	0.9995901155158834
ZDHHC11	7.42	0.65	0.49	1.32	0.187	1.0	0.9995901155158834
ZDHHC11B	0.959	-0.75	1.49	-0.506	0.613	1.0	0.9995901155158834
ZDHHC12	30.5	0.13	0.24	0.519	0.604	1.0	0.9995901155158834
ZDHHC13	131.0	0.15	0.13	1.16	0.247	1.0	0.9995901155158834
ZDHHC14	143.0	0.15	0.16	0.995	0.32	1.0	0.9995901155158834
ZDHHC15	37.4	-0.19	0.29	-0.661	0.509	1.0	0.9995901155158834
ZDHHC16	199.0	-0.13	0.13	-0.972	0.331	1.0	0.9995901155158834
ZDHHC17	392.0	0.07	0.1	0.652	0.514	1.0	0.9995901155158834
ZDHHC18	252.0	0.07	0.12	0.596	0.551	1.0	0.9995901155158834
ZDHHC2	195.0	0.02	0.12	0.182	0.855	1.0	0.9995901155158834
ZDHHC20	1530.0	0.06	0.12	0.482	0.63	1.0	0.9995901155158834
ZDHHC21	195.0	0.01	0.13	0.0691	0.945	1.0	0.9995901155158834
ZDHHC22	19.3	-0.16	0.24	-0.687	0.492	1.0	0.9995901155158834
ZDHHC23	42.0	-0.17	0.22	-0.777	0.437	1.0	0.9995901155158834
ZDHHC24	117.0	0.19	0.12	1.62	0.105	1.0	0.9995901155158834
ZDHHC3	555.0	0.01	0.08	0.118	0.906	1.0	0.9995901155158834
ZDHHC4	139.0	0.26	0.12	2.15	0.0319	1.0	0.9995901155158834
ZDHHC5	683.0	0.03	0.08	0.409	0.682	1.0	0.9995901155158834
ZDHHC6	381.0	0.06	0.1	0.561	0.575	1.0	0.9995901155158834
ZDHHC7	418.0	0.15	0.08	1.84	0.0651	1.0	0.9995901155158834
ZDHHC8	84.7	-0.36	0.18	-2.05	0.04	1.0	0.9995901155158834
ZDHHC9	235.0	0.01	0.1	0.133	0.894	1.0	0.9995901155158834
ZEB1	1240.0	-0.0	0.12	-0.0235	0.981	1.0	0.9995901155158834
ZEB2	2110.0	0.04	0.1	0.36	0.719	1.0	0.9995901155158834
ZER1	105.0	-0.14	0.18	-0.769	0.442	1.0	0.9995901155158834
ZFAND1	207.0	0.07	0.18	0.365	0.715	1.0	0.9995901155158834
ZFAND2A	34.9	-0.14	0.23	-0.598	0.55	1.0	0.9995901155158834
ZFAND2B	45.3	-0.04	0.19	-0.22	0.826	1.0	0.9995901155158834
ZFAND3	528.0	0.02	0.07	0.26	0.795	1.0	0.9995901155158834
ZFAND4	36.0	-0.18	0.2	-0.88	0.379	1.0	0.9995901155158834
ZFAND5	1100.0	0.09	0.11	0.84	0.401	1.0	0.9995901155158834
ZFAND6	686.0	0.05	0.13	0.43	0.667	1.0	0.9995901155158834
ZFAT	44.3	0.29	0.2	1.48	0.139	1.0	0.9995901155158834
ZFC3H1	338.0	-0.08	0.09	-0.836	0.403	1.0	0.9995901155158834
ZFHX2	20.4	-0.16	0.3	-0.521	0.602	1.0	0.9995901155158834
ZFHX3	234.0	0.07	0.17	0.377	0.706	1.0	0.9995901155158834
ZFHX4	3.97	1.14	0.6	1.89	0.0588	1.0	0.9995901155158834
ZFP1	66.6	0.09	0.18	0.473	0.636	1.0	0.9995901155158834
ZFP14	93.8	0.2	0.14	1.43	0.152	1.0	0.9995901155158834
ZFP2	18.1	-0.13	0.28	-0.476	0.634	1.0	0.9995901155158834
ZFP28	82.6	-0.24	0.13	-1.82	0.0681	1.0	0.9995901155158834
ZFP3	42.9	0.12	0.18	0.688	0.491	1.0	0.9995901155158834
ZFP30	193.0	0.03	0.11	0.259	0.796	1.0	0.9995901155158834
ZFP36	17.9	0.07	0.33	0.2	0.841	1.0	0.9995901155158834
ZFP36L1	1260.0	0.11	0.09	1.2	0.231	1.0	0.9995901155158834
ZFP36L2	213.0	0.16	0.12	1.29	0.196	1.0	0.9995901155158834
ZFP37	38.0	0.07	0.21	0.346	0.729	1.0	0.9995901155158834
ZFP41	73.0	0.11	0.14	0.744	0.457	1.0	0.9995901155158834
ZFP42	22.7	0.26	0.31	0.852	0.394	1.0	0.9995901155158834
ZFP62	250.0	-0.06	0.12	-0.512	0.609	1.0	0.9995901155158834
ZFP64	131.0	0.02	0.16	0.116	0.908	1.0	0.9995901155158834
ZFP69	39.5	-0.11	0.23	-0.475	0.635	1.0	0.9995901155158834
ZFP69B	51.7	-0.18	0.18	-0.997	0.319	1.0	0.9995901155158834
ZFP82	166.0	0.15	0.14	1.09	0.277	1.0	0.9995901155158834
ZFP90	174.0	-0.0	0.1	-0.0238	0.981	1.0	0.9995901155158834
ZFP91	826.0	0.03	0.07	0.431	0.667	1.0	0.9995901155158834
ZFP92	10.1	-0.01	0.36	-0.0156	0.988	1.0	0.9995901155158834
ZFPL1	37.2	-0.16	0.22	-0.703	0.482	1.0	0.9995901155158834
ZFPM1	8.32	-0.97	0.52	-1.88	0.0607	1.0	0.9995901155158834
ZFPM2	179.0	-0.05	0.09	-0.605	0.545	1.0	0.9995901155158834
ZFR	1470.0	0.03	0.07	0.41	0.682	1.0	0.9995901155158834
ZFR2	1.81	-2.64	1.23	-2.15	0.0314	1.0	0.9995901155158834
ZFTA	345.0	0.02	0.09	0.269	0.788	1.0	0.9995901155158834
ZFX	462.0	0.12	0.08	1.51	0.132	1.0	0.9995901155158834
ZFYVE1	377.0	0.06	0.11	0.526	0.599	1.0	0.9995901155158834
ZFYVE16	892.0	0.0	0.11	0.0367	0.971	1.0	0.9995901155158834
ZFYVE19	86.4	0.17	0.17	1.01	0.314	1.0	0.9995901155158834
ZFYVE21	351.0	0.02	0.11	0.203	0.839	1.0	0.9995901155158834
ZFYVE26	287.0	-0.12	0.1	-1.27	0.205	1.0	0.9995901155158834
ZFYVE27	140.0	0.04	0.13	0.327	0.744	1.0	0.9995901155158834
ZFYVE28	2.81	-0.45	0.9	-0.494	0.622	1.0	0.9995901155158834
ZFYVE9	380.0	-0.01	0.1	-0.118	0.906	1.0	0.9995901155158834
ZG16	1.39	0.53	1.07	0.492	0.622	1.0	0.9995901155158834
ZGLP1	4.7	0.04	0.56	0.0787	0.937	1.0	0.9995901155158834
ZGPAT	222.0	-0.0	0.15	-0.018	0.986	1.0	0.9995901155158834
ZGRF1	77.4	0.06	0.15	0.379	0.705	1.0	0.9995901155158834
ZHX1	432.0	0.04	0.08	0.512	0.608	1.0	0.9995901155158834
ZHX1-C8orf76	1.2	1.71	1.29	1.32	0.185	1.0	0.9995901155158834
ZHX2	166.0	0.16	0.11	1.44	0.149	1.0	0.9995901155158834
ZHX3	123.0	0.08	0.12	0.652	0.514	1.0	0.9995901155158834
ZIC1	34.0	0.29	0.21	1.39	0.163	1.0	0.9995901155158834
ZIC2	6.32	-0.1	0.55	-0.176	0.86	1.0	0.9995901155158834
ZIC3	153.0	0.22	0.14	1.56	0.118	1.0	0.9995901155158834
ZIC4	14.8	0.13	0.34	0.373	0.709	1.0	0.9995901155158834
ZIC5	2.39	-0.07	0.78	-0.0958	0.924	1.0	0.9995901155158834
ZIK1	118.0	0.16	0.15	1.08	0.281	1.0	0.9995901155158834
ZKSCAN1	703.0	-0.04	0.1	-0.438	0.661	1.0	0.9995901155158834
ZKSCAN2	154.0	-0.01	0.09	-0.129	0.897	1.0	0.9995901155158834
ZKSCAN3	70.4	0.33	0.15	2.26	0.0241	1.0	0.9995901155158834
ZKSCAN4	45.7	0.11	0.22	0.49	0.624	1.0	0.9995901155158834
ZKSCAN5	176.0	0.05	0.11	0.494	0.621	1.0	0.9995901155158834
ZKSCAN7	28.0	-0.05	0.26	-0.206	0.837	1.0	0.9995901155158834
ZKSCAN8	201.0	0.02	0.15	0.123	0.902	1.0	0.9995901155158834
ZMAT1	21.6	0.32	0.33	0.961	0.336	1.0	0.9995901155158834
ZMAT2	1830.0	-0.01	0.09	-0.0924	0.926	1.0	0.9995901155158834
ZMAT3	396.0	0.13	0.1	1.33	0.185	1.0	0.9995901155158834
ZMAT4	67.4	0.03	0.15	0.218	0.827	1.0	0.9995901155158834
ZMAT5	15.8	0.04	0.31	0.141	0.888	1.0	0.9995901155158834
ZMIZ1	1040.0	0.1	0.1	1.03	0.304	1.0	0.9995901155158834
ZMIZ2	110.0	-0.02	0.14	-0.173	0.863	1.0	0.9995901155158834
ZMPSTE24	979.0	0.04	0.1	0.416	0.677	1.0	0.9995901155158834
ZMYM1	103.0	0.27	0.14	1.97	0.0491	1.0	0.9995901155158834
ZMYM2	1310.0	-0.04	0.08	-0.444	0.657	1.0	0.9995901155158834
ZMYM3	178.0	0.05	0.15	0.319	0.75	1.0	0.9995901155158834
ZMYM4	802.0	-0.07	0.06	-1.06	0.288	1.0	0.9995901155158834
ZMYM5	58.9	-0.04	0.16	-0.262	0.793	1.0	0.9995901155158834
ZMYM6	99.4	0.28	0.13	2.22	0.0267	1.0	0.9995901155158834
ZMYND11	1230.0	-0.09	0.08	-1.13	0.259	1.0	0.9995901155158834
ZMYND19	214.0	0.05	0.11	0.471	0.637	1.0	0.9995901155158834
ZMYND8	299.0	0.08	0.09	0.882	0.378	1.0	0.9995901155158834
ZNF10	44.8	0.22	0.2	1.11	0.265	1.0	0.9995901155158834
ZNF100	93.6	0.21	0.14	1.52	0.128	1.0	0.9995901155158834
ZNF101	189.0	0.18	0.09	2.05	0.04	1.0	0.9995901155158834
ZNF106	1350.0	0.07	0.08	0.931	0.352	1.0	0.9995901155158834
ZNF107	54.1	0.25	0.17	1.46	0.145	1.0	0.9995901155158834
ZNF112	99.0	-0.12	0.12	-1.02	0.306	1.0	0.9995901155158834
ZNF114	83.2	-0.01	0.14	-0.107	0.915	1.0	0.9995901155158834
ZNF117	56.1	0.09	0.4	0.219	0.827	1.0	0.9995901155158834
ZNF12	186.0	-0.07	0.11	-0.621	0.534	1.0	0.9995901155158834
ZNF121	235.0	0.03	0.1	0.355	0.722	1.0	0.9995901155158834
ZNF124	147.0	0.23	0.14	1.65	0.0997	1.0	0.9995901155158834
ZNF131	267.0	-0.06	0.1	-0.625	0.532	1.0	0.9995901155158834
ZNF132	21.2	-0.26	0.23	-1.14	0.255	1.0	0.9995901155158834
ZNF133	66.9	0.08	0.2	0.387	0.698	1.0	0.9995901155158834
ZNF134	186.0	0.21	0.11	1.96	0.0498	1.0	0.9995901155158834
ZNF135	60.5	-0.03	0.2	-0.174	0.862	1.0	0.9995901155158834
ZNF136	80.3	0.19	0.14	1.36	0.173	1.0	0.9995901155158834
ZNF138	47.2	0.09	0.2	0.438	0.661	1.0	0.9995901155158834
ZNF14	50.0	0.12	0.16	0.752	0.452	1.0	0.9995901155158834
ZNF140	158.0	-0.07	0.12	-0.579	0.563	1.0	0.9995901155158834
ZNF141	176.0	0.1	0.14	0.766	0.444	1.0	0.9995901155158834
ZNF142	117.0	0.19	0.16	1.17	0.243	1.0	0.9995901155158834
ZNF143	104.0	0.11	0.13	0.869	0.385	1.0	0.9995901155158834
ZNF146	1090.0	0.23	0.12	1.99	0.0469	1.0	0.9995901155158834
ZNF148	405.0	0.04	0.09	0.434	0.665	1.0	0.9995901155158834
ZNF154	265.0	0.02	0.1	0.184	0.854	1.0	0.9995901155158834
ZNF155	57.5	0.07	0.18	0.396	0.692	1.0	0.9995901155158834
ZNF157	2.08	0.43	0.79	0.541	0.589	1.0	0.9995901155158834
ZNF16	24.4	-0.35	0.28	-1.26	0.206	1.0	0.9995901155158834
ZNF160	237.0	-0.07	0.1	-0.769	0.442	1.0	0.9995901155158834
ZNF165	6.41	0.19	0.45	0.418	0.676	1.0	0.9995901155158834
ZNF169	6.61	0.17	0.42	0.394	0.694	1.0	0.9995901155158834
ZNF17	33.2	-0.21	0.22	-0.931	0.352	1.0	0.9995901155158834
ZNF174	39.5	-0.32	0.17	-1.87	0.0614	1.0	0.9995901155158834
ZNF175	54.1	-0.03	0.17	-0.146	0.884	1.0	0.9995901155158834
ZNF177	7.98	0.68	0.95	0.717	0.473	1.0	0.9995901155158834
ZNF18	47.3	-0.16	0.19	-0.834	0.404	1.0	0.9995901155158834
ZNF180	104.0	0.29	0.12	2.34	0.0193	1.0	0.9995901155158834
ZNF181	134.0	0.02	0.16	0.126	0.9	1.0	0.9995901155158834
ZNF182	49.8	0.12	0.17	0.723	0.47	1.0	0.9995901155158834
ZNF184	163.0	-0.05	0.12	-0.401	0.688	1.0	0.9995901155158834
ZNF185	71.2	-0.16	0.18	-0.886	0.376	1.0	0.9995901155158834
ZNF189	236.0	-0.07	0.12	-0.608	0.543	1.0	0.9995901155158834
ZNF19	11.1	0.25	0.33	0.767	0.443	1.0	0.9995901155158834
ZNF195	116.0	0.08	0.13	0.62	0.535	1.0	0.9995901155158834
ZNF197	254.0	0.26	0.83	0.318	0.75	1.0	0.9995901155158834
ZNF2	56.5	0.28	0.17	1.66	0.0973	1.0	0.9995901155158834
ZNF20	22.7	-0.45	0.31	-1.46	0.145	1.0	0.9995901155158834
ZNF200	137.0	-0.08	0.13	-0.571	0.568	1.0	0.9995901155158834
ZNF202	103.0	-0.11	0.13	-0.841	0.4	1.0	0.9995901155158834
ZNF205	52.6	-0.09	0.22	-0.386	0.699	1.0	0.9995901155158834
ZNF207	1700.0	0.05	0.09	0.545	0.586	1.0	0.9995901155158834
ZNF208	0.841	-1.14	1.53	-0.745	0.456	1.0	0.9995901155158834
ZNF211	125.0	0.03	0.12	0.25	0.803	1.0	0.9995901155158834
ZNF212	69.3	-0.17	0.19	-0.94	0.347	1.0	0.9995901155158834
ZNF213	45.5	0.03	0.23	0.121	0.904	1.0	0.9995901155158834
ZNF214	26.0	0.06	0.27	0.211	0.833	1.0	0.9995901155158834
ZNF215	39.0	0.15	0.2	0.755	0.45	1.0	0.9995901155158834
ZNF217	1110.0	0.08	0.07	1.18	0.237	1.0	0.9995901155158834
ZNF219	27.6	-0.36	0.22	-1.66	0.0979	1.0	0.9995901155158834
ZNF22	473.0	0.05	0.08	0.551	0.582	1.0	0.9995901155158834
ZNF221	34.9	-0.01	0.22	-0.0515	0.959	1.0	0.9995901155158834
ZNF222	29.7	-0.05	0.21	-0.244	0.807	1.0	0.9995901155158834
ZNF223	50.7	0.2	0.21	0.92	0.357	1.0	0.9995901155158834
ZNF224	128.0	0.03	0.15	0.232	0.816	1.0	0.9995901155158834
ZNF225	97.5	-0.06	0.13	-0.435	0.663	1.0	0.9995901155158834
ZNF226	114.0	-0.15	0.13	-1.15	0.252	1.0	0.9995901155158834
ZNF227	103.0	-0.2	0.15	-1.36	0.173	1.0	0.9995901155158834
ZNF229	182.0	-0.17	0.11	-1.61	0.106	1.0	0.9995901155158834
ZNF23	93.7	-0.12	0.16	-0.755	0.45	1.0	0.9995901155158834
ZNF230	25.6	-0.22	0.28	-0.771	0.441	1.0	0.9995901155158834
ZNF232	93.0	0.15	0.14	1.08	0.281	1.0	0.9995901155158834
ZNF233	20.6	0.02	0.31	0.0693	0.945	1.0	0.9995901155158834
ZNF234	111.0	-0.07	0.11	-0.646	0.518	1.0	0.9995901155158834
ZNF235	30.3	-0.03	0.24	-0.123	0.902	1.0	0.9995901155158834
ZNF236	83.6	0.06	0.13	0.454	0.65	1.0	0.9995901155158834
ZNF239	9.88	0.23	0.42	0.546	0.585	1.0	0.9995901155158834
ZNF24	952.0	0.07	0.07	1.01	0.314	1.0	0.9995901155158834
ZNF248	196.0	0.15	0.12	1.24	0.215	1.0	0.9995901155158834
ZNF25	63.8	-0.02	0.2	-0.0942	0.925	1.0	0.9995901155158834
ZNF250	77.1	-0.18	0.19	-0.956	0.339	1.0	0.9995901155158834
ZNF251	63.7	-0.15	0.2	-0.759	0.448	1.0	0.9995901155158834
ZNF253	127.0	0.17	0.14	1.2	0.232	1.0	0.9995901155158834
ZNF254	170.0	0.1	0.18	0.564	0.573	1.0	0.9995901155158834
ZNF256	66.0	-0.13	0.17	-0.771	0.441	1.0	0.9995901155158834
ZNF257	1.06	-2.0	1.35	-1.49	0.137	1.0	0.9995901155158834
ZNF26	121.0	0.22	0.12	1.87	0.0619	1.0	0.9995901155158834
ZNF260	389.0	-0.0	0.08	-0.0289	0.977	1.0	0.9995901155158834
ZNF263	199.0	0.03	0.1	0.29	0.772	1.0	0.9995901155158834
ZNF264	170.0	0.17	0.15	1.09	0.275	1.0	0.9995901155158834
ZNF266	157.0	0.06	0.1	0.631	0.528	1.0	0.9995901155158834
ZNF267	181.0	0.14	0.12	1.2	0.229	1.0	0.9995901155158834
ZNF268	445.0	0.04	0.09	0.514	0.607	1.0	0.9995901155158834
ZNF273	68.4	0.16	0.14	1.12	0.263	1.0	0.9995901155158834
ZNF274	127.0	0.04	0.12	0.309	0.757	1.0	0.9995901155158834
ZNF275	87.4	0.05	0.15	0.325	0.745	1.0	0.9995901155158834
ZNF276	86.0	0.05	0.15	0.305	0.76	1.0	0.9995901155158834
ZNF277	116.0	0.02	0.13	0.192	0.847	1.0	0.9995901155158834
ZNF28	244.0	0.09	0.18	0.52	0.603	1.0	0.9995901155158834
ZNF280B	33.8	0.35	0.18	1.92	0.0549	1.0	0.9995901155158834
ZNF280C	26.8	0.33	0.28	1.18	0.236	1.0	0.9995901155158834
ZNF280D	3.04	-0.97	0.66	-1.48	0.139	1.0	0.9995901155158834
ZNF281	559.0	0.02	0.08	0.231	0.818	1.0	0.9995901155158834
ZNF282	131.0	0.01	0.13	0.0994	0.921	1.0	0.9995901155158834
ZNF283	91.8	0.02	0.16	0.153	0.878	1.0	0.9995901155158834
ZNF284	46.6	0.06	0.16	0.36	0.719	1.0	0.9995901155158834
ZNF285	69.1	-0.18	0.18	-1.01	0.311	1.0	0.9995901155158834
ZNF286A	378.0	0.11	0.08	1.51	0.13	1.0	0.9995901155158834
ZNF287	70.8	-0.04	0.17	-0.224	0.823	1.0	0.9995901155158834
ZNF292	291.0	-0.07	0.1	-0.71	0.478	1.0	0.9995901155158834
ZNF3	253.0	0.02	0.1	0.228	0.819	1.0	0.9995901155158834
ZNF30	80.1	-0.1	0.15	-0.645	0.519	1.0	0.9995901155158834
ZNF300	49.2	-0.02	0.18	-0.116	0.908	1.0	0.9995901155158834
ZNF302	308.0	0.01	0.11	0.0695	0.945	1.0	0.9995901155158834
ZNF304	112.0	-0.3	0.15	-2.02	0.0437	1.0	0.9995901155158834
ZNF311	11.2	-0.26	0.36	-0.735	0.462	1.0	0.9995901155158834
ZNF316	119.0	-0.17	0.14	-1.22	0.221	1.0	0.9995901155158834
ZNF317	160.0	0.03	0.11	0.255	0.799	1.0	0.9995901155158834
ZNF318	421.0	-0.04	0.11	-0.39	0.697	1.0	0.9995901155158834
ZNF319	30.1	-0.15	0.24	-0.612	0.541	1.0	0.9995901155158834
ZNF32	120.0	-0.03	0.14	-0.192	0.848	1.0	0.9995901155158834
ZNF320	274.0	0.13	0.09	1.37	0.171	1.0	0.9995901155158834
ZNF322	521.0	0.01	0.09	0.119	0.905	1.0	0.9995901155158834
ZNF324	46.5	-0.0	0.21	-0.00359	0.997	1.0	0.9995901155158834
ZNF324B	24.5	-0.32	0.28	-1.16	0.245	1.0	0.9995901155158834
ZNF326	1200.0	0.05	0.1	0.523	0.601	1.0	0.9995901155158834
ZNF329	97.5	-0.02	0.15	-0.115	0.909	1.0	0.9995901155158834
ZNF330	564.0	0.02	0.1	0.189	0.85	1.0	0.9995901155158834
ZNF331	111.0	-0.03	0.11	-0.248	0.804	1.0	0.9995901155158834
ZNF333	74.6	0.01	0.15	0.0568	0.955	1.0	0.9995901155158834
ZNF334	73.0	0.12	0.14	0.845	0.398	1.0	0.9995901155158834
ZNF335	42.5	-0.03	0.2	-0.152	0.879	1.0	0.9995901155158834
ZNF337	163.0	-0.03	0.13	-0.204	0.839	1.0	0.9995901155158834
ZNF33A	229.0	-0.08	0.09	-0.954	0.34	1.0	0.9995901155158834
ZNF33B	162.0	-0.04	0.12	-0.304	0.761	1.0	0.9995901155158834
ZNF34	23.5	-0.05	0.28	-0.174	0.862	1.0	0.9995901155158834
ZNF341	16.7	0.06	0.33	0.189	0.85	1.0	0.9995901155158834
ZNF343	79.1	-0.04	0.18	-0.214	0.83	1.0	0.9995901155158834
ZNF345	24.0	-0.18	0.25	-0.707	0.48	1.0	0.9995901155158834
ZNF346	90.8	-0.14	0.15	-0.985	0.325	1.0	0.9995901155158834
ZNF347	236.0	0.09	0.1	0.957	0.339	1.0	0.9995901155158834
ZNF35	126.0	0.11	0.15	0.75	0.453	1.0	0.9995901155158834
ZNF350	63.7	-0.05	0.16	-0.342	0.732	1.0	0.9995901155158834
ZNF354A	84.5	0.09	0.14	0.599	0.549	1.0	0.9995901155158834
ZNF354B	74.2	-0.04	0.17	-0.254	0.799	1.0	0.9995901155158834
ZNF354C	226.0	0.22	0.12	1.83	0.0666	1.0	0.9995901155158834
ZNF358	66.8	-0.2	0.2	-0.975	0.33	1.0	0.9995901155158834
ZNF362	137.0	-0.06	0.11	-0.548	0.584	1.0	0.9995901155158834
ZNF365	6.4	-0.17	0.56	-0.299	0.765	1.0	0.9995901155158834
ZNF366	256.0	-0.04	0.12	-0.312	0.755	1.0	0.9995901155158834
ZNF367	108.0	0.06	0.19	0.308	0.758	1.0	0.9995901155158834
ZNF37A	248.0	0.06	0.15	0.409	0.683	1.0	0.9995901155158834
ZNF382	76.9	0.18	0.16	1.11	0.268	1.0	0.9995901155158834
ZNF383	89.8	0.29	0.12	2.42	0.0155	1.0	0.9995901155158834
ZNF384	106.0	0.1	0.19	0.556	0.578	1.0	0.9995901155158834
ZNF385A	9.67	-0.12	0.46	-0.253	0.801	1.0	0.9995901155158834
ZNF385C	1.74	-0.22	1.01	-0.219	0.827	1.0	0.9995901155158834
ZNF385D	17.2	-0.12	0.3	-0.416	0.678	1.0	0.9995901155158834
ZNF391	34.7	-0.21	0.21	-0.99	0.322	1.0	0.9995901155158834
ZNF394	107.0	-0.16	0.12	-1.35	0.177	1.0	0.9995901155158834
ZNF395	292.0	-0.02	0.11	-0.165	0.869	1.0	0.9995901155158834
ZNF396	14.1	-1.38	0.38	-3.6	0.000322	1.0	0.9995901155158834
ZNF397	139.0	0.15	0.13	1.09	0.275	1.0	0.9995901155158834
ZNF398	107.0	-0.18	0.13	-1.44	0.149	1.0	0.9995901155158834
ZNF404	8.68	0.48	0.46	1.04	0.299	1.0	0.9995901155158834
ZNF407	255.0	-0.05	0.16	-0.321	0.748	1.0	0.9995901155158834
ZNF408	63.5	-0.03	0.19	-0.16	0.873	1.0	0.9995901155158834
ZNF41	84.3	0.03	0.17	0.163	0.871	1.0	0.9995901155158834
ZNF410	188.0	-0.16	0.11	-1.47	0.142	1.0	0.9995901155158834
ZNF414	13.0	-0.27	0.37	-0.735	0.462	1.0	0.9995901155158834
ZNF415	40.5	0.03	0.21	0.144	0.886	1.0	0.9995901155158834
ZNF416	42.0	-0.04	0.18	-0.254	0.8	1.0	0.9995901155158834
ZNF417	143.0	0.17	0.14	1.23	0.22	1.0	0.9995901155158834
ZNF418	77.1	0.29	0.15	1.93	0.0533	1.0	0.9995901155158834
ZNF419	87.3	-0.03	0.14	-0.23	0.818	1.0	0.9995901155158834
ZNF420	111.0	0.11	0.16	0.729	0.466	1.0	0.9995901155158834
ZNF423	136.0	-0.05	0.12	-0.395	0.693	1.0	0.9995901155158834
ZNF425	30.1	0.13	0.27	0.488	0.625	1.0	0.9995901155158834
ZNF426	220.0	0.04	0.1	0.446	0.655	1.0	0.9995901155158834
ZNF428	126.0	0.1	0.14	0.719	0.472	1.0	0.9995901155158834
ZNF429	64.5	0.11	0.16	0.716	0.474	1.0	0.9995901155158834
ZNF43	88.9	0.01	0.14	0.0987	0.921	1.0	0.9995901155158834
ZNF430	48.8	-0.13	0.18	-0.688	0.491	1.0	0.9995901155158834
ZNF431	168.0	0.26	0.12	2.16	0.0306	1.0	0.9995901155158834
ZNF432	105.0	0.22	0.14	1.63	0.104	1.0	0.9995901155158834
ZNF433	29.7	0.02	0.22	0.108	0.914	1.0	0.9995901155158834
ZNF436	304.0	0.1	0.12	0.85	0.395	1.0	0.9995901155158834
ZNF438	48.6	0.01	0.17	0.0676	0.946	1.0	0.9995901155158834
ZNF439	46.5	-0.07	0.19	-0.389	0.697	1.0	0.9995901155158834
ZNF44	88.5	-0.01	0.13	-0.0923	0.926	1.0	0.9995901155158834
ZNF440	111.0	-0.0	0.11	-0.039	0.969	1.0	0.9995901155158834
ZNF441	77.8	-0.1	0.15	-0.663	0.508	1.0	0.9995901155158834
ZNF442	45.1	0.03	0.17	0.172	0.863	1.0	0.9995901155158834
ZNF443	44.8	-0.05	0.19	-0.268	0.788	1.0	0.9995901155158834
ZNF444	53.2	-0.0	0.2	-0.00917	0.993	1.0	0.9995901155158834
ZNF445	485.0	-0.03	0.1	-0.344	0.731	1.0	0.9995901155158834
ZNF446	9.97	0.34	0.44	0.772	0.44	1.0	0.9995901155158834
ZNF449	128.0	0.1	0.12	0.827	0.408	1.0	0.9995901155158834
ZNF45	193.0	0.02	0.13	0.179	0.858	1.0	0.9995901155158834
ZNF451	552.0	-0.01	0.08	-0.183	0.855	1.0	0.9995901155158834
ZNF454	21.2	-0.07	0.22	-0.303	0.762	1.0	0.9995901155158834
ZNF460	38.0	0.48	0.23	2.07	0.0385	1.0	0.9995901155158834
ZNF461	51.8	0.0	0.21	0.0144	0.989	1.0	0.9995901155158834
ZNF462	341.0	0.07	0.12	0.574	0.566	1.0	0.9995901155158834
ZNF467	111.0	-0.34	0.14	-2.5	0.0125	1.0	0.9995901155158834
ZNF468	140.0	0.1	0.11	0.901	0.368	1.0	0.9995901155158834
ZNF469	18.6	-0.08	0.42	-0.184	0.854	1.0	0.9995901155158834
ZNF470	127.0	0.11	0.12	0.937	0.349	1.0	0.9995901155158834
ZNF471	86.2	0.08	0.15	0.556	0.578	1.0	0.9995901155158834
ZNF473	98.4	0.06	0.11	0.506	0.613	1.0	0.9995901155158834
ZNF479	2.16	0.91	0.99	0.92	0.358	1.0	0.9995901155158834
ZNF48	110.0	-0.17	0.14	-1.19	0.235	1.0	0.9995901155158834
ZNF480	187.0	-0.12	0.12	-1.06	0.288	1.0	0.9995901155158834
ZNF483	206.0	0.14	0.2	0.696	0.487	1.0	0.9995901155158834
ZNF484	65.2	0.08	0.16	0.486	0.627	1.0	0.9995901155158834
ZNF485	17.1	-0.11	0.36	-0.317	0.751	1.0	0.9995901155158834
ZNF486	65.1	0.17	0.16	1.02	0.308	1.0	0.9995901155158834
ZNF487	11.6	0.24	0.35	0.682	0.495	1.0	0.9995901155158834
ZNF488	4.2	-0.41	0.7	-0.584	0.559	1.0	0.9995901155158834
ZNF490	107.0	0.16	0.14	1.11	0.267	1.0	0.9995901155158834
ZNF491	18.1	0.11	0.28	0.415	0.678	1.0	0.9995901155158834
ZNF492	1.11	1.94	1.4	1.38	0.166	1.0	0.9995901155158834
ZNF493	26.8	0.26	0.26	0.986	0.324	1.0	0.9995901155158834
ZNF496	248.0	-0.13	0.1	-1.37	0.17	1.0	0.9995901155158834
ZNF497	23.4	0.01	0.24	0.0443	0.965	1.0	0.9995901155158834
ZNF500	38.3	-0.21	0.26	-0.8	0.424	1.0	0.9995901155158834
ZNF501	37.0	-0.23	0.2	-1.15	0.251	1.0	0.9995901155158834
ZNF502	55.9	-0.0	0.21	-0.00916	0.993	1.0	0.9995901155158834
ZNF503	109.0	-0.04	0.12	-0.349	0.727	1.0	0.9995901155158834
ZNF506	102.0	0.04	0.13	0.306	0.76	1.0	0.9995901155158834
ZNF507	359.0	-0.08	0.09	-0.952	0.341	1.0	0.9995901155158834
ZNF510	107.0	-0.17	0.16	-1.09	0.275	1.0	0.9995901155158834
ZNF511	65.0	-0.16	0.18	-0.912	0.362	1.0	0.9995901155158834
ZNF512	623.0	-0.02	0.09	-0.254	0.799	1.0	0.9995901155158834
ZNF512B	344.0	0.03	0.07	0.467	0.64	1.0	0.9995901155158834
ZNF513	48.6	0.1	0.23	0.442	0.659	1.0	0.9995901155158834
ZNF514	79.5	-0.15	0.15	-1.01	0.315	1.0	0.9995901155158834
ZNF516	321.0	-0.08	0.09	-0.828	0.408	1.0	0.9995901155158834
ZNF517	27.5	0.07	0.23	0.319	0.75	1.0	0.9995901155158834
ZNF518A	268.0	0.07	0.12	0.605	0.545	1.0	0.9995901155158834
ZNF518B	375.0	0.0	0.1	0.0446	0.964	1.0	0.9995901155158834
ZNF519	17.1	-0.25	0.29	-0.864	0.388	1.0	0.9995901155158834
ZNF521	161.0	0.04	0.1	0.432	0.666	1.0	0.9995901155158834
ZNF524	7.09	0.44	0.61	0.724	0.469	1.0	0.9995901155158834
ZNF525	61.4	0.07	0.22	0.33	0.741	1.0	0.9995901155158834
ZNF526	83.3	-0.04	0.17	-0.226	0.821	1.0	0.9995901155158834
ZNF527	80.3	0.08	0.14	0.546	0.585	1.0	0.9995901155158834
ZNF528	13.1	0.08	0.33	0.246	0.806	1.0	0.9995901155158834
ZNF529	102.0	0.01	0.14	0.0407	0.967	1.0	0.9995901155158834
ZNF530	53.9	0.01	0.18	0.0323	0.974	1.0	0.9995901155158834
ZNF532	1040.0	-0.08	0.07	-1.07	0.283	1.0	0.9995901155158834
ZNF534	3.99	-0.07	0.7	-0.0989	0.921	1.0	0.9995901155158834
ZNF540	10.9	0.27	0.35	0.783	0.434	1.0	0.9995901155158834
ZNF543	42.7	0.23	0.21	1.09	0.276	1.0	0.9995901155158834
ZNF544	294.0	-0.12	0.11	-1.08	0.278	1.0	0.9995901155158834
ZNF546	28.4	0.48	0.27	1.79	0.0741	1.0	0.9995901155158834
ZNF547	19.6	-0.15	0.3	-0.498	0.618	1.0	0.9995901155158834
ZNF548	154.0	-0.01	0.13	-0.041	0.967	1.0	0.9995901155158834
ZNF549	138.0	0.13	0.13	1.02	0.309	1.0	0.9995901155158834
ZNF550	70.4	-0.03	0.18	-0.17	0.865	1.0	0.9995901155158834
ZNF551	93.7	0.09	0.12	0.738	0.46	1.0	0.9995901155158834
ZNF552	54.9	-0.32	0.23	-1.4	0.161	1.0	0.9995901155158834
ZNF554	88.4	0.06	0.17	0.328	0.743	1.0	0.9995901155158834
ZNF555	76.3	0.29	0.13	2.22	0.0266	1.0	0.9995901155158834
ZNF556	11.2	0.31	0.4	0.786	0.432	1.0	0.9995901155158834
ZNF557	68.3	0.39	0.16	2.48	0.0131	1.0	0.9995901155158834
ZNF558	63.2	-0.02	0.19	-0.129	0.897	1.0	0.9995901155158834
ZNF559	101.0	0.12	0.14	0.834	0.404	1.0	0.9995901155158834
ZNF559-ZNF177	25.8	0.48	0.6	0.804	0.421	1.0	0.9995901155158834
ZNF561	311.0	0.06	0.09	0.679	0.497	1.0	0.9995901155158834
ZNF562	341.0	-0.06	0.08	-0.683	0.495	1.0	0.9995901155158834
ZNF563	21.6	0.33	0.28	1.19	0.234	1.0	0.9995901155158834
ZNF564	122.0	0.15	0.14	1.03	0.302	1.0	0.9995901155158834
ZNF565	27.9	-0.27	0.25	-1.11	0.268	1.0	0.9995901155158834
ZNF566	70.6	-0.01	0.17	-0.0822	0.934	1.0	0.9995901155158834
ZNF567	64.7	0.11	0.14	0.784	0.433	1.0	0.9995901155158834
ZNF568	99.6	0.14	0.13	1.02	0.308	1.0	0.9995901155158834
ZNF569	80.3	-0.1	0.15	-0.659	0.51	1.0	0.9995901155158834
ZNF57	15.3	0.43	0.31	1.41	0.16	1.0	0.9995901155158834
ZNF570	120.0	-0.1	0.1	-1.01	0.311	1.0	0.9995901155158834
ZNF571	21.6	-0.32	0.32	-0.994	0.32	1.0	0.9995901155158834
ZNF572	12.4	-0.32	0.32	-0.998	0.318	1.0	0.9995901155158834
ZNF573	30.6	0.11	0.23	0.483	0.629	1.0	0.9995901155158834
ZNF574	33.8	0.14	0.21	0.672	0.501	1.0	0.9995901155158834
ZNF575	4.01	-0.03	0.58	-0.0495	0.961	1.0	0.9995901155158834
ZNF576	51.0	0.07	0.18	0.386	0.7	1.0	0.9995901155158834
ZNF577	69.1	0.1	0.17	0.606	0.545	1.0	0.9995901155158834
ZNF578	25.6	0.26	0.26	1.0	0.316	1.0	0.9995901155158834
ZNF579	6.76	-0.46	0.48	-0.946	0.344	1.0	0.9995901155158834
ZNF580	38.1	-0.03	0.2	-0.173	0.863	1.0	0.9995901155158834
ZNF581	29.7	0.42	0.25	1.69	0.0908	1.0	0.9995901155158834
ZNF582	23.3	-0.01	0.3	-0.0384	0.969	1.0	0.9995901155158834
ZNF583	109.0	0.24	0.13	1.83	0.0666	1.0	0.9995901155158834
ZNF584	33.9	-0.42	0.18	-2.29	0.0222	1.0	0.9995901155158834
ZNF585A	43.4	0.3	0.19	1.58	0.113	1.0	0.9995901155158834
ZNF585B	44.8	0.46	0.22	2.06	0.0392	1.0	0.9995901155158834
ZNF586	30.4	0.04	0.21	0.195	0.845	1.0	0.9995901155158834
ZNF587	306.0	0.19	0.1	1.8	0.0719	1.0	0.9995901155158834
ZNF587B	133.0	0.06	0.16	0.409	0.682	1.0	0.9995901155158834
ZNF589	90.6	-0.08	0.14	-0.581	0.562	1.0	0.9995901155158834
ZNF592	238.0	-0.03	0.1	-0.28	0.779	1.0	0.9995901155158834
ZNF593	39.5	-0.13	0.24	-0.541	0.589	1.0	0.9995901155158834
ZNF594	83.3	0.05	0.2	0.268	0.789	1.0	0.9995901155158834
ZNF595	24.2	-0.4	0.25	-1.62	0.105	1.0	0.9995901155158834
ZNF596	26.4	0.23	0.26	0.903	0.366	1.0	0.9995901155158834
ZNF597	51.3	0.18	0.17	1.04	0.3	1.0	0.9995901155158834
ZNF598	128.0	-0.16	0.12	-1.33	0.182	1.0	0.9995901155158834
ZNF599	11.0	0.34	0.36	0.931	0.352	1.0	0.9995901155158834
ZNF600	23.7	0.31	0.31	1.01	0.312	1.0	0.9995901155158834
ZNF605	241.0	0.04	0.1	0.397	0.691	1.0	0.9995901155158834
ZNF606	163.0	-0.2	0.12	-1.71	0.0882	1.0	0.9995901155158834
ZNF607	105.0	-0.13	0.13	-0.985	0.324	1.0	0.9995901155158834
ZNF608	1120.0	-0.04	0.11	-0.377	0.706	1.0	0.9995901155158834
ZNF609	580.0	-0.14	0.1	-1.38	0.167	1.0	0.9995901155158834
ZNF610	33.6	-0.16	0.21	-0.765	0.444	1.0	0.9995901155158834
ZNF611	80.6	-0.2	0.16	-1.26	0.206	1.0	0.9995901155158834
ZNF613	43.9	-0.28	0.17	-1.71	0.0878	1.0	0.9995901155158834
ZNF614	132.0	-0.03	0.12	-0.237	0.813	1.0	0.9995901155158834
ZNF615	69.4	0.03	0.16	0.201	0.84	1.0	0.9995901155158834
ZNF616	139.0	-0.14	0.13	-1.03	0.301	1.0	0.9995901155158834
ZNF618	360.0	-0.05	0.1	-0.511	0.609	1.0	0.9995901155158834
ZNF619	67.1	-0.13	0.16	-0.836	0.403	1.0	0.9995901155158834
ZNF620	39.9	-0.13	0.2	-0.684	0.494	1.0	0.9995901155158834
ZNF621	255.0	0.09	0.11	0.782	0.434	1.0	0.9995901155158834
ZNF622	729.0	0.0	0.07	0.0662	0.947	1.0	0.9995901155158834
ZNF623	168.0	-0.16	0.11	-1.42	0.155	1.0	0.9995901155158834
ZNF624	126.0	0.13	0.12	1.07	0.286	1.0	0.9995901155158834
ZNF625	33.5	0.08	0.24	0.352	0.725	1.0	0.9995901155158834
ZNF626	75.4	-0.12	0.23	-0.536	0.592	1.0	0.9995901155158834
ZNF627	135.0	0.01	0.14	0.0492	0.961	1.0	0.9995901155158834
ZNF628	4.03	-0.37	0.67	-0.545	0.586	1.0	0.9995901155158834
ZNF629	213.0	0.01	0.12	0.097	0.923	1.0	0.9995901155158834
ZNF630	9.26	0.11	0.39	0.275	0.783	1.0	0.9995901155158834
ZNF638	1670.0	0.02	0.09	0.259	0.795	1.0	0.9995901155158834
ZNF639	152.0	0.17	0.14	1.27	0.204	1.0	0.9995901155158834
ZNF641	153.0	0.06	0.13	0.433	0.665	1.0	0.9995901155158834
ZNF644	937.0	0.08	0.11	0.739	0.46	1.0	0.9995901155158834
ZNF646	96.7	0.11	0.19	0.573	0.567	1.0	0.9995901155158834
ZNF649	162.0	-0.11	0.13	-0.83	0.406	1.0	0.9995901155158834
ZNF652	240.0	0.09	0.09	0.97	0.332	1.0	0.9995901155158834
ZNF653	23.9	0.31	0.27	1.17	0.243	1.0	0.9995901155158834
ZNF654	191.0	0.07	0.11	0.611	0.541	1.0	0.9995901155158834
ZNF655	88.4	-0.06	0.17	-0.374	0.708	1.0	0.9995901155158834
ZNF658	82.5	-0.19	0.15	-1.28	0.202	1.0	0.9995901155158834
ZNF66	574.0	0.02	0.14	0.135	0.892	1.0	0.9995901155158834
ZNF660	106.0	-0.14	0.13	-1.03	0.304	1.0	0.9995901155158834
ZNF660-ZNF197	173.0	-0.22	0.99	-0.22	0.826	1.0	0.9995901155158834
ZNF662	2.26	-1.35	0.82	-1.65	0.0984	1.0	0.9995901155158834
ZNF664	1510.0	0.11	0.07	1.53	0.127	1.0	0.9995901155158834
ZNF664-RFLNA	8.13	-0.94	2.05	-0.461	0.645	1.0	0.9995901155158834
ZNF665	31.9	0.13	0.22	0.593	0.553	1.0	0.9995901155158834
ZNF667	66.0	0.04	0.15	0.263	0.792	1.0	0.9995901155158834
ZNF668	40.7	0.03	0.29	0.0938	0.925	1.0	0.9995901155158834
ZNF669	113.0	0.24	0.16	1.5	0.132	1.0	0.9995901155158834
ZNF670	117.0	-0.05	0.14	-0.375	0.707	1.0	0.9995901155158834
ZNF671	101.0	-0.11	0.14	-0.784	0.433	1.0	0.9995901155158834
ZNF672	103.0	0.08	0.13	0.603	0.546	1.0	0.9995901155158834
ZNF674	49.4	0.23	0.16	1.42	0.157	1.0	0.9995901155158834
ZNF675	92.6	0.24	0.18	1.39	0.164	1.0	0.9995901155158834
ZNF677	156.0	0.02	0.14	0.11	0.912	1.0	0.9995901155158834
ZNF678	196.0	0.04	0.11	0.371	0.711	1.0	0.9995901155158834
ZNF679	1.35	-1.11	1.32	-0.841	0.4	1.0	0.9995901155158834
ZNF680	59.4	0.08	0.15	0.549	0.583	1.0	0.9995901155158834
ZNF681	77.0	0.14	0.13	1.06	0.291	1.0	0.9995901155158834
ZNF682	51.6	0.18	0.16	1.15	0.252	1.0	0.9995901155158834
ZNF684	31.0	-0.27	0.21	-1.29	0.197	1.0	0.9995901155158834
ZNF687	95.9	0.03	0.16	0.203	0.839	1.0	0.9995901155158834
ZNF688	19.2	-0.43	0.25	-1.74	0.0824	1.0	0.9995901155158834
ZNF689	44.5	0.03	0.18	0.191	0.848	1.0	0.9995901155158834
ZNF69	56.3	0.04	0.18	0.224	0.823	1.0	0.9995901155158834
ZNF691	41.6	0.05	0.2	0.239	0.811	1.0	0.9995901155158834
ZNF692	8.54	-0.37	0.43	-0.855	0.392	1.0	0.9995901155158834
ZNF695	26.8	-0.17	0.31	-0.557	0.578	1.0	0.9995901155158834
ZNF696	104.0	0.05	0.14	0.375	0.707	1.0	0.9995901155158834
ZNF697	379.0	0.14	0.09	1.58	0.115	1.0	0.9995901155158834
ZNF699	66.4	0.22	0.14	1.53	0.126	1.0	0.9995901155158834
ZNF7	107.0	-0.05	0.13	-0.37	0.711	1.0	0.9995901155158834
ZNF70	85.7	0.15	0.16	0.929	0.353	1.0	0.9995901155158834
ZNF700	115.0	0.03	0.14	0.179	0.858	1.0	0.9995901155158834
ZNF701	106.0	0.01	0.13	0.0709	0.944	1.0	0.9995901155158834
ZNF703	5.18	0.64	0.62	1.04	0.3	1.0	0.9995901155158834
ZNF704	232.0	0.03	0.13	0.192	0.848	1.0	0.9995901155158834
ZNF706	168.0	-0.06	0.13	-0.467	0.641	1.0	0.9995901155158834
ZNF707	47.8	-0.02	0.16	-0.122	0.903	1.0	0.9995901155158834
ZNF708	129.0	-0.13	0.11	-1.16	0.245	1.0	0.9995901155158834
ZNF709	57.2	0.0	0.2	0.0128	0.99	1.0	0.9995901155158834
ZNF71	234.0	0.09	0.11	0.8	0.424	1.0	0.9995901155158834
ZNF710	242.0	0.01	0.15	0.0984	0.922	1.0	0.9995901155158834
ZNF711	331.0	0.0	0.09	0.0328	0.974	1.0	0.9995901155158834
ZNF713	62.1	0.13	0.16	0.799	0.424	1.0	0.9995901155158834
ZNF714	153.0	0.22	0.16	1.34	0.18	1.0	0.9995901155158834
ZNF716	1.77	1.55	1.19	1.3	0.194	1.0	0.9995901155158834
ZNF717	35.0	-0.06	0.23	-0.265	0.791	1.0	0.9995901155158834
ZNF718	45.8	-0.0	0.2	-0.0241	0.981	1.0	0.9995901155158834
ZNF720	287.0	0.02	0.11	0.143	0.886	1.0	0.9995901155158834
ZNF721	83.8	0.06	0.13	0.472	0.637	1.0	0.9995901155158834
ZNF723	0.798	-2.45	1.61	-1.52	0.128	1.0	0.9995901155158834
ZNF724	58.5	0.04	0.21	0.17	0.865	1.0	0.9995901155158834
ZNF726	31.8	0.13	0.22	0.591	0.554	1.0	0.9995901155158834
ZNF727	1.56	-0.11	1.03	-0.105	0.916	1.0	0.9995901155158834
ZNF730	7.5	-0.02	0.46	-0.0474	0.962	1.0	0.9995901155158834
ZNF732	8.52	0.22	0.42	0.51	0.61	1.0	0.9995901155158834
ZNF736	0.542	-0.07	1.5	-0.0487	0.961	1.0	0.9995901155158834
ZNF737	77.2	0.15	0.16	0.935	0.35	1.0	0.9995901155158834
ZNF738	136.0	0.01	0.15	0.0457	0.964	1.0	0.9995901155158834
ZNF74	116.0	-0.18	0.15	-1.15	0.25	1.0	0.9995901155158834
ZNF740	314.0	0.08	0.09	0.896	0.37	1.0	0.9995901155158834
ZNF746	181.0	0.19	0.11	1.77	0.0776	1.0	0.9995901155158834
ZNF747	92.2	0.22	0.16	1.38	0.167	1.0	0.9995901155158834
ZNF749	58.3	0.27	0.16	1.74	0.0826	1.0	0.9995901155158834
ZNF750	1.01	2.17	1.19	1.82	0.0683	1.0	0.9995901155158834
ZNF75A	151.0	0.12	0.11	1.11	0.267	1.0	0.9995901155158834
ZNF75D	110.0	-0.0	0.14	-0.0249	0.98	1.0	0.9995901155158834
ZNF76	87.5	0.36	0.13	2.68	0.00737	1.0	0.9995901155158834
ZNF761	235.0	-0.03	0.12	-0.28	0.779	1.0	0.9995901155158834
ZNF763	24.6	0.44	0.33	1.37	0.172	1.0	0.9995901155158834
ZNF764	26.9	0.02	0.23	0.0956	0.924	1.0	0.9995901155158834
ZNF765	78.2	-0.11	0.17	-0.691	0.489	1.0	0.9995901155158834
ZNF765-ZNF761	41.2	-0.39	0.54	-0.718	0.473	1.0	0.9995901155158834
ZNF766	172.0	0.22	0.11	2.07	0.0383	1.0	0.9995901155158834
ZNF768	121.0	-0.09	0.14	-0.643	0.52	1.0	0.9995901155158834
ZNF77	57.9	-0.02	0.15	-0.128	0.898	1.0	0.9995901155158834
ZNF770	602.0	0.12	0.11	1.14	0.256	1.0	0.9995901155158834
ZNF771	17.4	-0.31	0.25	-1.2	0.228	1.0	0.9995901155158834
ZNF772	131.0	0.2	0.11	1.79	0.0734	1.0	0.9995901155158834
ZNF773	84.4	-0.14	0.16	-0.865	0.387	1.0	0.9995901155158834
ZNF774	9.33	-0.02	0.39	-0.0515	0.959	1.0	0.9995901155158834
ZNF775	54.4	-0.08	0.18	-0.432	0.666	1.0	0.9995901155158834
ZNF776	179.0	0.17	0.12	1.42	0.154	1.0	0.9995901155158834
ZNF777	178.0	-0.2	0.11	-1.72	0.0859	1.0	0.9995901155158834
ZNF778	138.0	-0.11	0.14	-0.732	0.464	1.0	0.9995901155158834
ZNF780A	156.0	-0.02	0.15	-0.13	0.897	1.0	0.9995901155158834
ZNF780B	94.2	0.01	0.11	0.0553	0.956	1.0	0.9995901155158834
ZNF781	16.2	0.22	0.28	0.783	0.433	1.0	0.9995901155158834
ZNF782	25.6	-0.22	0.23	-0.946	0.344	1.0	0.9995901155158834
ZNF783	151.0	0.05	0.14	0.335	0.738	1.0	0.9995901155158834
ZNF784	4.93	-0.66	0.48	-1.39	0.165	1.0	0.9995901155158834
ZNF785	81.3	0.15	0.14	1.05	0.292	1.0	0.9995901155158834
ZNF786	79.9	0.01	0.17	0.033	0.974	1.0	0.9995901155158834
ZNF787	85.1	0.01	0.14	0.0634	0.949	1.0	0.9995901155158834
ZNF789	44.3	0.01	0.24	0.0516	0.959	1.0	0.9995901155158834
ZNF79	86.7	0.01	0.15	0.0884	0.93	1.0	0.9995901155158834
ZNF790	73.6	-0.2	0.14	-1.39	0.165	1.0	0.9995901155158834
ZNF791	191.0	0.04	0.1	0.385	0.7	1.0	0.9995901155158834
ZNF792	160.0	-0.1	0.12	-0.865	0.387	1.0	0.9995901155158834
ZNF793	85.2	0.1	0.15	0.686	0.493	1.0	0.9995901155158834
ZNF799	45.7	-0.04	0.2	-0.186	0.852	1.0	0.9995901155158834
ZNF8	87.3	0.28	0.14	2.02	0.0437	1.0	0.9995901155158834
ZNF80	2.93	0.17	0.61	0.286	0.775	1.0	0.9995901155158834
ZNF800	59.5	0.1	0.18	0.544	0.587	1.0	0.9995901155158834
ZNF804A	2.31	-0.25	0.97	-0.259	0.795	1.0	0.9995901155158834
ZNF805	108.0	0.11	0.14	0.742	0.458	1.0	0.9995901155158834
ZNF806	3.11	0.02	0.66	0.0318	0.975	1.0	0.9995901155158834
ZNF808	33.6	0.26	0.3	0.865	0.387	1.0	0.9995901155158834
ZNF81	75.2	0.02	0.24	0.0671	0.946	1.0	0.9995901155158834
ZNF813	355.0	0.18	0.1	1.84	0.0662	1.0	0.9995901155158834
ZNF814	104.0	0.2	0.12	1.61	0.108	1.0	0.9995901155158834
ZNF816	52.8	-0.04	0.18	-0.224	0.823	1.0	0.9995901155158834
ZNF816-ZNF321P	17.4	0.34	0.31	1.11	0.265	1.0	0.9995901155158834
ZNF821	120.0	-0.07	0.13	-0.556	0.578	1.0	0.9995901155158834
ZNF823	94.8	0.01	0.14	0.0602	0.952	1.0	0.9995901155158834
ZNF827	165.0	0.22	0.11	2.05	0.0407	1.0	0.9995901155158834
ZNF829	76.1	-0.02	0.14	-0.165	0.869	1.0	0.9995901155158834
ZNF83	113.0	-0.17	0.11	-1.46	0.145	1.0	0.9995901155158834
ZNF830	358.0	0.04	0.1	0.367	0.714	1.0	0.9995901155158834
ZNF835	15.1	-0.05	0.29	-0.174	0.862	1.0	0.9995901155158834
ZNF836	40.0	0.02	0.24	0.0818	0.935	1.0	0.9995901155158834
ZNF837	2.53	0.84	0.81	1.05	0.296	1.0	0.9995901155158834
ZNF839	72.2	-0.09	0.17	-0.507	0.612	1.0	0.9995901155158834
ZNF84	277.0	-0.04	0.1	-0.412	0.68	1.0	0.9995901155158834
ZNF841	84.3	0.03	0.16	0.193	0.847	1.0	0.9995901155158834
ZNF843	10.7	0.62	0.48	1.3	0.193	1.0	0.9995901155158834
ZNF844	76.6	0.06	0.17	0.337	0.736	1.0	0.9995901155158834
ZNF845	122.0	-0.25	0.14	-1.8	0.0714	1.0	0.9995901155158834
ZNF846	27.3	-0.21	0.28	-0.769	0.442	1.0	0.9995901155158834
ZNF85	61.6	-0.03	0.15	-0.205	0.838	1.0	0.9995901155158834
ZNF850	124.0	0.32	0.13	2.51	0.0119	1.0	0.9995901155158834
ZNF852	68.0	0.05	0.2	0.271	0.786	1.0	0.9995901155158834
ZNF853	67.9	0.19	0.19	1.01	0.311	1.0	0.9995901155158834
ZNF860	37.1	-0.01	0.22	-0.0317	0.975	1.0	0.9995901155158834
ZNF862	44.8	-0.14	0.22	-0.622	0.534	1.0	0.9995901155158834
ZNF865	9.18	-0.95	0.43	-2.18	0.0294	1.0	0.9995901155158834
ZNF875	191.0	0.02	0.1	0.198	0.843	1.0	0.9995901155158834
ZNF878	4.36	-1.05	0.59	-1.79	0.0742	1.0	0.9995901155158834
ZNF879	52.2	-0.36	0.21	-1.69	0.0903	1.0	0.9995901155158834
ZNF880	64.7	0.03	0.15	0.193	0.847	1.0	0.9995901155158834
ZNF883	29.1	-0.24	0.25	-0.95	0.342	1.0	0.9995901155158834
ZNF888	70.6	-0.09	0.17	-0.566	0.572	1.0	0.9995901155158834
ZNF891	89.7	0.18	0.18	0.969	0.333	1.0	0.9995901155158834
ZNF90	14.9	0.58	0.35	1.68	0.0926	1.0	0.9995901155158834
ZNF91	136.0	-0.02	0.13	-0.172	0.863	1.0	0.9995901155158834
ZNF92	79.7	0.29	0.16	1.75	0.0794	1.0	0.9995901155158834
ZNF93	98.7	-0.16	0.15	-1.08	0.282	1.0	0.9995901155158834
ZNF99	2.5	0.15	0.86	0.172	0.864	1.0	0.9995901155158834
ZNFX1	266.0	-0.04	0.11	-0.401	0.688	1.0	0.9995901155158834
ZNHIT1	144.0	-0.11	0.14	-0.83	0.407	1.0	0.9995901155158834
ZNHIT2	10.9	-0.3	0.52	-0.587	0.557	1.0	0.9995901155158834
ZNHIT3	178.0	-0.13	0.1	-1.31	0.189	1.0	0.9995901155158834
ZNHIT6	942.0	0.06	0.14	0.451	0.652	1.0	0.9995901155158834
ZNRD2	46.4	-0.02	0.2	-0.0861	0.931	1.0	0.9995901155158834
ZNRF1	128.0	0.18	0.11	1.64	0.1	1.0	0.9995901155158834
ZNRF2	50.8	-0.05	0.2	-0.237	0.812	1.0	0.9995901155158834
ZNRF3	69.6	0.24	0.19	1.26	0.209	1.0	0.9995901155158834
ZP2	1.5	-0.87	0.99	-0.878	0.38	1.0	0.9995901155158834
ZP3	0.724	-2.83	3.02	-0.938	0.348	1.0	0.9995901155158834
ZPBP2	0.387	-0.28	1.9	-0.147	0.883	1.0	0.9995901155158834
ZPR1	379.0	0.03	0.1	0.346	0.73	1.0	0.9995901155158834
ZRANB1	364.0	0.08	0.09	0.887	0.375	1.0	0.9995901155158834
ZRANB2	1240.0	-0.06	0.07	-0.797	0.425	1.0	0.9995901155158834
ZRANB3	34.1	0.12	0.24	0.507	0.612	1.0	0.9995901155158834
ZRSR2	328.0	0.11	0.14	0.796	0.426	1.0	0.9995901155158834
ZSCAN1	0.733	-2.38	1.38	-1.72	0.0861	1.0	0.9995901155158834
ZSCAN12	155.0	0.08	0.13	0.6	0.548	1.0	0.9995901155158834
ZSCAN16	27.4	0.32	0.22	1.48	0.138	1.0	0.9995901155158834
ZSCAN18	80.8	-0.03	0.13	-0.239	0.811	1.0	0.9995901155158834
ZSCAN2	104.0	-0.1	0.19	-0.515	0.607	1.0	0.9995901155158834
ZSCAN20	76.8	-0.09	0.17	-0.516	0.606	1.0	0.9995901155158834
ZSCAN21	42.9	-0.45	0.23	-1.93	0.0535	1.0	0.9995901155158834
ZSCAN22	24.9	-0.21	0.24	-0.871	0.384	1.0	0.9995901155158834
ZSCAN23	8.4	-0.38	0.47	-0.811	0.417	1.0	0.9995901155158834
ZSCAN25	129.0	-0.01	0.12	-0.0493	0.961	1.0	0.9995901155158834
ZSCAN26	119.0	-0.06	0.12	-0.476	0.634	1.0	0.9995901155158834
ZSCAN29	307.0	0.1	0.09	1.15	0.252	1.0	0.9995901155158834
ZSCAN30	80.8	0.01	0.14	0.0513	0.959	1.0	0.9995901155158834
ZSCAN31	13.5	-0.01	0.29	-0.0437	0.965	1.0	0.9995901155158834
ZSCAN32	74.9	-0.14	0.14	-1.0	0.318	1.0	0.9995901155158834
ZSCAN4	0.522	0.23	1.64	0.138	0.891	1.0	0.9995901155158834
ZSCAN5A	14.0	0.63	0.41	1.54	0.124	1.0	0.9995901155158834
ZSCAN9	71.2	-0.19	0.15	-1.21	0.226	1.0	0.9995901155158834
ZSWIM1	24.2	-0.24	0.25	-0.946	0.344	1.0	0.9995901155158834
ZSWIM3	17.2	0.07	0.3	0.227	0.82	1.0	0.9995901155158834
ZSWIM4	161.0	0.2	0.12	1.7	0.0899	1.0	0.9995901155158834
ZSWIM5	76.5	0.06	0.16	0.351	0.726	1.0	0.9995901155158834
ZSWIM6	218.0	0.04	0.13	0.319	0.75	1.0	0.9995901155158834
ZSWIM7	131.0	-0.08	0.12	-0.631	0.528	1.0	0.9995901155158834
ZSWIM8	246.0	-0.1	0.11	-0.864	0.387	1.0	0.9995901155158834
ZSWIM9	46.2	0.16	0.3	0.529	0.597	1.0	0.9995901155158834
ZUP1	137.0	-0.04	0.13	-0.273	0.785	1.0	0.9995901155158834
ZW10	192.0	-0.09	0.11	-0.773	0.44	1.0	0.9995901155158834
ZWILCH	286.0	0.18	0.1	1.83	0.0672	1.0	0.9995901155158834
ZWINT	311.0	-0.15	0.09	-1.56	0.12	1.0	0.9995901155158834
ZXDA	28.1	0.01	0.25	0.0505	0.96	1.0	0.9995901155158834
ZXDB	80.2	0.06	0.15	0.387	0.699	1.0	0.9995901155158834
ZXDC	218.0	-0.04	0.1	-0.406	0.685	1.0	0.9995901155158834
ZYG11A	3.4	0.55	0.73	0.759	0.448	1.0	0.9995901155158834
ZYG11B	428.0	0.1	0.09	1.05	0.294	1.0	0.9995901155158834
ZYX	501.0	-0.11	0.12	-0.909	0.364	1.0	0.9995901155158834
ZZEF1	406.0	0.01	0.11	0.133	0.894	1.0	0.9995901155158834
ZZZ3	337.0	-0.09	0.1	-0.964	0.335	1.0	0.9995901155158834
